0.832784 0.000010 0.130910 0.036296
0.379669 0.000014 0.620307 0.000010
0.607895 0.049447 0.342649 0.000010
0.000010 0.999970 0.000010 0.000010
0.442556 0.123020 0.434414 0.000010
0.445932 0.122198 0.431860 0.000010
0.684375 0.031125 0.227662 0.056838
0.000010 0.999967 0.000013 0.000010
0.876792 0.058260 0.064937 0.000010
0.342670 0.069943 0.587377 0.000010
0.537450 0.001711 0.424502 0.036338
0.524444 0.010432 0.413581 0.051544
0.531984 0.000010 0.449885 0.018121
0.746897 0.123108 0.000010 0.129985
0.813886 0.039047 0.069342 0.077724
0.508350 0.007216 0.426213 0.058221
0.509649 0.007181 0.425713 0.057457
0.999970 0.000010 0.000010 0.000010
0.722718 0.000010 0.263521 0.013751
0.999970 0.000010 0.000010 0.000010
0.000010 0.000010 0.999970 0.000010
0.000010 0.000010 0.999970 0.000010
0.000010 0.000010 0.000010 0.999970
0.000010 0.000010 0.979502 0.020478
0.000010 0.000010 0.000010 0.999970
0.000010 0.000010 0.000010 0.999970
0.000015 0.000010 0.659292 0.340683
0.126888 0.053066 0.732253 0.087792
0.000012 0.999968 0.000010 0.000010
0.268287 0.052497 0.615655 0.063561
0.673753 0.032787 0.249853 0.043606
0.341224 0.000010 0.658756 0.000010
0.317227 0.160704 0.487703 0.034365
0.102747 0.049425 0.821102 0.026727
0.000010 0.000010 0.610774 0.389206
0.000010 0.999966 0.000014 0.000010
0.104050 0.312919 0.504344 0.078687
0.153781 0.163995 0.501080 0.181144
0.041877 0.788030 0.170083 0.000010
0.277450 0.411871 0.000010 0.310670
0.342335 0.575023 0.082631 0.000010
0.000010 0.571811 0.428169 0.000010
0.463998 0.535982 0.000010 0.000010
0.000010 0.477038 0.522942 0.000010
0.000010 0.593224 0.406756 0.000010
0.000010 0.580340 0.000010 0.419640
0.073525 0.252782 0.279293 0.394400
0.361968 0.037612 0.555532 0.044889
0.000010 0.000010 0.547918 0.452062
0.138840 0.260477 0.263318 0.337365
0.000010 0.999969 0.000011 0.000010
0.000016 0.999963 0.000011 0.000010
0.281737 0.064426 0.617911 0.035926
0.758999 0.000010 0.240981 0.000010
0.000010 0.553407 0.446573 0.000010
0.000010 0.507194 0.492786 0.000010
0.000010 0.000010 0.999970 0.000010
0.000010 0.621177 0.349035 0.029778
0.821655 0.144076 0.034259 0.000010
0.323541 0.049358 0.604689 0.022412
0.658390 0.071695 0.269905 0.000010
0.085755 0.000010 0.185260 0.728975
0.415728 0.239586 0.214620 0.130066
0.000010 0.000010 0.999970 0.000010
0.267000 0.000010 0.683257 0.049733
0.000010 0.000010 0.999970 0.000010
0.000010 0.000010 0.999970 0.000010
0.000010 0.000010 0.999970 0.000010
0.182964 0.046119 0.764062 0.006855
0.320826 0.107178 0.571987 0.000010
0.000010 0.000010 0.999970 0.000010
0.432750 0.029924 0.537316 0.000010
0.247971 0.025538 0.670161 0.056329
0.000010 0.432928 0.567052 0.000010
0.553030 0.036623 0.360729 0.049618
0.000010 0.000010 0.963183 0.036797
0.000010 0.232314 0.767666 0.000010
0.000010 0.000010 0.999970 0.000010
0.139426 0.373592 0.475660 0.011321
0.398438 0.052939 0.462810 0.085812
0.185576 0.287123 0.472008 0.055294
0.000010 0.000010 0.999970 0.000010
0.757033 0.198754 0.044203 0.000010
0.132819 0.004641 0.846809 0.015731
0.000010 0.000010 0.522356 0.477624
0.213400 0.000010 0.155485 0.631105
0.412678 0.476077 0.006813 0.104432
0.000011 0.000010 0.470129 0.529849
0.015657 0.000010 0.968937 0.015395
0.761532 0.040176 0.198283 0.000010
0.032181 0.967799 0.000010 0.000010
0.791277 0.151124 0.057589 0.000010
0.697454 0.007165 0.194874 0.100507
0.999970 0.000010 0.000010 0.000010
0.000010 0.000010 0.999970 0.000010
0.307570 0.000010 0.405261 0.287159
0.000010 0.000010 0.999970 0.000010
0.722719 0.000010 0.236778 0.040494
0.000010 0.000010 0.999970 0.000010
0.000010 0.000010 0.466438 0.533542
0.000010 0.000010 0.591074 0.408906
0.119799 0.000010 0.497584 0.382607
0.000010 0.000010 0.465661 0.534319
0.300043 0.000010 0.105113 0.594834
0.789961 0.000010 0.210019 0.000010
0.000010 0.455614 0.000010 0.544366
0.342405 0.617117 0.040467 0.000010
0.000010 0.424018 0.358070 0.217901
0.108466 0.000010 0.888591 0.002933
0.800462 0.003194 0.196334 0.000010
0.999969 0.000011 0.000010 0.000010
0.208296 0.082848 0.229007 0.479849
0.156183 0.000010 0.843797 0.000010
0.616138 0.184705 0.174000 0.025157
0.326620 0.022392 0.635697 0.015291
0.000010 0.000010 0.999970 0.000010
0.104255 0.005001 0.451522 0.439221
0.695705 0.027018 0.277267 0.000010
0.000010 0.371139 0.628841 0.000010
0.687737 0.000010 0.312243 0.000010
0.787659 0.009041 0.197672 0.005628
0.303338 0.036660 0.064835 0.595167
0.307250 0.036311 0.062907 0.593531
0.735467 0.000091 0.195326 0.069115
0.497615 0.000010 0.502365 0.000010
0.596270 0.000010 0.326846 0.076875
0.738889 0.021439 0.239662 0.000010
0.000010 0.999970 0.000010 0.000010
0.000010 0.000010 0.000010 0.999970
0.000010 0.575040 0.424940 0.000010
0.000010 0.999968 0.000012 0.000010
0.000018 0.473739 0.000010 0.526233
0.000010 0.000010 0.406402 0.593578
0.000010 0.999970 0.000010 0.000010
0.000017 0.722138 0.000010 0.277835
0.000010 0.000010 0.000010 0.999970
0.149174 0.044262 0.549055 0.257509
0.000010 0.999964 0.000015 0.000010
0.000010 0.000010 0.000010 0.999970
0.000010 0.999970 0.000010 0.000010
0.000010 0.016875 0.505782 0.477333
0.000010 0.000010 0.999970 0.000010
0.809705 0.000010 0.190275 0.000010
0.000010 0.000010 0.550151 0.449829
0.000010 0.507131 0.492849 0.000010
0.000010 0.000010 0.428293 0.571687
0.182936 0.621976 0.195078 0.000010
0.272126 0.042089 0.556042 0.129743
0.750661 0.000010 0.231014 0.018316
0.000010 0.000010 0.000010 0.999970
0.550900 0.000010 0.447956 0.001134
0.000010 0.000010 0.000010 0.999970
0.652206 0.016048 0.000010 0.331736
0.000010 0.000010 0.486279 0.513701
0.522503 0.052689 0.393339 0.031469
0.000010 0.000010 0.999970 0.000010
0.439921 0.076959 0.424013 0.059108
0.760676 0.185174 0.054140 0.000010
0.000010 0.000010 0.999970 0.000010
0.266066 0.019159 0.661432 0.053343
0.276715 0.007109 0.654026 0.062150
0.000010 0.000010 0.876788 0.123192
0.020425 0.000010 0.979555 0.000010
0.361773 0.098714 0.539503 0.000010
0.054357 0.010976 0.820231 0.114437
0.035761 0.000010 0.964219 0.000010
0.252586 0.013428 0.690549 0.043437
0.362324 0.000010 0.551663 0.086004
0.999970 0.000010 0.000010 0.000010
0.000011 0.000011 0.999968 0.000010
0.000010 0.999970 0.000010 0.000010
0.296863 0.540029 0.155252 0.007856
0.000010 0.726809 0.259493 0.013688
0.527162 0.232004 0.108593 0.132241
0.482028 0.335823 0.065457 0.116691
0.520350 0.111237 0.275630 0.092783
0.168939 0.697982 0.023403 0.109676
0.271742 0.584243 0.028696 0.115320
0.557024 0.015332 0.349481 0.078163
0.484413 0.141408 0.206631 0.167548
0.126512 0.359358 0.000010 0.514120
0.689465 0.114446 0.051786 0.144303
0.696523 0.115017 0.039196 0.149264
0.640535 0.123868 0.188885 0.046713
0.397709 0.405624 0.132003 0.064664
0.699020 0.126054 0.082141 0.092785
0.000013 0.999967 0.000010 0.000010
0.839692 0.034090 0.062570 0.063648
0.000012 0.000010 0.999968 0.000010
0.010809 0.000010 0.930314 0.058867
0.000011 0.000010 0.999968 0.000010
0.000010 0.000010 0.999969 0.000010
0.655112 0.130309 0.118679 0.095900
0.999970 0.000010 0.000010 0.000010
0.834500 0.142947 0.022542 0.000010
0.889628 0.094208 0.016154 0.000010
0.869175 0.130805 0.000010 0.000010
0.523171 0.000010 0.476809 0.000010
0.878270 0.006745 0.096813 0.018172
0.030460 0.000365 0.942062 0.027112
0.042979 0.010819 0.418534 0.527668
0.018934 0.000010 0.915978 0.065078
0.428064 0.174211 0.224638 0.173087
0.287586 0.194962 0.432166 0.085285
0.480044 0.027223 0.403017 0.089715
0.434866 0.000010 0.427233 0.137891
0.563433 0.271886 0.139026 0.025656
0.177133 0.000010 0.818454 0.004403
0.443118 0.054848 0.360229 0.141805
0.631815 0.070283 0.188186 0.109716
0.250985 0.290872 0.234090 0.224053
0.249891 0.069381 0.093539 0.587188
0.487288 0.022092 0.490610 0.000010
0.375395 0.010709 0.454616 0.159280
0.330097 0.111386 0.558507 0.000010
0.177580 0.395173 0.427237 0.000010
0.000010 0.009859 0.990121 0.000010
0.290135 0.488942 0.000010 0.220913
0.000010 0.000010 0.732217 0.267763
0.159529 0.281599 0.108306 0.450566
0.999969 0.000011 0.000010 0.000010
0.000010 0.000010 0.999970 0.000010
0.520044 0.021762 0.427063 0.031130
