0.020275 0.000010 0.025983 0.844323 0.000010 0.109399
0.109536 0.000010 0.000010 0.428976 0.000010 0.461459
0.035544 0.000010 0.000010 0.610208 0.052641 0.301588
0.000010 0.000010 0.000010 0.000010 0.999950 0.000010
0.044543 0.015811 0.000010 0.452159 0.107863 0.379614
0.047845 0.030014 0.000010 0.454599 0.102988 0.364543
0.015012 0.000010 0.054134 0.734632 0.021307 0.174906
0.000010 0.000010 0.000010 0.000010 0.999950 0.000010
0.000010 0.000010 0.000010 0.891025 0.048008 0.060937
0.132002 0.029924 0.000010 0.336727 0.073337 0.428000
0.038209 0.013065 0.026777 0.559637 0.003825 0.358488
0.045905 0.000010 0.033001 0.558811 0.015099 0.347174
0.097098 0.000010 0.000011 0.577158 0.000010 0.325713
0.000010 0.089850 0.109704 0.670520 0.111169 0.018746
0.014443 0.000010 0.097667 0.839539 0.043764 0.004576
0.049282 0.000010 0.055334 0.541687 0.000010 0.353677
0.054625 0.000010 0.051856 0.544189 0.000010 0.349310
0.000010 0.000010 0.000010 0.999950 0.000010 0.000010
0.044762 0.000010 0.011539 0.737082 0.013316 0.193291
0.000010 0.000010 0.000010 0.999950 0.000010 0.000010
0.000010 0.000010 0.000010 0.000010 0.000010 0.999950
0.000010 0.000010 0.000010 0.000010 0.000010 0.999950
0.000012 0.000010 0.999948 0.000010 0.000010 0.000010
0.108490 0.000010 0.000948 0.030678 0.000010 0.859864
0.000010 0.000010 0.999950 0.000010 0.000010 0.000010
0.000010 0.000010 0.999950 0.000010 0.000010 0.000010
0.000010 0.000010 0.347277 0.000010 0.000010 0.652683
0.058824 0.000010 0.047843 0.145251 0.038718 0.709353
0.000010 0.000010 0.000010 0.000010 0.999950 0.000010
0.076070 0.000010 0.025320 0.306724 0.057450 0.534425
0.018510 0.110688 0.027239 0.649940 0.015271 0.178353
0.517195 0.006581 0.006547 0.349066 0.000010 0.120602
0.032414 0.065662 0.008259 0.269827 0.161569 0.462269
0.000010 0.000012 0.000010 0.104911 0.039222 0.855835
0.000017 0.000010 0.325134 0.000010 0.000010 0.674819
0.000010 0.000010 0.000010 0.000010 0.999950 0.000010
0.000010 0.049618 0.020074 0.105455 0.304393 0.520450
0.489731 0.000010 0.203960 0.141218 0.165070 0.000010
0.034057 0.144433 0.000010 0.000010 0.726835 0.094654
0.000010 0.106830 0.285771 0.229989 0.377390 0.000010
0.000010 0.000010 0.000010 0.356465 0.577770 0.065734
0.000010 0.000010 0.000010 0.000010 0.559419 0.440541
0.000010 0.000010 0.000010 0.461172 0.538788 0.000010
0.511972 0.000010 0.000010 0.000010 0.487988 0.000010
0.000010 0.000011 0.000010 0.000010 0.583730 0.416229
0.000014 0.000010 0.408147 0.000019 0.591801 0.000010
0.038282 0.000010 0.390562 0.078893 0.248860 0.243393
0.000010 0.000010 0.000010 0.383720 0.037486 0.578764
0.021118 0.000010 0.448460 0.000013 0.000010 0.530389
0.015341 0.000010 0.337983 0.166880 0.261847 0.217939
0.000010 0.000010 0.000010 0.000010 0.999950 0.000010
0.000010 0.000010 0.000010 0.000012 0.999948 0.000010
0.074726 0.000010 0.021545 0.323575 0.060624 0.519519
0.026672 0.000010 0.000010 0.794188 0.000010 0.179110
0.000010 0.000010 0.000010 0.000010 0.521763 0.478197
0.000010 0.000010 0.000010 0.000010 0.527171 0.472789
0.999950 0.000010 0.000010 0.000010 0.000010 0.000010
0.036207 0.000010 0.000010 0.000010 0.646677 0.317086
0.000010 0.077398 0.000010 0.777191 0.124635 0.020756
0.057687 0.000010 0.000010 0.337592 0.048005 0.556695
0.030071 0.000010 0.000010 0.664585 0.059697 0.245627
0.000010 0.000010 0.702670 0.108607 0.000010 0.188693
0.000010 0.418512 0.102097 0.124322 0.214337 0.140722
0.088814 0.000010 0.000010 0.000010 0.000010 0.911146
0.142513 0.000010 0.032345 0.273087 0.000010 0.552035
0.000010 0.000010 0.000010 0.000010 0.000010 0.999950
0.999945 0.000015 0.000010 0.000010 0.000010 0.000010
0.999948 0.000012 0.000010 0.000010 0.000010 0.000010
0.000010 0.000010 0.000010 0.163296 0.044078 0.792596
0.520926 0.012438 0.055981 0.331825 0.076440 0.002390
0.017818 0.000010 0.000010 0.000010 0.000010 0.982142
0.544667 0.000010 0.000010 0.455290 0.000013 0.000010
0.000010 0.000010 0.003791 0.279784 0.032198 0.684208
0.000012 0.014141 0.000010 0.000010 0.392991 0.592836
0.004907 0.000010 0.024159 0.584747 0.032408 0.353768
0.000010 0.000014 0.000010 0.000010 0.000010 0.999946
0.443190 0.000010 0.000010 0.000010 0.241879 0.314901
0.000010 0.000010 0.000010 0.000010 0.000010 0.999950
0.215568 0.000010 0.022286 0.179428 0.343537 0.239172
0.108191 0.000010 0.091849 0.428192 0.037892 0.333867
0.024435 0.000010 0.024117 0.195108 0.289943 0.466387
0.000010 0.000010 0.000016 0.000010 0.000010 0.999944
0.000010 0.000010 0.000010 0.751781 0.178935 0.069254
0.600121 0.000010 0.029019 0.143061 0.002094 0.225695
0.000010 0.000010 0.445582 0.000010 0.000010 0.554378
0.000010 0.057702 0.587611 0.195536 0.000010 0.159131
0.000010 0.298890 0.057846 0.194119 0.449125 0.000010
0.000010 0.000010 0.494445 0.000010 0.000010 0.505515
0.118871 0.005722 0.000011 0.017647 0.000010 0.857740
0.035119 0.019130 0.000010 0.703545 0.064282 0.177914
0.000010 0.000010 0.000010 0.039374 0.960586 0.000010
0.000010 0.035078 0.000010 0.766514 0.133946 0.064442
0.000010 0.024568 0.090611 0.728118 0.000010 0.156683
0.000011 0.000010 0.000010 0.999949 0.000010 0.000010
0.956339 0.000010 0.000010 0.000010 0.000010 0.043621
0.039363 0.028240 0.264420 0.257976 0.000010 0.409990
0.999950 0.000010 0.000010 0.000010 0.000010 0.000010
0.013423 0.043080 0.013717 0.732546 0.000010 0.197225
0.202606 0.000010 0.000010 0.000010 0.000010 0.797354
0.000010 0.000012 0.464792 0.000010 0.000010 0.535166
0.558710 0.000010 0.441250 0.000010 0.000010 0.000010
0.417154 0.000010 0.441349 0.123565 0.000010 0.017912
0.000010 0.000013 0.499254 0.000010 0.000010 0.500703
0.000010 0.000010 0.567843 0.297589 0.000010 0.134538
0.071280 0.010410 0.000010 0.764831 0.000010 0.153459
0.000010 0.000010 0.544470 0.000010 0.455490 0.000010
0.008979 0.000010 0.000010 0.397163 0.593828 0.000010
0.000010 0.008377 0.165906 0.000010 0.406590 0.419107
0.030122 0.011825 0.000010 0.107633 0.000010 0.850400
0.000010 0.000010 0.000010 0.808269 0.000010 0.191691
0.000011 0.000010 0.000015 0.999944 0.000010 0.000010
0.021595 0.029575 0.445010 0.200730 0.062828 0.240262
0.011321 0.035686 0.000010 0.123387 0.000010 0.829587
0.070215 0.000010 0.047952 0.638009 0.166675 0.077139
0.010410 0.000010 0.000010 0.353749 0.010699 0.625121
0.468678 0.000010 0.000010 0.000010 0.000010 0.531282
0.100141 0.000010 0.441319 0.122732 0.000010 0.335788
0.043483 0.000010 0.000010 0.748405 0.014222 0.193870
0.000010 0.000010 0.000010 0.000010 0.394870 0.605090
0.000011 0.047171 0.000010 0.654051 0.000010 0.298748
0.036319 0.000010 0.000010 0.813766 0.020913 0.128981
0.011115 0.000010 0.600380 0.337097 0.046087 0.005311
0.019940 0.000010 0.596063 0.338429 0.045548 0.000010
0.015191 0.067777 0.079508 0.710146 0.004205 0.123173
0.078509 0.000010 0.000010 0.497518 0.000010 0.423943
0.073024 0.000010 0.057911 0.616600 0.000010 0.252445
0.031809 0.023746 0.000010 0.672226 0.044841 0.227368
0.000010 0.000010 0.000010 0.000010 0.999950 0.000010
0.000011 0.000010 0.999949 0.000010 0.000010 0.000010
0.000010 0.000010 0.000010 0.000010 0.557640 0.442320
0.000010 0.000010 0.000010 0.000010 0.999950 0.000010
0.000010 0.000010 0.499227 0.000010 0.500733 0.000010
0.000010 0.000010 0.585145 0.000010 0.000010 0.414815
0.000010 0.000010 0.000010 0.000010 0.999950 0.000010
0.000010 0.000010 0.286875 0.000010 0.713085 0.000010
0.000018 0.000010 0.999942 0.000010 0.000010 0.000010
0.027806 0.000010 0.226361 0.180124 0.036008 0.529690
0.000010 0.000010 0.000010 0.000010 0.999950 0.000010
0.000012 0.000010 0.999948 0.000010 0.000010 0.000010
0.000010 0.000010 0.000010 0.000010 0.999950 0.000010
0.000010 0.000010 0.478967 0.000010 0.000010 0.520993
0.999950 0.000010 0.000010 0.000010 0.000010 0.000010
0.033299 0.037501 0.000010 0.791035 0.000010 0.138145
0.000010 0.000010 0.402289 0.000010 0.000010 0.597671
0.000010 0.000010 0.000010 0.000010 0.498544 0.501416
0.000010 0.000010 0.528129 0.000010 0.000010 0.471831
0.006496 0.000010 0.000010 0.249826 0.597683 0.145974
0.000010 0.000010 0.056415 0.277267 0.035791 0.630507
0.000010 0.000010 0.000011 0.752933 0.000010 0.247026
0.000012 0.000010 0.999946 0.000012 0.000010 0.000010
0.000010 0.000010 0.000010 0.546196 0.000010 0.453764
0.000010 0.000010 0.999950 0.000010 0.000010 0.000010
0.000010 0.000011 0.330517 0.669442 0.000010 0.000010
0.000010 0.000010 0.487276 0.000010 0.000010 0.512684
0.041690 0.095305 0.013031 0.478947 0.042078 0.328950
0.068452 0.047431 0.000010 0.000010 0.000010 0.884086
0.079957 0.177336 0.015555 0.369169 0.055876 0.302108
0.000010 0.029406 0.000010 0.756004 0.163076 0.051495
0.000010 0.000010 0.000010 0.000010 0.000010 0.999950
0.126684 0.028599 0.032591 0.261689 0.012801 0.537637
0.125901 0.014196 0.041532 0.264015 0.015894 0.538462
0.000010 0.000011 0.109347 0.000010 0.000010 0.890612
0.141693 0.000010 0.000010 0.012938 0.000010 0.845339
0.000010 0.000010 0.000010 0.382100 0.076544 0.541326
0.000010 0.088998 0.075522 0.000010 0.000010 0.835450
0.031456 0.017591 0.000010 0.000010 0.000010 0.950923
0.354577 0.000557 0.050415 0.290854 0.001870 0.301726
0.069433 0.006467 0.088307 0.374001 0.020756 0.441036
0.000010 0.000010 0.000010 0.999950 0.000010 0.000010
0.999950 0.000010 0.000010 0.000010 0.000010 0.000010
0.000013 0.170558 0.000010 0.000010 0.829399 0.000010
0.031397 0.532693 0.000010 0.075848 0.353701 0.006351
0.173235 0.315299 0.000011 0.000010 0.511435 0.000010
0.000010 0.999944 0.000010 0.000010 0.000016 0.000010
0.000010 0.860694 0.000011 0.000010 0.139265 0.000010
0.037206 0.836510 0.000010 0.024164 0.000010 0.102100
0.000012 0.570608 0.000010 0.000010 0.429350 0.000010
0.000010 0.692099 0.000010 0.000012 0.307859 0.000010
0.043829 0.522394 0.000010 0.242190 0.000010 0.191566
0.017502 0.982453 0.000012 0.000014 0.000010 0.000010
0.000010 0.452425 0.351729 0.000010 0.195816 0.000010
0.000010 0.999950 0.000010 0.000010 0.000010 0.000010
0.000010 0.999950 0.000010 0.000010 0.000010 0.000010
0.003286 0.895823 0.000010 0.100861 0.000010 0.000010
0.000010 0.856372 0.000010 0.000010 0.143588 0.000010
0.000020 0.953138 0.000011 0.046811 0.000010 0.000010
0.000010 0.198121 0.000010 0.000010 0.801839 0.000010
0.000011 0.449026 0.000017 0.550926 0.000010 0.000010
0.999950 0.000010 0.000010 0.000010 0.000010 0.000010
0.088791 0.323008 0.000010 0.000010 0.000010 0.588171
0.999950 0.000010 0.000010 0.000010 0.000010 0.000010
0.999950 0.000010 0.000010 0.000010 0.000010 0.000010
0.000011 0.573505 0.000010 0.336387 0.035261 0.054826
0.000010 0.319276 0.000010 0.680684 0.000010 0.000010
0.000011 0.565547 0.000010 0.415673 0.018749 0.000010
0.000010 0.490792 0.000010 0.509168 0.000011 0.000010
0.000010 0.515370 0.000010 0.468815 0.015785 0.000010
0.067963 0.438227 0.000010 0.251596 0.000010 0.242194
0.011085 0.479203 0.000010 0.509683 0.000010 0.000010
0.151346 0.337054 0.000010 0.000010 0.000010 0.511570
0.069399 0.407396 0.348097 0.000010 0.000010 0.175089
0.123386 0.329753 0.000013 0.000010 0.000010 0.546828
0.000010 0.954169 0.000013 0.000010 0.000010 0.045788
0.054664 0.504582 0.018097 0.093004 0.085683 0.243969
0.034117 0.502745 0.000010 0.161873 0.000010 0.301246
0.073841 0.422518 0.054094 0.200684 0.000010 0.248853
0.015790 0.533066 0.000010 0.304794 0.110238 0.036101
0.547171 0.369471 0.000010 0.000014 0.000010 0.083324
0.075269 0.578841 0.042805 0.134268 0.000010 0.168807
0.000010 0.612265 0.021790 0.254454 0.000010 0.111471
0.000010 0.708721 0.088058 0.000010 0.093937 0.109265
0.000010 0.602420 0.371227 0.000010 0.000010 0.026323
0.097728 0.522319 0.000010 0.198752 0.000010 0.181180
0.004163 0.584334 0.045698 0.061303 0.000010 0.304492
0.426425 0.485971 0.000010 0.087574 0.000010 0.000010
0.213057 0.514219 0.000010 0.000010 0.226759 0.045945
0.000010 0.273660 0.000010 0.000010 0.000010 0.726300
0.000010 0.718663 0.036389 0.000010 0.244918 0.000010
0.000010 0.319726 0.104632 0.000010 0.000010 0.575612
0.003103 0.551080 0.259415 0.000010 0.151420 0.034972
0.000010 0.212621 0.000010 0.787339 0.000010 0.000010
0.449701 0.246914 0.000010 0.000011 0.000010 0.303354
0.063664 0.504973 0.000010 0.235976 0.000010 0.195368
