0.133827 0.000010 0.000010 0.000010 0.118305 0.000018 0.000010 0.000010 0.747791 0.000010
0.000010 0.323001 0.000010 0.000010 0.000013 0.000010 0.000010 0.110029 0.566897 0.000010
0.218968 0.218333 0.037393 0.000010 0.033790 0.000010 0.000010 0.019078 0.472397 0.000010
0.000010 0.000010 0.999910 0.000010 0.000010 0.000010 0.000010 0.000010 0.000010 0.000010
0.491242 0.428943 0.034784 0.000010 0.000010 0.022866 0.000010 0.022114 0.000010 0.000010
0.496789 0.412969 0.029504 0.000010 0.000010 0.034704 0.000010 0.025985 0.000010 0.000010
0.128152 0.000010 0.000010 0.000010 0.674593 0.000010 0.000010 0.000010 0.197186 0.000010
0.000010 0.000010 0.999903 0.000010 0.000010 0.000017 0.000010 0.000010 0.000010 0.000010
0.921397 0.078523 0.000010 0.000010 0.000010 0.000010 0.000010 0.000010 0.000010 0.000010
0.154844 0.320692 0.062966 0.000010 0.098430 0.013124 0.038737 0.116344 0.141019 0.053834
0.000013 0.000014 0.000010 0.000010 0.999903 0.000011 0.000010 0.000010 0.000010 0.000010
0.000010 0.000010 0.000010 0.000010 0.999910 0.000010 0.000010 0.000010 0.000010 0.000010
0.000010 0.053009 0.000010 0.000010 0.000010 0.000010 0.000010 0.117146 0.824771 0.005015
0.694440 0.000010 0.071453 0.086868 0.050875 0.000010 0.045277 0.000010 0.000010 0.051047
0.361108 0.000010 0.017839 0.020029 0.395752 0.000010 0.000010 0.000010 0.205222 0.000010
0.000010 0.000010 0.000010 0.000010 0.999910 0.000010 0.000010 0.000010 0.000010 0.000010
0.000010 0.000010 0.000010 0.000010 0.999910 0.000010 0.000010 0.000010 0.000010 0.000010
0.999904 0.000016 0.000010 0.000010 0.000010 0.000010 0.000010 0.000010 0.000010 0.000010
0.269260 0.118285 0.000010 0.000010 0.152649 0.000012 0.000010 0.023879 0.435875 0.000010
0.308882 0.000010 0.000010 0.000010 0.249929 0.000010 0.000010 0.000010 0.441119 0.000010
0.000010 0.167603 0.000010 0.000010 0.000010 0.000010 0.000010 0.030571 0.000010 0.801756
0.000010 0.999910 0.000010 0.000010 0.000010 0.000010 0.000010 0.000010 0.000010 0.000010
0.000010 0.000014 0.000010 0.999900 0.000010 0.000014 0.000010 0.000012 0.000010 0.000010
0.000010 0.789227 0.000010 0.000010 0.059496 0.000010 0.036081 0.101902 0.000010 0.013243
0.000010 0.000010 0.000010 0.999910 0.000010 0.000010 0.000010 0.000010 0.000010 0.000010
0.000010 0.000010 0.000010 0.999910 0.000010 0.000010 0.000010 0.000010 0.000010 0.000010
0.000010 0.678400 0.000010 0.321514 0.000010 0.000016 0.000010 0.000010 0.000010 0.000010
0.102442 0.621059 0.028329 0.028788 0.036506 0.000010 0.000010 0.066696 0.023636 0.092524
0.000010 0.000010 0.999910 0.000010 0.000010 0.000010 0.000010 0.000010 0.000010 0.000010
0.292631 0.453279 0.026806 0.015211 0.025324 0.000016 0.000010 0.088548 0.018389 0.079786
0.055328 0.000010 0.000010 0.000010 0.636136 0.083944 0.000010 0.000010 0.224531 0.000010
0.000010 0.000010 0.000010 0.000010 0.300162 0.000010 0.039308 0.495339 0.165130 0.000010
0.000010 0.409419 0.170522 0.000010 0.020417 0.000010 0.101622 0.000010 0.297971 0.000010
0.122206 0.484881 0.000010 0.000010 0.000010 0.000010 0.000010 0.000010 0.000010 0.392843
0.000010 0.719912 0.000010 0.280008 0.000010 0.000010 0.000010 0.000010 0.000010 0.000010
0.000010 0.000010 0.999910 0.000010 0.000010 0.000010 0.000010 0.000010 0.000010 0.000010
0.102227 0.487347 0.283096 0.000010 0.000010 0.070744 0.000010 0.000010 0.000010 0.056536
0.009750 0.000010 0.172808 0.194995 0.000011 0.000010 0.000010 0.496310 0.126087 0.000010
0.038096 0.059087 0.735878 0.000010 0.000010 0.000743 0.166146 0.000010 0.000010 0.000010
0.122659 0.000010 0.368807 0.281101 0.000010 0.097182 0.000010 0.000010 0.130200 0.000010
0.278250 0.069030 0.560317 0.000010 0.023444 0.000010 0.000010 0.000010 0.068908 0.000010
0.000010 0.000010 0.560431 0.000010 0.000010 0.000010 0.000010 0.000010 0.000010 0.439489
0.000010 0.000010 0.555028 0.000010 0.000010 0.000010 0.000010 0.000010 0.444892 0.000010
0.000010 0.000010 0.478926 0.000010 0.000010 0.000010 0.000010 0.520994 0.000010 0.000010
0.000010 0.422670 0.577250 0.000010 0.000010 0.000010 0.000010 0.000010 0.000010 0.000010
0.000010 0.000010 0.591436 0.408484 0.000010 0.000010 0.000010 0.000010 0.000010 0.000010
0.000010 0.030851 0.237956 0.378791 0.000010 0.000010 0.000010 0.045368 0.157038 0.149956
0.371241 0.517384 0.000010 0.000010 0.036404 0.000010 0.000010 0.000010 0.000010 0.074911
0.000010 0.531128 0.000010 0.419385 0.037746 0.000010 0.000010 0.011681 0.000010 0.000010
0.099870 0.233468 0.254048 0.316836 0.044548 0.000010 0.000010 0.014054 0.037145 0.000010
0.000010 0.000010 0.999910 0.000010 0.000010 0.000010 0.000010 0.000010 0.000010 0.000010
0.000010 0.000010 0.999910 0.000010 0.000010 0.000010 0.000010 0.000010 0.000010 0.000010
0.186522 0.496405 0.043373 0.000010 0.139164 0.000010 0.000010 0.071285 0.063211 0.000010
0.000010 0.000017 0.000010 0.000010 0.000010 0.000010 0.000010 0.000010 0.999903 0.000010
0.000010 0.000010 0.521724 0.000010 0.000010 0.000010 0.000010 0.000010 0.000010 0.478196
0.000010 0.480165 0.519745 0.000010 0.000010 0.000019 0.000010 0.000010 0.000010 0.000010
0.000010 0.000010 0.000010 0.000010 0.000010 0.000010 0.000010 0.999910 0.000010 0.000010
0.000010 0.325062 0.641462 0.000010 0.000010 0.000010 0.000010 0.033405 0.000010 0.000010
0.700615 0.000010 0.082743 0.000010 0.158338 0.041112 0.000010 0.000010 0.017142 0.000010
0.300977 0.492923 0.015111 0.000010 0.078818 0.000010 0.006768 0.053372 0.000010 0.052001
0.467082 0.149516 0.023451 0.000010 0.004180 0.000010 0.000010 0.032688 0.251059 0.071994
0.000010 0.096340 0.000010 0.688837 0.000010 0.000011 0.000010 0.000010 0.208199 0.006562
0.000010 0.115781 0.142944 0.023975 0.000010 0.551909 0.000010 0.000010 0.128079 0.037271
0.000010 0.943986 0.000010 0.000010 0.000010 0.000010 0.000010 0.055934 0.000010 0.000010
0.000010 0.372939 0.000010 0.000010 0.000010 0.000010 0.000010 0.145556 0.389642 0.091803
0.000010 0.999908 0.000010 0.000010 0.000010 0.000010 0.000010 0.000011 0.000010 0.000010
0.000010 0.000010 0.000010 0.000010 0.000013 0.000010 0.000010 0.999907 0.000010 0.000010
0.000010 0.000010 0.000010 0.000010 0.000010 0.000010 0.000010 0.999910 0.000010 0.000010
0.088638 0.000010 0.000010 0.000010 0.000010 0.000010 0.000010 0.015360 0.104645 0.791296
0.341067 0.000010 0.044480 0.052852 0.000010 0.021808 0.000010 0.539744 0.000010 0.000010
0.000010 0.681930 0.000010 0.000010 0.000010 0.000010 0.000010 0.015371 0.000010 0.302629
0.442889 0.000010 0.000010 0.000010 0.000010 0.000010 0.000010 0.557031 0.000010 0.000010
0.254980 0.717182 0.000010 0.000010 0.027767 0.000010 0.000010 0.000010 0.000011 0.000010
0.000010 0.000010 0.399974 0.000010 0.000010 0.000010 0.000010 0.000010 0.000010 0.599946
0.607785 0.392127 0.000010 0.000010 0.000010 0.000010 0.000010 0.000017 0.000010 0.000010
0.000010 0.696212 0.000010 0.000011 0.000010 0.000010 0.051553 0.000010 0.000010 0.252164
0.000010 0.114182 0.224772 0.000010 0.000010 0.000010 0.046731 0.439420 0.031158 0.143696
0.000010 0.506269 0.000010 0.000010 0.000010 0.000010 0.000010 0.000010 0.000010 0.493651
0.151212 0.234606 0.328897 0.014376 0.011792 0.003163 0.000010 0.226792 0.029141 0.000010
0.051302 0.262595 0.031684 0.066211 0.155485 0.000010 0.000010 0.089021 0.343672 0.000010
0.000011 0.077275 0.289667 0.007413 0.027228 0.000010 0.000010 0.050871 0.229890 0.317625
0.000011 0.000010 0.000010 0.000010 0.000010 0.000011 0.000010 0.000016 0.000010 0.999903
0.706558 0.037838 0.129438 0.000014 0.126102 0.000010 0.000010 0.000010 0.000010 0.000010
0.000010 0.201734 0.000010 0.000010 0.043368 0.000010 0.000010 0.613414 0.141424 0.000010
0.000010 0.000010 0.000010 0.472824 0.000010 0.000010 0.000010 0.000010 0.000010 0.527096
0.080920 0.091835 0.000010 0.579946 0.051015 0.000010 0.061095 0.000010 0.099325 0.035834
0.148278 0.010365 0.412446 0.045333 0.000010 0.383528 0.000010 0.000010 0.000010 0.000010
0.000010 0.508320 0.000010 0.469363 0.000010 0.000010 0.022247 0.000010 0.000010 0.000010
0.000012 0.870233 0.000010 0.000010 0.000010 0.000010 0.070859 0.058836 0.000010 0.000010
0.523203 0.144759 0.034444 0.000010 0.149654 0.000011 0.046781 0.020979 0.080147 0.000010
0.039185 0.000010 0.960733 0.000010 0.000010 0.000012 0.000010 0.000010 0.000010 0.000010
0.725576 0.062532 0.076475 0.000010 0.135357 0.000010 0.000010 0.000010 0.000010 0.000010
0.013990 0.000010 0.000010 0.000010 0.853579 0.000010 0.000010 0.000010 0.132361 0.000010
0.999897 0.000014 0.000010 0.000015 0.000010 0.000010 0.000010 0.000014 0.000010 0.000010
0.000010 0.000010 0.000010 0.000010 0.000010 0.000010 0.000010 0.999910 0.000010 0.000010
0.000010 0.369775 0.000010 0.235462 0.093052 0.000010 0.071818 0.000010 0.229844 0.000010
0.000010 0.000010 0.000010 0.000010 0.000012 0.000010 0.000010 0.999908 0.000010 0.000010
0.000013 0.000010 0.000010 0.000010 0.661351 0.000010 0.000010 0.000010 0.338565 0.000010
0.000013 0.787880 0.000010 0.000014 0.000011 0.000010 0.035579 0.176463 0.000010 0.000010
0.000010 0.000010 0.000010 0.457545 0.000010 0.000015 0.000010 0.000010 0.000010 0.542370
0.000010 0.000010 0.000010 0.427935 0.000010 0.000010 0.000010 0.571985 0.000010 0.000010
0.072798 0.029900 0.000010 0.422252 0.000010 0.000010 0.000010 0.430044 0.044956 0.000010
0.000010 0.000010 0.000010 0.524466 0.000010 0.000010 0.000010 0.000010 0.000010 0.475454
0.086821 0.084187 0.000010 0.555104 0.087948 0.001977 0.000010 0.000010 0.178727 0.005206
0.000010 0.000010 0.000010 0.000010 0.000010 0.000010 0.000010 0.000010 0.999910 0.000010
0.000010 0.000010 0.456033 0.543887 0.000010 0.000010 0.000010 0.000010 0.000010 0.000010
0.425176 0.002500 0.553332 0.000010 0.000010 0.000010 0.018932 0.000010 0.000010 0.000010
0.000010 0.192037 0.392856 0.159011 0.000010 0.000010 0.071163 0.000010 0.000010 0.184883
0.000010 0.171393 0.000010 0.000010 0.000011 0.000010 0.000010 0.069392 0.166338 0.592817
0.491145 0.153989 0.000010 0.000010 0.017731 0.000010 0.000010 0.000010 0.337074 0.000010
0.643205 0.000010 0.000010 0.000010 0.000010 0.000010 0.000010 0.000010 0.356715 0.000010
0.223645 0.233051 0.039683 0.434543 0.000010 0.000010 0.060799 0.004788 0.000010 0.003462
0.000010 0.003479 0.000010 0.000010 0.000013 0.000010 0.000010 0.047220 0.204910 0.744328
0.453132 0.064559 0.135308 0.027574 0.195425 0.003688 0.000010 0.057649 0.062645 0.000010
0.078841 0.490558 0.001409 0.000010 0.166779 0.000010 0.000010 0.000686 0.198552 0.063144
0.000010 0.535208 0.000010 0.000013 0.000014 0.000010 0.000010 0.464704 0.000010 0.000010
0.000011 0.197825 0.000018 0.412977 0.000010 0.000010 0.000010 0.110213 0.217042 0.061885
0.370789 0.099736 0.000010 0.000010 0.000010 0.000010 0.000010 0.045950 0.483466 0.000010
0.000010 0.000010 0.377866 0.000010 0.000010 0.000010 0.000010 0.000010 0.000010 0.622054
0.653762 0.281716 0.000010 0.000010 0.000010 0.000010 0.049470 0.000010 0.000010 0.014992
0.270194 0.033042 0.002759 0.000010 0.064940 0.000010 0.000010 0.026321 0.602704 0.000010
0.275142 0.052231 0.022448 0.566128 0.084001 0.000010 0.000010 0.000010 0.000010 0.000010
0.284272 0.046987 0.019083 0.566259 0.083349 0.000010 0.000010 0.000010 0.000010 0.000010
0.135809 0.000010 0.000010 0.005298 0.580682 0.052322 0.000010 0.000010 0.225839 0.000010
0.109792 0.338209 0.000010 0.000010 0.192325 0.000010 0.001972 0.051256 0.306086 0.000328
0.164669 0.198474 0.000010 0.028821 0.071859 0.000011 0.000011 0.051219 0.484916 0.000010
0.409846 0.131698 0.014534 0.000010 0.151927 0.000010 0.051077 0.023837 0.193021 0.024040
0.000010 0.000010 0.999910 0.000010 0.000010 0.000010 0.000010 0.000010 0.000010 0.000010
0.000010 0.000013 0.000010 0.999900 0.000010 0.000016 0.000010 0.000010 0.000010 0.000010
0.000010 0.000010 0.561530 0.000010 0.000010 0.000010 0.000010 0.000010 0.000010 0.438390
0.000010 0.000014 0.999906 0.000010 0.000010 0.000010 0.000010 0.000010 0.000010 0.000010
0.000010 0.000010 0.501491 0.498429 0.000010 0.000010 0.000010 0.000010 0.000010 0.000010
0.000010 0.441872 0.000010 0.558048 0.000010 0.000010 0.000010 0.000010 0.000010 0.000010
0.000010 0.000010 0.999910 0.000010 0.000010 0.000010 0.000010 0.000010 0.000010 0.000010
0.000010 0.000010 0.712364 0.287556 0.000010 0.000010 0.000010 0.000010 0.000010 0.000010
0.000010 0.000010 0.000015 0.999905 0.000010 0.000010 0.000010 0.000010 0.000010 0.000010
0.190301 0.545326 0.018354 0.209570 0.010303 0.000013 0.000010 0.026103 0.000010 0.000010
0.000010 0.000010 0.999910 0.000010 0.000010 0.000010 0.000010 0.000010 0.000010 0.000010
0.000010 0.000014 0.000010 0.999898 0.000010 0.000016 0.000010 0.000012 0.000010 0.000010
0.000010 0.000010 0.999910 0.000010 0.000010 0.000010 0.000010 0.000010 0.000010 0.000010
0.000010 0.550834 0.000010 0.449086 0.000010 0.000010 0.000010 0.000010 0.000010 0.000010
0.000010 0.000010 0.000010 0.000010 0.000010 0.000010 0.000010 0.999910 0.000010 0.000010
0.000010 0.000010 0.000010 0.000010 0.000010 0.000010 0.000010 0.000010 0.999910 0.000010
0.000010 0.000018 0.000010 0.419194 0.000010 0.000010 0.000010 0.000010 0.000010 0.580717
0.000010 0.000010 0.504643 0.000010 0.000010 0.000010 0.000010 0.000010 0.000010 0.495277
0.000010 0.500039 0.000010 0.499881 0.000010 0.000010 0.000010 0.000010 0.000010 0.000010
0.000010 0.021699 0.596666 0.000010 0.000010 0.000010 0.000010 0.000010 0.356686 0.024889
0.305353 0.694567 0.000010 0.000010 0.000010 0.000010 0.000010 0.000010 0.000010 0.000010
0.000010 0.077898 0.000010 0.000010 0.054801 0.000010 0.000010 0.000010 0.853522 0.013719
0.000010 0.000012 0.000010 0.999901 0.000010 0.000014 0.000010 0.000013 0.000010 0.000010
0.000010 0.339306 0.000010 0.000010 0.000010 0.000010 0.000013 0.000010 0.631967 0.028654
0.000010 0.000013 0.000010 0.999903 0.000010 0.000010 0.000010 0.000015 0.000010 0.000010
0.655134 0.000010 0.000010 0.344786 0.000010 0.000010 0.000010 0.000010 0.000010 0.000010
0.000010 0.000010 0.000010 0.508036 0.000010 0.000010 0.000010 0.000010 0.000010 0.491884
0.403068 0.289351 0.015079 0.000010 0.108339 0.069719 0.017046 0.041292 0.039767 0.016328
0.000010 0.836767 0.000010 0.000010 0.000010 0.000010 0.146862 0.000010 0.000010 0.016301
0.383882 0.193966 0.037234 0.014534 0.061459 0.015876 0.178543 0.070143 0.006887 0.037476
0.730392 0.054008 0.115316 0.000010 0.100223 0.000010 0.000010 0.000010 0.000010 0.000010
0.000010 0.999910 0.000010 0.000010 0.000010 0.000010 0.000010 0.000010 0.000010 0.000010
0.036161 0.485996 0.004244 0.010086 0.058986 0.006720 0.063664 0.099262 0.231690 0.003191
0.037488 0.501466 0.006904 0.013791 0.086611 0.022964 0.023885 0.103163 0.203719 0.000010
0.000010 0.939602 0.000010 0.060318 0.000010 0.000010 0.000010 0.000010 0.000010 0.000010
0.000010 0.867590 0.000010 0.000010 0.000018 0.000010 0.000010 0.122533 0.009799 0.000010
0.376271 0.574039 0.015640 0.000010 0.023739 0.010262 0.000010 0.000010 0.000010 0.000010
0.000010 0.695442 0.000010 0.069674 0.009912 0.000010 0.115031 0.000010 0.000010 0.109892
0.000010 0.911917 0.000010 0.000010 0.000010 0.000010 0.088003 0.000010 0.000010 0.000010
0.000010 0.177231 0.000010 0.000629 0.327288 0.000010 0.060366 0.325234 0.099934 0.009288
0.080706 0.298718 0.000010 0.048392 0.242765 0.038448 0.000010 0.065412 0.158246 0.067292
0.577972 0.000010 0.000010 0.000010 0.000010 0.000010 0.000010 0.000010 0.421948 0.000010
0.000010 0.000010 0.000010 0.000010 0.000010 0.000010 0.229636 0.770284 0.000010 0.000010
0.000010 0.000011 0.866392 0.000010 0.000010 0.000010 0.133527 0.000010 0.000010 0.000010
0.142880 0.000010 0.389961 0.000010 0.000010 0.068513 0.398586 0.000010 0.000010 0.000010
0.000010 0.000010 0.548734 0.000010 0.000010 0.056929 0.298110 0.096167 0.000010 0.000010
0.000010 0.000010 0.000010 0.000014 0.000010 0.999902 0.000010 0.000013 0.000011 0.000010
0.000010 0.000010 0.125005 0.000010 0.000010 0.874915 0.000010 0.000010 0.000010 0.000010
0.000010 0.000010 0.000010 0.000010 0.200259 0.581330 0.218341 0.000010 0.000010 0.000010
0.000010 0.000010 0.422319 0.000010 0.000010 0.577601 0.000010 0.000010 0.000010 0.000010
0.000010 0.000010 0.273181 0.000010 0.000011 0.726738 0.000010 0.000010 0.000010 0.000010
0.000010 0.000010 0.000010 0.000010 0.452473 0.056808 0.490650 0.000010 0.000010 0.000010
0.000010 0.000010 0.000010 0.000010 0.000010 0.999910 0.000010 0.000010 0.000010 0.000010
0.018289 0.000010 0.240666 0.305934 0.000010 0.065048 0.370012 0.000010 0.000010 0.000010
0.000010 0.000010 0.000010 0.000010 0.000010 0.999910 0.000010 0.000010 0.000010 0.000010
0.000010 0.000010 0.000010 0.000012 0.000010 0.999908 0.000010 0.000010 0.000010 0.000010
0.044588 0.000010 0.000010 0.000010 0.000010 0.737522 0.115331 0.000010 0.102498 0.000010
0.000013 0.000010 0.071386 0.000011 0.000010 0.928528 0.000010 0.000012 0.000010 0.000010
0.000010 0.000010 0.000010 0.000010 0.000010 0.898775 0.000010 0.000010 0.101145 0.000010
0.000010 0.000010 0.843945 0.000010 0.000010 0.000010 0.155975 0.000010 0.000010 0.000010
0.310374 0.000010 0.000010 0.000010 0.224853 0.116509 0.291365 0.000010 0.056848 0.000010
0.000010 0.000010 0.000010 0.000010 0.000010 0.000010 0.164949 0.834971 0.000010 0.000010
0.000010 0.322599 0.000010 0.000010 0.000010 0.000010 0.677321 0.000010 0.000010 0.000010
0.000010 0.000010 0.000010 0.000010 0.000010 0.000010 0.232947 0.766973 0.000010 0.000010
0.000010 0.000012 0.000011 0.000010 0.000010 0.000010 0.213101 0.786815 0.000010 0.000010
0.430571 0.000010 0.036958 0.000010 0.000010 0.105700 0.426711 0.000010 0.000010 0.000010
0.257310 0.000010 0.000010 0.000010 0.140745 0.091316 0.203588 0.000010 0.306991 0.000010
0.523897 0.000010 0.004425 0.000010 0.000010 0.168522 0.303088 0.000010 0.000017 0.000010
0.559877 0.000010 0.000010 0.000010 0.000010 0.156196 0.266063 0.000010 0.017804 0.000010
0.556142 0.000010 0.004402 0.000010 0.000010 0.121795 0.317601 0.000010 0.000010 0.000010
0.000010 0.000010 0.000010 0.000010 0.000010 0.000010 0.558454 0.000010 0.441466 0.000010
0.571204 0.000010 0.000010 0.000010 0.000010 0.000010 0.428716 0.000010 0.000010 0.000010
0.000010 0.362538 0.000010 0.000019 0.000010 0.000010 0.621028 0.016354 0.000010 0.000010
0.000010 0.000010 0.000010 0.386773 0.000010 0.000010 0.613147 0.000010 0.000010 0.000010
0.000010 0.339759 0.000010 0.000010 0.000010 0.000010 0.660161 0.000010 0.000010 0.000010
0.000010 0.000010 0.000010 0.000010 0.000010 0.885475 0.087290 0.000010 0.000010 0.027165
0.165096 0.074518 0.107198 0.012732 0.000010 0.062445 0.562703 0.000010 0.000010 0.015278
0.154257 0.065115 0.000010 0.000010 0.022796 0.000010 0.695156 0.000010 0.062626 0.000010
0.000010 0.018214 0.000010 0.055971 0.003658 0.000010 0.638817 0.000010 0.283290 0.000010
0.425162 0.000011 0.096732 0.000010 0.000010 0.109026 0.369020 0.000010 0.000010 0.000010
0.000013 0.000010 0.000010 0.000010 0.098921 0.000013 0.495890 0.405113 0.000010 0.000010
0.177933 0.003679 0.000010 0.055217 0.000010 0.145480 0.539692 0.000010 0.041611 0.036358
0.288248 0.000010 0.000010 0.011016 0.000010 0.217172 0.419278 0.000010 0.042223 0.022023
0.000010 0.000010 0.115108 0.063773 0.000010 0.407536 0.300892 0.000017 0.000010 0.112634
0.000010 0.000010 0.017554 0.334559 0.000010 0.263951 0.341636 0.000010 0.000010 0.042250
0.237257 0.000010 0.000010 0.000010 0.000010 0.043927 0.608065 0.016169 0.057101 0.037441
0.038383 0.000010 0.000010 0.047147 0.000010 0.162947 0.503672 0.000010 0.100786 0.147025
0.179257 0.000013 0.000010 0.000010 0.000010 0.143406 0.363601 0.313673 0.000010 0.000010
0.055799 0.000010 0.272335 0.000010 0.000010 0.025004 0.577013 0.069799 0.000010 0.000010
0.000010 0.000010 0.000010 0.000010 0.000010 0.000010 0.232646 0.000010 0.000010 0.767274
0.000016 0.000010 0.252475 0.048136 0.000010 0.613465 0.085858 0.000010 0.000010 0.000010
0.000010 0.039212 0.000010 0.124245 0.000010 0.000014 0.438042 0.000010 0.000010 0.398437
0.000010 0.000010 0.198541 0.240099 0.000010 0.152535 0.408766 0.000010 0.000010 0.000010
0.507482 0.000010 0.000010 0.000010 0.000010 0.000010 0.135501 0.000010 0.356947 0.000010
0.000010 0.181900 0.000010 0.000010 0.000013 0.000010 0.507287 0.310741 0.000010 0.000010
0.000010 0.000010 0.000010 0.000010 0.635047 0.000010 0.364873 0.000010 0.000010 0.000010
