0.001109 0.876278 0.000010 0.013899 0.038171 0.034758 0.000010 0.035756 0.000010
0.000010 0.455958 0.178932 0.328159 0.000010 0.000010 0.000010 0.000010 0.036902
0.000010 0.446022 0.036226 0.219962 0.028037 0.000010 0.030986 0.211867 0.026881
0.000010 0.000010 0.000010 0.000010 0.000010 0.000010 0.999920 0.000010 0.000010
0.057225 0.000010 0.026632 0.409796 0.000010 0.000010 0.043114 0.463193 0.000010
0.064104 0.000010 0.028070 0.400712 0.000010 0.000010 0.041205 0.465869 0.000010
0.000010 0.507439 0.030291 0.034159 0.249316 0.019839 0.054300 0.091912 0.012733
0.000010 0.000010 0.000010 0.000010 0.000010 0.000010 0.999920 0.000010 0.000010
0.000011 0.000010 0.000010 0.000010 0.000010 0.000010 0.000010 0.999919 0.000010
0.018164 0.165013 0.143597 0.283083 0.069479 0.000010 0.083277 0.167108 0.070268
0.000010 0.000010 0.000010 0.000010 0.999920 0.000010 0.000010 0.000010 0.000010
0.000010 0.000010 0.000010 0.000010 0.999920 0.000010 0.000010 0.000010 0.000010
0.000010 0.707748 0.138174 0.050629 0.000010 0.000010 0.000010 0.000010 0.103399
0.000010 0.000010 0.000010 0.000010 0.000010 0.124860 0.082458 0.716646 0.075986
0.000010 0.482425 0.009811 0.000010 0.109101 0.074439 0.064558 0.259636 0.000010
0.000010 0.000010 0.000010 0.000010 0.999920 0.000010 0.000010 0.000010 0.000010
0.000010 0.000010 0.000010 0.000010 0.999920 0.000010 0.000010 0.000010 0.000010
0.000010 0.000010 0.000014 0.000010 0.000010 0.000010 0.000010 0.999916 0.000010
0.000010 0.502777 0.034886 0.150325 0.083867 0.000010 0.004392 0.223723 0.000010
0.000010 0.999920 0.000010 0.000010 0.000010 0.000010 0.000010 0.000010 0.000010
0.000010 0.000010 0.080903 0.095516 0.000010 0.000010 0.000010 0.000010 0.823520
0.000010 0.000010 0.000010 0.999920 0.000010 0.000010 0.000010 0.000010 0.000010
0.000010 0.000010 0.000010 0.000010 0.000010 0.999920 0.000010 0.000010 0.000010
0.000010 0.000010 0.094760 0.786975 0.025870 0.000010 0.000010 0.000010 0.092345
0.000010 0.000010 0.000010 0.000010 0.000010 0.999920 0.000010 0.000010 0.000010
0.000010 0.000010 0.000010 0.000010 0.000010 0.999920 0.000010 0.000010 0.000010
0.000010 0.000010 0.000010 0.684908 0.000010 0.315022 0.000010 0.000010 0.000010
0.000010 0.072062 0.075894 0.538690 0.000010 0.059411 0.048105 0.064851 0.140966
0.000010 0.000010 0.000010 0.000010 0.000010 0.000010 0.999920 0.000010 0.000010
0.000010 0.055709 0.092925 0.427541 0.000010 0.031172 0.029540 0.265777 0.097315
0.061909 0.513992 0.009814 0.039166 0.220436 0.000010 0.044201 0.081860 0.028612
0.003385 0.338917 0.516068 0.030873 0.090842 0.005047 0.000010 0.010490 0.004368
0.049851 0.305446 0.039818 0.421035 0.015991 0.000010 0.167829 0.000010 0.000010
0.000010 0.000010 0.000010 0.458092 0.005272 0.000010 0.047770 0.091349 0.397477
0.000010 0.000010 0.000010 0.726704 0.000010 0.273226 0.000010 0.000010 0.000010
0.000010 0.000019 0.000010 0.000010 0.000010 0.000010 0.999911 0.000010 0.000010
0.076134 0.000010 0.000010 0.507424 0.000010 0.006263 0.281576 0.067268 0.061306
0.000010 0.088263 0.492370 0.000010 0.000010 0.197643 0.195801 0.025883 0.000010
0.037430 0.000010 0.024332 0.120642 0.000010 0.000010 0.771539 0.046017 0.000010
0.059741 0.101473 0.000010 0.000010 0.000010 0.304901 0.380514 0.153331 0.000010
0.000010 0.121804 0.000010 0.059333 0.018384 0.000010 0.556792 0.243647 0.000010
0.000010 0.000010 0.000010 0.000013 0.000010 0.000010 0.595472 0.000010 0.404455
0.000010 0.415135 0.000010 0.000010 0.000010 0.000010 0.584795 0.000010 0.000010
0.000010 0.000010 0.536531 0.000010 0.000010 0.000010 0.463399 0.000010 0.000010
0.000010 0.000010 0.000010 0.417577 0.000010 0.000010 0.582353 0.000010 0.000010
0.000014 0.000010 0.000010 0.000010 0.000010 0.426017 0.573910 0.000010 0.000010
0.000010 0.125123 0.051664 0.048935 0.000010 0.424424 0.214967 0.000010 0.134856
0.000010 0.000010 0.000010 0.515588 0.000839 0.000010 0.000010 0.366656 0.116867
0.000010 0.000010 0.019524 0.598242 0.000010 0.382174 0.000010 0.000010 0.000010
0.003851 0.064977 0.029261 0.236421 0.029723 0.304962 0.275706 0.055088 0.000010
0.000010 0.000010 0.000010 0.000010 0.000010 0.000010 0.999920 0.000010 0.000010
0.000010 0.000010 0.000017 0.000010 0.000019 0.000010 0.999904 0.000010 0.000010
0.000010 0.055756 0.100236 0.455209 0.120379 0.000010 0.040027 0.228364 0.000010
0.000010 0.872041 0.000010 0.127889 0.000010 0.000010 0.000010 0.000010 0.000010
0.000010 0.000010 0.000010 0.000010 0.000010 0.000010 0.555667 0.000010 0.444263
0.000010 0.000010 0.000010 0.488255 0.000010 0.000010 0.511675 0.000010 0.000010
0.000010 0.000010 0.999920 0.000010 0.000010 0.000010 0.000010 0.000010 0.000010
0.000010 0.000010 0.046948 0.325287 0.013325 0.000010 0.614389 0.000010 0.000010
0.012072 0.156561 0.000010 0.000010 0.083040 0.000010 0.096628 0.651659 0.000010
0.000010 0.050456 0.067510 0.479855 0.019695 0.000010 0.016678 0.306785 0.059002
0.000010 0.210124 0.035809 0.133014 0.000010 0.000010 0.016699 0.499653 0.104671
0.000010 0.134320 0.000010 0.106489 0.000010 0.693162 0.000010 0.000010 0.065978
0.716963 0.000010 0.000010 0.064410 0.000010 0.013434 0.111948 0.000010 0.093205
0.000010 0.000010 0.062218 0.816984 0.000010 0.000010 0.000010 0.000010 0.120737
0.000010 0.332927 0.163658 0.383902 0.000010 0.010607 0.000010 0.000010 0.108866
0.000010 0.000010 0.000010 0.999920 0.000010 0.000010 0.000010 0.000010 0.000010
0.000010 0.000010 0.999920 0.000010 0.000010 0.000010 0.000010 0.000010 0.000010
0.000010 0.000010 0.999920 0.000010 0.000010 0.000010 0.000010 0.000010 0.000010
0.000010 0.149862 0.053871 0.000010 0.000010 0.000010 0.000010 0.090998 0.705219
0.026453 0.000010 0.496827 0.000010 0.024973 0.077804 0.059101 0.314812 0.000010
0.000010 0.000010 0.022975 0.682962 0.000010 0.000010 0.000010 0.000010 0.294004
0.000010 0.000010 0.505151 0.000010 0.000010 0.000010 0.000010 0.494779 0.000010
0.000010 0.000010 0.000010 0.710391 0.063549 0.000010 0.000010 0.226000 0.000010
0.000010 0.000010 0.000010 0.000010 0.000010 0.000010 0.384210 0.000010 0.615720
0.000010 0.000010 0.000010 0.333356 0.000010 0.010084 0.000010 0.587617 0.068892
0.000010 0.000010 0.000010 0.720979 0.000010 0.000010 0.000010 0.000010 0.278951
0.000010 0.000010 0.465363 0.159615 0.000010 0.000010 0.243444 0.000010 0.131528
0.000010 0.000010 0.000010 0.535606 0.000010 0.000010 0.000010 0.000010 0.464324
0.029478 0.025789 0.216363 0.226140 0.000010 0.000010 0.393470 0.106430 0.002309
0.000010 0.497631 0.100970 0.288049 0.025587 0.019763 0.059889 0.008092 0.000010
0.000010 0.238513 0.076826 0.002543 0.000010 0.022308 0.297290 0.000010 0.362490
0.000010 0.000010 0.000011 0.000010 0.000012 0.000010 0.000010 0.000010 0.999917
0.000010 0.000010 0.000010 0.000010 0.056143 0.000010 0.193452 0.725764 0.024591
0.000010 0.169453 0.602712 0.208169 0.000010 0.000010 0.019616 0.000010 0.000010
0.000010 0.000014 0.000010 0.000010 0.000010 0.458110 0.000010 0.000010 0.541816
0.017838 0.180242 0.000010 0.100315 0.000010 0.529268 0.000010 0.095062 0.077246
0.464032 0.000010 0.000010 0.000010 0.000010 0.015462 0.403593 0.116863 0.000010
0.000010 0.000010 0.000010 0.500552 0.000010 0.499378 0.000010 0.000010 0.000010
0.000010 0.026689 0.071905 0.778241 0.000010 0.000761 0.000010 0.000010 0.122364
0.000961 0.342120 0.000010 0.124986 0.043525 0.000010 0.064195 0.424183 0.000010
0.000010 0.045021 0.000010 0.000010 0.000010 0.000010 0.954575 0.000345 0.000010
0.057401 0.000010 0.000010 0.015018 0.103615 0.000010 0.074062 0.749864 0.000010
0.004938 0.563730 0.000010 0.000010 0.277698 0.060328 0.000010 0.093266 0.000010
0.000010 0.000010 0.000013 0.000010 0.000010 0.000010 0.000010 0.999917 0.000010
0.000010 0.000010 0.927708 0.000010 0.000010 0.000010 0.000010 0.000010 0.072221
0.018317 0.370613 0.005554 0.396516 0.000010 0.208960 0.000010 0.000010 0.000010
0.000010 0.000010 0.999920 0.000010 0.000010 0.000010 0.000010 0.000010 0.000010
0.018871 0.697534 0.013474 0.033780 0.191381 0.000441 0.010113 0.034396 0.000010
0.000010 0.000010 0.193935 0.805995 0.000010 0.000010 0.000010 0.000010 0.000010
0.000010 0.000010 0.000010 0.000018 0.000010 0.481316 0.000010 0.000010 0.518606
0.000010 0.000010 0.529667 0.000010 0.000010 0.470263 0.000010 0.000010 0.000010
0.000010 0.072357 0.401307 0.026607 0.000016 0.423789 0.000010 0.075894 0.000010
0.000010 0.000010 0.000010 0.000010 0.000010 0.560775 0.000010 0.000010 0.439155
0.046158 0.199622 0.000010 0.042640 0.000010 0.537678 0.000010 0.132646 0.041227
0.000010 0.898588 0.101342 0.000010 0.000010 0.000010 0.000010 0.000010 0.000010
0.000010 0.000010 0.000010 0.000010 0.000010 0.517943 0.481987 0.000010 0.000010
0.000010 0.000010 0.000013 0.000010 0.000010 0.000010 0.554886 0.445041 0.000010
0.000010 0.000010 0.000010 0.262247 0.000010 0.178450 0.398287 0.000010 0.160966
0.000010 0.061317 0.078432 0.218265 0.000010 0.000010 0.000010 0.000010 0.641936
0.000010 0.311679 0.000015 0.142596 0.000010 0.000010 0.004140 0.523373 0.018168
0.000010 0.242427 0.000010 0.000010 0.000010 0.000010 0.000010 0.757503 0.000010
0.000010 0.000010 0.031665 0.216689 0.000010 0.454010 0.045230 0.252366 0.000010
0.000010 0.131887 0.036904 0.019090 0.000010 0.000010 0.000010 0.000010 0.812069
0.053984 0.120440 0.058855 0.068837 0.049257 0.030413 0.192807 0.425396 0.000010
0.000010 0.278175 0.000010 0.508785 0.048135 0.000010 0.030256 0.035349 0.099270
0.000010 0.000010 0.480178 0.519752 0.000010 0.000010 0.000010 0.000010 0.000010
0.000010 0.148362 0.101844 0.207917 0.000010 0.435332 0.000010 0.000010 0.106505
0.000010 0.346458 0.087043 0.080337 0.000010 0.000010 0.000010 0.434590 0.051532
0.000010 0.000010 0.000010 0.000010 0.000010 0.000010 0.377395 0.000010 0.622535
0.000010 0.000010 0.000010 0.244392 0.000010 0.000010 0.000010 0.699597 0.055951
0.000010 0.545151 0.048395 0.072941 0.028768 0.000010 0.010456 0.293193 0.001077
0.000010 0.000010 0.012435 0.054385 0.079368 0.521245 0.027068 0.305468 0.000010
0.000010 0.000010 0.016756 0.049489 0.080202 0.522461 0.025510 0.305551 0.000010
0.068359 0.563307 0.000010 0.000010 0.234299 0.069321 0.004978 0.048684 0.011032
0.000010 0.458923 0.043537 0.351042 0.072726 0.000010 0.000010 0.071273 0.002469
0.006746 0.648206 0.047378 0.212266 0.000010 0.009236 0.000010 0.076138 0.000010
0.041582 0.416057 0.038848 0.114705 0.022880 0.000010 0.015611 0.350296 0.000010
0.000010 0.000010 0.000010 0.000010 0.000010 0.000010 0.999920 0.000010 0.000010
0.000010 0.000010 0.000010 0.000010 0.000010 0.999920 0.000010 0.000010 0.000010
0.000010 0.000010 0.000010 0.000010 0.000010 0.000010 0.584836 0.000010 0.415094
0.000010 0.000010 0.000010 0.000010 0.000010 0.000010 0.999920 0.000010 0.000010
0.000010 0.000010 0.000010 0.000010 0.000010 0.506030 0.493900 0.000010 0.000010
0.000010 0.000010 0.000010 0.439528 0.000010 0.560402 0.000010 0.000010 0.000010
0.000010 0.000012 0.000010 0.000017 0.000010 0.000010 0.999911 0.000010 0.000010
0.000010 0.000010 0.000010 0.000010 0.000010 0.241810 0.758120 0.000010 0.000010
0.000010 0.000010 0.000010 0.000010 0.000010 0.999920 0.000010 0.000010 0.000010
0.000010 0.000010 0.065761 0.546250 0.000010 0.190856 0.017841 0.179251 0.000010
0.000010 0.000010 0.000010 0.000010 0.000010 0.000010 0.999920 0.000010 0.000010
0.000010 0.000010 0.000010 0.000010 0.000010 0.999920 0.000010 0.000010 0.000010
0.000010 0.000010 0.000010 0.000017 0.000010 0.000018 0.999905 0.000010 0.000010
0.000010 0.000010 0.000010 0.536211 0.000010 0.463719 0.000010 0.000010 0.000010
0.000010 0.000010 0.999920 0.000010 0.000010 0.000010 0.000010 0.000010 0.000010
0.000010 0.999920 0.000010 0.000010 0.000010 0.000010 0.000010 0.000010 0.000010
0.000010 0.000010 0.029364 0.017077 0.000010 0.390936 0.000010 0.000010 0.562573
0.000010 0.000010 0.000010 0.000010 0.000010 0.000010 0.488191 0.000010 0.511739
0.000010 0.000010 0.000010 0.492893 0.000010 0.507037 0.000010 0.000010 0.000010
0.000010 0.267600 0.013627 0.007983 0.000010 0.000010 0.641575 0.000010 0.069175
0.000010 0.000010 0.000010 0.673205 0.000010 0.008923 0.020674 0.297148 0.000010
0.000010 0.904700 0.000010 0.080612 0.014627 0.000010 0.000010 0.000010 0.000010
0.000010 0.000010 0.000010 0.000010 0.000010 0.999920 0.000010 0.000010 0.000010
0.000010 0.601709 0.000010 0.382094 0.000010 0.000010 0.000010 0.000010 0.016136
0.000010 0.000010 0.000010 0.000010 0.000010 0.999920 0.000010 0.000010 0.000010
0.010091 0.000010 0.000010 0.000010 0.000010 0.333795 0.000010 0.656053 0.000010
0.000010 0.000010 0.000011 0.000013 0.000013 0.539301 0.000010 0.000010 0.460623
0.117963 0.056859 0.034514 0.297104 0.065591 0.018365 0.011138 0.384983 0.013484
0.000010 0.000010 0.031312 0.853623 0.000010 0.000010 0.000010 0.000010 0.115006
0.059570 0.017465 0.068157 0.285301 0.033195 0.062750 0.034389 0.403785 0.035389
0.013621 0.000010 0.000010 0.034284 0.035159 0.000010 0.115728 0.759327 0.041849
0.000010 0.000010 0.000010 0.999920 0.000010 0.000010 0.000010 0.000010 0.000010
0.046175 0.216817 0.180523 0.463407 0.018059 0.004190 0.000010 0.063769 0.007050
0.060885 0.210447 0.147442 0.476984 0.048800 0.005995 0.003978 0.045459 0.000010
0.000010 0.000010 0.000010 0.953009 0.000010 0.046921 0.000010 0.000010 0.000010
0.000010 0.002834 0.104037 0.825087 0.017187 0.000010 0.000010 0.000010 0.050815
0.000010 0.000010 0.000010 0.530067 0.045687 0.000010 0.058303 0.365893 0.000010
0.036617 0.000010 0.000010 0.781900 0.008102 0.060797 0.027174 0.000010 0.085379
0.000010 0.000010 0.000010 0.929330 0.000010 0.000010 0.000010 0.000010 0.070600
0.000010 0.247005 0.367957 0.203409 0.132524 0.030040 0.000010 0.009143 0.009902
0.068014 0.292873 0.115532 0.235059 0.074546 0.114943 0.000010 0.027376 0.071646
0.000010 0.401825 0.000010 0.000010 0.000010 0.000010 0.000010 0.598105 0.000010
0.000010 0.000010 0.999920 0.000010 0.000010 0.000010 0.000010 0.000010 0.000010
0.014381 0.000010 0.000010 0.000010 0.000010 0.000010 0.985549 0.000010 0.000010
0.156552 0.000010 0.010648 0.058315 0.076695 0.000010 0.492830 0.204930 0.000010
0.101962 0.000010 0.242987 0.000010 0.000010 0.000010 0.654991 0.000010 0.000010
0.999920 0.000010 0.000010 0.000010 0.000010 0.000010 0.000010 0.000010 0.000010
0.830926 0.000010 0.000010 0.000010 0.000010 0.000010 0.169004 0.000010 0.000010
0.594259 0.089734 0.030496 0.000010 0.213128 0.000010 0.000010 0.000010 0.072344
0.476574 0.000010 0.000010 0.000010 0.000010 0.000010 0.523356 0.000010 0.000010
0.625073 0.000010 0.000010 0.000010 0.000010 0.000010 0.374857 0.000010 0.000010
0.184897 0.251889 0.012839 0.090506 0.229402 0.013286 0.000010 0.066856 0.150316
0.891244 0.000010 0.000010 0.000010 0.108686 0.000010 0.000010 0.000010 0.000010
0.151802 0.016749 0.000010 0.000010 0.000010 0.469479 0.295832 0.066099 0.000010
0.999920 0.000010 0.000010 0.000010 0.000010 0.000010 0.000010 0.000010 0.000010
0.999918 0.000012 0.000010 0.000010 0.000010 0.000010 0.000010 0.000010 0.000010
0.680838 0.091358 0.032184 0.039700 0.000010 0.000010 0.000010 0.155880 0.000010
0.813540 0.000010 0.000015 0.000010 0.000010 0.000010 0.186385 0.000010 0.000010
0.751986 0.247944 0.000010 0.000010 0.000010 0.000010 0.000010 0.000010 0.000010
0.046526 0.000010 0.000010 0.000010 0.000010 0.000010 0.953404 0.000010 0.000010
0.159180 0.463276 0.010365 0.000010 0.089676 0.014423 0.034014 0.229047 0.000010
0.000010 0.000010 0.999920 0.000010 0.000010 0.000010 0.000010 0.000010 0.000010
0.087515 0.000010 0.073995 0.681121 0.000010 0.000010 0.000010 0.000010 0.157319
0.000010 0.000020 0.999910 0.000010 0.000010 0.000010 0.000010 0.000010 0.000010
0.000010 0.000010 0.999920 0.000010 0.000010 0.000010 0.000010 0.000010 0.000010
0.196395 0.000010 0.000010 0.027357 0.064553 0.088445 0.051886 0.507699 0.063645
0.087375 0.912554 0.000010 0.000010 0.000010 0.000011 0.000010 0.000010 0.000010
0.245888 0.026801 0.000010 0.000010 0.034956 0.000010 0.057058 0.635257 0.000010
0.181003 0.202576 0.000010 0.000010 0.000010 0.000010 0.038155 0.578216 0.000010
0.173750 0.139985 0.000010 0.000010 0.000010 0.000010 0.059522 0.626692 0.000010
0.075874 0.526928 0.086255 0.126817 0.000010 0.000011 0.000010 0.000010 0.184085
0.111690 0.165464 0.019895 0.000010 0.000010 0.000010 0.000010 0.702900 0.000010
0.129302 0.000011 0.159790 0.666374 0.000010 0.000010 0.000010 0.000010 0.044483
0.181835 0.025781 0.109370 0.258994 0.000010 0.420655 0.000010 0.000010 0.003334
0.134966 0.000010 0.152247 0.708795 0.003934 0.000018 0.000010 0.000010 0.000010
0.891613 0.000010 0.018805 0.001119 0.000010 0.000010 0.000010 0.000010 0.088413
0.172612 0.022768 0.074567 0.259640 0.000010 0.028806 0.164212 0.219179 0.058206
0.198783 0.240551 0.035676 0.304076 0.012165 0.008935 0.003388 0.143337 0.053089
0.140083 0.427819 0.060630 0.289381 0.000290 0.081767 0.000010 0.000010 0.000010
0.195774 0.000010 0.062509 0.016179 0.000010 0.000010 0.165161 0.542022 0.018325
0.096587 0.000010 0.558447 0.101745 0.236412 0.000010 0.000010 0.000010 0.006769
0.311354 0.118128 0.070103 0.171154 0.029394 0.048026 0.020085 0.184757 0.046998
0.286716 0.121273 0.000010 0.087331 0.007207 0.058161 0.004951 0.331868 0.102484
0.455736 0.000010 0.000010 0.000010 0.000010 0.120557 0.184276 0.000010 0.239381
0.327574 0.000010 0.000010 0.000010 0.000010 0.478810 0.023428 0.025998 0.144150
0.201115 0.111049 0.118280 0.109042 0.031393 0.000010 0.000010 0.307633 0.121468
0.276212 0.088582 0.010415 0.146580 0.006793 0.099222 0.000010 0.122934 0.249252
0.220817 0.000010 0.445209 0.000010 0.010861 0.037929 0.023922 0.261233 0.000010
0.143256 0.000010 0.241793 0.110530 0.000010 0.000010 0.376769 0.109990 0.017632
0.000010 0.000010 0.000010 0.000010 0.000010 0.000010 0.000010 0.000010 0.999920
0.548434 0.000010 0.000010 0.000010 0.000010 0.085817 0.365689 0.000010 0.000010
0.056223 0.000010 0.000010 0.162701 0.000010 0.211323 0.000010 0.000010 0.569703
0.262020 0.094779 0.000010 0.086443 0.001004 0.318256 0.237468 0.000010 0.000010
0.049647 0.376446 0.000010 0.000010 0.000010 0.000010 0.000010 0.573846 0.000010
0.054054 0.000010 0.463049 0.482837 0.000010 0.000010 0.000010 0.000010 0.000010
0.000010 0.000010 0.000010 0.000010 0.999920 0.000010 0.000010 0.000010 0.000010
