0.011502 0.000516 0.113234 0.740911 0.115221 0.018607 0.000010
0.096278 0.000010 0.371282 0.244314 0.172059 0.116048 0.000010
0.004393 0.000010 0.334279 0.526417 0.082052 0.020707 0.032142
0.000010 0.000010 0.000010 0.000010 0.000010 0.000010 0.999940
0.000010 0.000010 0.471993 0.429812 0.000010 0.000010 0.098155
0.000010 0.000010 0.463094 0.440633 0.000010 0.000010 0.096234
0.000010 0.020223 0.243825 0.617623 0.115176 0.000010 0.003132
0.000010 0.000010 0.000010 0.000010 0.000010 0.000010 0.999940
0.000389 0.000010 0.044743 0.935771 0.000010 0.003103 0.015974
0.071439 0.000010 0.485094 0.289656 0.028477 0.058870 0.066455
0.000010 0.000010 0.538639 0.461311 0.000010 0.000010 0.000010
0.000010 0.000010 0.527945 0.466806 0.000010 0.000010 0.005210
0.081919 0.000013 0.229742 0.357780 0.232927 0.097609 0.000010
0.000010 0.079611 0.000010 0.755409 0.000010 0.051538 0.113412
0.030109 0.068107 0.016302 0.827317 0.034656 0.000010 0.023499
0.000016 0.006441 0.550996 0.442517 0.000010 0.000010 0.000010
0.000010 0.000356 0.553642 0.445962 0.000010 0.000010 0.000010
0.000010 0.000014 0.000010 0.999936 0.000010 0.000010 0.000010
0.010784 0.000010 0.259735 0.651092 0.078359 0.000010 0.000010
0.000010 0.000010 0.000010 0.999940 0.000010 0.000010 0.000010
0.028852 0.000010 0.000010 0.000010 0.000010 0.971098 0.000010
0.000010 0.000010 0.000010 0.000010 0.000010 0.999940 0.000010
0.000014 0.999936 0.000010 0.000010 0.000010 0.000010 0.000010
0.000010 0.000010 0.999940 0.000010 0.000010 0.000010 0.000010
0.000010 0.999940 0.000010 0.000010 0.000010 0.000010 0.000010
0.000010 0.999940 0.000010 0.000010 0.000010 0.000010 0.000010
0.000010 0.349738 0.000010 0.000010 0.000010 0.650212 0.000010
0.050089 0.046806 0.439362 0.117535 0.000010 0.311945 0.034253
0.000010 0.000016 0.000010 0.000010 0.000010 0.000010 0.999934
0.049907 0.015814 0.459981 0.269130 0.009608 0.149089 0.046471
0.000010 0.000010 0.265586 0.553691 0.179370 0.000010 0.001323
0.485441 0.000010 0.158240 0.249488 0.106801 0.000010 0.000010
0.000010 0.000010 0.561795 0.192796 0.100432 0.000010 0.144947
0.000010 0.000010 0.000010 0.140436 0.000010 0.848680 0.010844
0.000010 0.336598 0.000010 0.000010 0.000010 0.663352 0.000010
0.000010 0.000010 0.000010 0.000010 0.000010 0.000010 0.999940
0.000010 0.013559 0.175930 0.086029 0.061399 0.359415 0.303659
0.513036 0.190985 0.000010 0.130685 0.000010 0.000010 0.165264
0.002385 0.000010 0.184332 0.041403 0.000010 0.000010 0.771849
0.000010 0.287017 0.000010 0.217647 0.112394 0.000010 0.382912
0.000010 0.000010 0.081844 0.349372 0.000010 0.000010 0.568743
0.000010 0.000010 0.000010 0.000010 0.000010 0.436769 0.563181
0.000010 0.000019 0.000010 0.398700 0.075419 0.000010 0.525832
0.518576 0.000010 0.000010 0.000017 0.000010 0.000010 0.481367
0.000010 0.000010 0.437199 0.000010 0.000010 0.000010 0.562751
0.000010 0.407346 0.000010 0.000010 0.000010 0.000010 0.592604
0.055510 0.380619 0.000010 0.000010 0.109234 0.211551 0.243067
0.000010 0.000010 0.383046 0.365032 0.000010 0.224150 0.027741
0.000010 0.415231 0.584719 0.000010 0.000010 0.000010 0.000010
0.000010 0.321001 0.288261 0.124090 0.009490 0.000010 0.257137
0.000018 0.000010 0.000010 0.000010 0.000010 0.000010 0.999932
0.000010 0.000010 0.000010 0.000010 0.000010 0.000010 0.999940
0.027769 0.000010 0.649982 0.265001 0.000010 0.000010 0.057218
0.000010 0.000010 0.225064 0.629457 0.145439 0.000010 0.000010
0.000010 0.000010 0.000010 0.000010 0.000010 0.476182 0.523768
0.000010 0.000010 0.502226 0.000010 0.000010 0.000010 0.497724
0.999940 0.000010 0.000010 0.000010 0.000010 0.000010 0.000010
0.000010 0.000010 0.374258 0.000010 0.000010 0.000010 0.625692
0.000010 0.000010 0.017986 0.854868 0.000010 0.000010 0.127105
0.005143 0.000010 0.592311 0.291522 0.000010 0.070382 0.040621
0.039781 0.000010 0.036025 0.642202 0.060533 0.179942 0.041507
0.000010 0.716798 0.115366 0.000013 0.102227 0.065576 0.000010
0.000010 0.000010 0.000010 0.000010 0.761317 0.109628 0.129015
0.000010 0.000010 0.999940 0.000010 0.000010 0.000010 0.000010
0.134839 0.024331 0.319389 0.154387 0.112757 0.254287 0.000010
0.000010 0.000010 0.000010 0.000010 0.000010 0.999940 0.000010
0.999940 0.000010 0.000010 0.000010 0.000010 0.000010 0.000010
0.999940 0.000010 0.000010 0.000010 0.000010 0.000010 0.000010
0.009699 0.000010 0.000010 0.182670 0.005799 0.776191 0.025621
0.546977 0.021900 0.000010 0.354612 0.000010 0.000010 0.076480
0.000010 0.000010 0.586097 0.000010 0.000010 0.413853 0.000010
0.547619 0.000010 0.000010 0.452331 0.000010 0.000010 0.000010
0.000010 0.000010 0.310992 0.268138 0.000010 0.399683 0.021157
0.000010 0.000010 0.000010 0.000010 0.000010 0.594216 0.405734
0.019737 0.018802 0.141675 0.602210 0.000010 0.200951 0.016615
0.000010 0.000010 0.379536 0.000010 0.000010 0.620414 0.000010
0.416625 0.000010 0.200939 0.000010 0.006905 0.143658 0.231853
0.000010 0.000010 0.319671 0.000010 0.000010 0.680279 0.000010
0.213790 0.012690 0.227092 0.161631 0.000010 0.041946 0.342840
0.028285 0.073573 0.503163 0.345364 0.018555 0.000010 0.031050
0.029410 0.012374 0.165743 0.145360 0.052936 0.311219 0.282957
0.000010 0.000010 0.000010 0.000010 0.000010 0.999940 0.000010
0.000010 0.000010 0.059868 0.776260 0.000010 0.000010 0.163832
0.601594 0.012334 0.270836 0.107426 0.007790 0.000010 0.000010
0.000010 0.440842 0.000013 0.000010 0.000012 0.559103 0.000010
0.000010 0.587196 0.229632 0.183132 0.000010 0.000010 0.000010
0.000010 0.020950 0.000010 0.074046 0.477102 0.000010 0.427872
0.000016 0.498732 0.000010 0.000010 0.000010 0.501212 0.000010
0.000010 0.000010 0.999939 0.000011 0.000010 0.000010 0.000010
0.005841 0.000010 0.226120 0.721073 0.000010 0.000010 0.046937
0.000010 0.000010 0.000010 0.037324 0.000010 0.000010 0.962626
0.000014 0.000010 0.082041 0.789538 0.002712 0.000010 0.125675
0.000010 0.049088 0.208523 0.601332 0.141028 0.000010 0.000010
0.000010 0.000010 0.000010 0.999940 0.000010 0.000010 0.000010
0.999940 0.000010 0.000010 0.000010 0.000010 0.000010 0.000010
0.004529 0.261255 0.274864 0.229203 0.021860 0.208280 0.000010
0.999930 0.000010 0.000020 0.000010 0.000010 0.000010 0.000010
0.000010 0.000010 0.236148 0.560165 0.203647 0.000010 0.000010
0.018850 0.000010 0.981100 0.000010 0.000010 0.000010 0.000010
0.000010 0.460832 0.000015 0.000012 0.000016 0.539105 0.000010
0.571489 0.428461 0.000010 0.000010 0.000010 0.000010 0.000010
0.432989 0.422111 0.024705 0.120165 0.000010 0.000010 0.000010
0.000010 0.499440 0.000010 0.000010 0.000013 0.500507 0.000010
0.000010 0.541984 0.185620 0.220327 0.052039 0.000010 0.000010
0.020775 0.000010 0.177210 0.561833 0.240151 0.000010 0.000010
0.000010 0.543864 0.000010 0.000010 0.000010 0.000010 0.456086
0.000010 0.000010 0.014227 0.401259 0.000010 0.000010 0.584475
0.000010 0.172653 0.125126 0.000010 0.000010 0.294101 0.408090
0.068394 0.000010 0.000010 0.000010 0.142273 0.789294 0.000010
0.000010 0.000010 0.223205 0.776745 0.000010 0.000010 0.000010
0.000010 0.000010 0.000010 0.999940 0.000010 0.000010 0.000010
0.013288 0.455094 0.155742 0.214531 0.000010 0.100134 0.061201
0.030229 0.000010 0.063016 0.035397 0.117703 0.753634 0.000010
0.055857 0.026871 0.125099 0.608481 0.029042 0.000010 0.154639
0.000010 0.000010 0.604781 0.283571 0.021546 0.088885 0.001197
0.524683 0.000010 0.000010 0.000010 0.000010 0.475267 0.000010
0.105574 0.435087 0.237690 0.049372 0.054588 0.117678 0.000010
0.053298 0.000010 0.108707 0.673747 0.090924 0.073304 0.000010
0.000010 0.000010 0.000010 0.000018 0.000010 0.609380 0.390562
0.000010 0.000010 0.187782 0.685189 0.000010 0.126989 0.000010
0.020444 0.000010 0.145779 0.709447 0.124300 0.000010 0.000010
0.000010 0.565426 0.073268 0.320635 0.000010 0.000010 0.040641
0.000010 0.563008 0.074170 0.323868 0.000010 0.000010 0.038924
0.000010 0.052316 0.178641 0.621106 0.147906 0.000010 0.000010
0.011035 0.000010 0.541453 0.396980 0.050502 0.000010 0.000010
0.032825 0.028687 0.333482 0.506472 0.098513 0.000010 0.000010
0.022188 0.000010 0.213667 0.682378 0.000010 0.048474 0.033273
0.000010 0.000010 0.000010 0.000010 0.000010 0.000010 0.999940
0.000010 0.999936 0.000014 0.000010 0.000010 0.000010 0.000010
0.000010 0.000010 0.000010 0.000015 0.000010 0.442802 0.557143
0.000010 0.000010 0.000010 0.000010 0.000010 0.000010 0.999940
0.000010 0.501387 0.000010 0.000010 0.000010 0.000010 0.498563
0.000010 0.581295 0.418655 0.000010 0.000010 0.000010 0.000010
0.000010 0.000010 0.000010 0.000010 0.000010 0.000010 0.999940
0.000010 0.285300 0.000010 0.000010 0.000010 0.000010 0.714650
0.000010 0.999940 0.000010 0.000010 0.000010 0.000010 0.000010
0.000010 0.219276 0.619935 0.132674 0.000010 0.000010 0.028085
0.000010 0.000016 0.000010 0.000010 0.000010 0.000010 0.999934
0.000010 0.999931 0.000010 0.000019 0.000010 0.000010 0.000010
0.000010 0.000010 0.000010 0.000010 0.000010 0.000010 0.999940
0.000010 0.489116 0.510834 0.000010 0.000010 0.000010 0.000010
0.999940 0.000010 0.000010 0.000010 0.000010 0.000010 0.000010
0.000496 0.000010 0.164985 0.625571 0.208919 0.000010 0.000010
0.000010 0.404962 0.000010 0.000010 0.000010 0.594988 0.000010
0.000010 0.000010 0.000010 0.000010 0.000010 0.502498 0.497452
0.000010 0.531343 0.000010 0.000010 0.000010 0.468607 0.000010
0.012369 0.000010 0.061647 0.194526 0.059284 0.078602 0.593561
0.000010 0.048224 0.031482 0.315630 0.000010 0.590299 0.014345
0.000010 0.000010 0.181450 0.644174 0.100459 0.073887 0.000010
0.000010 0.999934 0.000010 0.000016 0.000010 0.000010 0.000010
0.000010 0.000010 0.246066 0.421848 0.121180 0.210876 0.000010
0.000010 0.999935 0.000010 0.000015 0.000010 0.000010 0.000010
0.000011 0.319449 0.000010 0.680497 0.000010 0.000012 0.000010
0.000010 0.494316 0.000010 0.000010 0.000010 0.505634 0.000010
0.000010 0.000010 0.437974 0.461797 0.060863 0.000010 0.039335
0.000010 0.000010 0.891424 0.000010 0.000010 0.108526 0.000010
0.048977 0.022197 0.376988 0.425992 0.032396 0.027642 0.065809
0.000010 0.000010 0.062865 0.778656 0.000937 0.000010 0.157512
0.000010 0.000010 0.538435 0.000010 0.000010 0.461515 0.000010
0.044099 0.010153 0.697729 0.157510 0.090489 0.000010 0.000010
0.058838 0.024178 0.673273 0.173243 0.070449 0.000010 0.000010
0.000010 0.115106 0.193024 0.000010 0.000010 0.691830 0.000010
0.000010 0.000010 0.999940 0.000010 0.000010 0.000010 0.000010
0.006424 0.000010 0.178963 0.386379 0.000010 0.363052 0.065162
0.000010 0.077413 0.275544 0.000010 0.034409 0.612605 0.000010
0.000010 0.000010 0.897201 0.000010 0.000010 0.102749 0.000010
0.293390 0.021053 0.420156 0.207536 0.057845 0.000010 0.000010
0.049329 0.062696 0.389344 0.291894 0.089147 0.117580 0.000010
0.000010 0.000010 0.000010 0.999940 0.000010 0.000010 0.000010
0.999940 0.000010 0.000010 0.000010 0.000010 0.000010 0.000010
0.000010 0.000010 0.000010 0.000010 0.000010 0.000010 0.999940
0.000010 0.000010 0.180337 0.254313 0.053481 0.000010 0.511839
0.250270 0.000010 0.000010 0.000010 0.047034 0.000010 0.702656
0.000017 0.000011 0.000010 0.000010 0.999932 0.000010 0.000010
0.000010 0.000015 0.000010 0.000010 0.820756 0.000010 0.179189
0.000010 0.000010 0.272127 0.070472 0.657361 0.000010 0.000010
0.000010 0.000010 0.000016 0.000010 0.446370 0.000010 0.553573
0.000010 0.000010 0.000010 0.000010 0.603744 0.000010 0.396206
0.022701 0.003076 0.161098 0.398143 0.206269 0.208703 0.000010
0.000010 0.000010 0.000010 0.000010 0.999940 0.000010 0.000010
0.000012 0.529880 0.000010 0.087737 0.055947 0.000010 0.326404
0.000010 0.000010 0.000011 0.000012 0.999937 0.000010 0.000010
0.000010 0.000010 0.000010 0.000010 0.999940 0.000010 0.000010
0.000010 0.000010 0.087750 0.151660 0.760550 0.000010 0.000010
0.000010 0.000010 0.000010 0.000010 0.825038 0.000010 0.174912
0.000010 0.000010 0.000010 0.000010 0.999940 0.000010 0.000010
0.000010 0.000010 0.000010 0.000010 0.000010 0.000010 0.999940
0.021313 0.004911 0.000010 0.868635 0.105111 0.000010 0.000010
0.999940 0.000010 0.000010 0.000010 0.000010 0.000010 0.000010
0.000010 0.000010 0.866475 0.000010 0.000010 0.133475 0.000010
0.999940 0.000010 0.000010 0.000010 0.000010 0.000010 0.000010
0.999940 0.000010 0.000010 0.000010 0.000010 0.000010 0.000010
0.000010 0.081439 0.013261 0.581317 0.120162 0.093606 0.110205
0.000010 0.000010 0.000010 0.952802 0.047148 0.000010 0.000010
0.000010 0.000010 0.000010 0.760790 0.149471 0.000010 0.089699
0.000010 0.000010 0.000010 0.876137 0.093534 0.000010 0.030289
0.000010 0.000010 0.000011 0.846298 0.069230 0.000010 0.084432
0.042430 0.000010 0.233361 0.400696 0.096870 0.226622 0.000010
0.002566 0.000010 0.000010 0.922620 0.000010 0.074773 0.000010
0.000010 0.000010 0.999940 0.000010 0.000010 0.000010 0.000010
0.016944 0.518070 0.421753 0.000010 0.043203 0.000010 0.000010
0.056057 0.028095 0.714416 0.000010 0.000010 0.201403 0.000010
0.000010 0.000010 0.000010 0.000010 0.903518 0.096432 0.000010
0.023439 0.056645 0.346308 0.239437 0.084849 0.087473 0.161849
0.008277 0.016423 0.224690 0.400561 0.081138 0.254529 0.014382
0.023640 0.126124 0.369868 0.357260 0.059855 0.063244 0.000010
0.037793 0.029658 0.000010 0.514492 0.121630 0.092088 0.204329
0.539758 0.000010 0.274712 0.089847 0.069959 0.025705 0.000010
0.049062 0.105074 0.208504 0.315057 0.191239 0.104869 0.026195
0.000010 0.098112 0.000868 0.482327 0.236859 0.170576 0.011248
0.000010 0.162063 0.000010 0.000010 0.415389 0.240839 0.181679
0.000010 0.548282 0.000010 0.039802 0.272751 0.105341 0.033803
0.066670 0.000010 0.338718 0.399132 0.147567 0.047866 0.000036
0.001911 0.146689 0.111630 0.182217 0.248014 0.309530 0.000010
0.506919 0.007902 0.000010 0.280054 0.156366 0.000010 0.048739
0.216705 0.000010 0.178677 0.152110 0.053045 0.028360 0.371092
0.000010 0.000010 0.000010 0.000010 0.000016 0.999934 0.000010
0.000016 0.108093 0.000010 0.000010 0.517689 0.000010 0.374172
0.000010 0.202828 0.000010 0.000010 0.000010 0.797122 0.000010
0.000010 0.416956 0.105996 0.048403 0.155595 0.000010 0.273031
0.000010 0.000010 0.000010 0.999940 0.000010 0.000010 0.000010
0.376089 0.000010 0.623861 0.000010 0.000010 0.000010 0.000010
0.000010 0.000010 0.530509 0.363205 0.106246 0.000010 0.000010
