1.47146	0.179295	0.126199	-0.0853913	-0.0919171	-0.0872583	0.123653	-0.0871178	0.127989	-0.0682934	0.102	0.0742033	0.267112	0.128415	0.230264	0.0458529	0.0446043	0.123624	0.276175	0.406129	-0.18677	-0.186608	-0.0847571	-0.123373	-0.071189	-0.0202118	-0.231543	-0.0919267	-0.0816896	-0.0674914	0.178191	0.0234358	0.0147163	-0.138153	-0.176723	-0.0822023	-0.109029	-0.0710452	-0.0986855	-0.00998095	0.0277763	-0.0963668	0.295499	-0.104133	-0.148173	0.000777208	-0.0494219	-0.0208494	-0.114519	-0.00368254	-0.0800238	-0.0794014	-0.0904228	0.394093	-0.113337	-0.117561	-0.188394	-0.123157	0.16695	-0.0263182	0.100661	-0.00404744	-0.0151074	-0.128523	-0.0107917	-0.191948	-0.163763	-0.16576	-0.0371246	-0.0775161	-0.170236	-0.0364342	-0.067002	-0.138838	-0.00726579	-0.143523	-0.113679	-0.178242	-0.059036	0.0981727	-0.0212418	-0.165499	0.0548847	-0.103728	-0.0699844	0.0354262	-0.00770441	-0.0831746	-0.112217	0.192061	-0.054896	0.0828919	0.280854	0.121966	-0.142544	0.0656337	-0.163305	0.26703	-0.0832603	-0.0853345	-0.115527	-0.0305417	-0.108266	0.0322417	0.453398	-0.0755289	-0.0117589	-0.109142	-0.125576	0.190111	0.316017	-0.120712	-0.0382577	0.0521568	0.0418058	-0.184735	-0.0411432	0.313942	-0.0622037	0.0564981	0.361411	-0.00165543	-0.00506408	0.25725	0.196766	0.253904	0.234085	-0.0814441	-0.0848102	-0.161511	-0.0934902	-0.0855731	-0.112548	-0.0790027	-0.0276026	-0.0767983	-0.113242	-0.0816013	-0.0829141	-0.0820678	-0.155419	-0.160634	0.552121	-0.122785	-0.129701	-0.158252	0.0807985	-0.028246	0.486572	-0.0210656	0.293713	-0.0846389	0.0556555	-0.091599	-0.0102693	-0.213601	-0.0115282	0.100951	-0.196502	-0.0493232	-0.0889242	-0.233954	-0.117877	-0.0796836	-0.215761	-0.177259	0.00290958	0.0219829	0.491517	-0.19333	-0.106411	-0.0724561	-0.0754474	-0.0220714	0.0154909	0.0823995	-0.051824	-0.0368928	0.0844996	0.0235441	-0.0522495	0.0998822	0.0989533	0.0779087	-0.0141034	0.165735	-0.100904	0.217666	-0.174058	-0.189059	-0.193982	-0.193415	0.0247261	0.372946	0.0921935	0.181429	0.131517	0.179719	0.166449	-0.188818	-0.0868967	-0.191571	-0.0303594	-0.0366789	0.0735383	0.248434	0.00403557	-0.112204	-0.016254	0.0826003	-0.051846	-0.0283106	0.0237164	-0.0127191	-0.106043	-0.092466	-0.18375	-0.0605138	-0.1413	-0.0308155	0.477803	-0.1233	0.0468236
0.179295	1.23941	0.111632	-0.146958	-0.0367602	-0.0385376	-0.00820956	-0.150012	-0.0794503	0.0863609	0.00121386	-0.0145442	0.503977	-0.168117	0.0179683	-0.0271847	-0.0311377	-0.0817166	0.00223922	-0.0760744	0.0556645	0.0939691	-0.135423	0.129879	-0.0832284	-0.0569645	0.0223378	0.0881538	-0.139029	0.142887	-0.0348509	0.113955	0.0278106	-0.00359428	0.0500976	-0.139143	-0.0516616	-0.0657632	-0.121048	-0.119768	-0.100769	-0.03103	-0.0527945	-0.00551684	-0.0318002	-0.102585	0.107693	-0.0183439	0.0446369	0.0444602	-0.130581	-0.12997	0.0575491	0.209248	-0.0365114	-0.00988328	0.15141	-0.0727565	-0.120836	0.081528	0.0867808	0.0248193	0.00145017	0.153694	0.286621	0.0829157	0.12231	0.115651	0.0835308	0.00997208	0.0913956	-0.0340259	0.0919466	-0.0740548	-0.0154984	0.0427971	0.0803527	0.064163	-0.00952788	0.0730514	0.09407	0.0262299	-0.104503	0.10497	-0.0249651	0.00213964	-0.101268	-0.0401632	0.116835	-0.0373943	-0.140152	-0.0502087	-0.0689735	-0.0841544	0.155213	0.0248257	0.115999	0.0887257	0.148779	-0.0522252	-0.0299877	-0.0176033	-0.0335978	-0.0383393	0.270154	-0.0959196	-0.10267	-0.0574336	0.315189	0.0501608	0.0271719	-0.0370345	0.224151	-0.0284763	0.0763111	0.104883	0.178492	0.259437	-0.0127286	-0.0679106	0.0563544	-0.0196552	-0.0231729	0.00179571	0.0743937	0.0627745	0.0209242	-0.137042	-0.0502741	-0.0903322	-0.165887	-0.0840075	-0.0769737	-0.135223	-0.121588	-0.0677016	0.0725967	-0.137071	-0.134408	-0.144081	-0.0645155	0.102102	0.211223	-0.0153436	-0.052353	-0.0337133	0.138219	-0.0494834	0.104304	-0.154226	0.0211932	-0.0552228	-0.0240934	-0.0303688	-0.0178548	0.0331996	-0.062148	-0.0582244	0.0604569	0.128914	0.100161	0.0360801	0.101163	-0.0536447	0.0288725	0.0305826	0.0926323	0.0626914	0.028732	0.0505499	-0.18501	-0.175884	-0.0986081	-0.0705821	-0.0484091	-0.0743045	-0.116492	-0.117404	-0.14254	-0.0563558	-0.126171	-0.115941	-0.116019	-0.0751744	-0.129354	-0.0501335	-0.182128	-0.0401528	0.0592476	0.0436051	0.0508691	0.0524871	-0.145265	-0.0956603	-0.0866235	-0.106756	-0.12319	0.152802	-0.0811177	0.0867502	0.000717966	0.0273211	-0.0338285	-0.0641025	-0.0850698	-0.0191499	-0.0651841	0.00243495	-0.0434116	-0.0472797	-0.0388634	-0.121787	0.0432656	0.0444069	-0.0329601	-0.0423132	-0.0253472	-0.163828	-0.0593006	-0.109254	-0.00202109	0.0784258	-0.0651519
0.126199	0.111632	1.39323	-0.0840452	0.0841786	0.0793961	0.0710982	-0.0851155	0.0577987	0.0675081	0.0544719	0.0658323	0.0942049	0.123151	0.000201789	0.0589191	0.0543374	0.113284	0.17832	0.161394	0.0166062	-0.0819513	-0.113698	0.0392281	-0.0902364	-0.10385	-0.111633	0.0267521	-0.0801767	0.10272	0.0313171	-0.00715086	0.0528937	-0.030082	-0.136326	-0.0794646	-0.018227	-0.0046078	-0.064107	0.00488063	-0.00533178	-0.0567468	0.0224907	-0.0665759	-0.0803598	-0.080144	-0.106292	-0.0496592	-0.106995	-0.0926	-0.076766	-0.0766714	0.108391	0.671547	-0.112236	-0.0766026	-0.0404132	-0.0645427	0.157587	0.122169	0.0560665	-0.0494933	0.0447371	-0.0333903	0.0248303	-0.0820741	-0.0484268	-0.0477898	0.163763	-0.0156014	-0.014768	-0.103365	0.0181494	-0.105563	0.0642523	-0.074771	-0.00495536	-0.0561247	-0.0538405	0.0742047	-0.0519353	-0.058053	0.103601	-0.032094	-0.0821504	-0.100818	-0.0521799	-0.148494	-0.0447036	0.0854561	-0.0680148	0.114436	0.0532983	0.111395	-0.0231974	0.0403448	-0.0477797	0.0291535	0.0211873	-0.0167325	-0.0739273	-0.0424379	-0.144318	0.0476066	0.218087	-0.13882	0.0301234	-0.109475	-0.0109571	-0.00281207	0.0859961	0.0124585	0.0616399	0.0168179	-0.0766031	-0.118655	-0.0689632	-0.0166898	-0.0840486	0.0828178	0.0796086	-0.0623687	-0.0666285	0.100166	0.123449	0.180336	0.129729	-0.0793581	-0.0971959	-0.0382358	-0.0950276	-0.118334	-0.0995046	-0.0778391	-0.0702784	-0.105168	-0.00376384	-0.0761102	-0.112878	-0.0791528	-0.0786427	-0.0497957	0.198688	-0.0709142	-0.134224	-0.0952366	0.00432513	-0.137156	0.105081	-0.132148	0.0848014	-0.101102	0.011816	-0.0905415	0.184877	-0.00701865	0.0351925	0.10348	-0.0423185	0.000997348	0.0515371	-0.0792531	0.0443063	0.122575	-0.0879484	0.0115643	-0.00673557	0.0448312	0.14023	-0.087885	-0.111837	-0.0861994	-0.0466541	-0.0420568	-0.0110002	-0.0833799	-0.0625782	-0.0634585	0.0289035	-0.039661	-0.10137	-0.051414	-0.0510166	0.063731	-0.0525423	0.108269	-0.105764	-0.0285483	-0.0807418	-0.0193855	-0.0880442	-0.0868872	0.0718602	0.137813	0.0599951	0.114402	0.0703357	0.762374	0.0496506	-0.0409023	-0.103724	-0.0723423	-0.0352755	-0.0147997	0.0129117	0.0181605	0.0288143	-0.0891249	0.0182493	0.0217253	-0.0983492	-0.0826165	-0.0136753	-0.059449	-0.0584821	-0.0369441	-0.0895988	-0.104426	-0.136925	-0.0763811	0.11065	-0.0403225	-0.00963365
-0.0853913	-0.146958	-0.0840452	1.06915	-0.0250731	-0.0235483	-0.0506459	0.897255	0.0684073	-0.0776571	-0.105229	-0.0888933	-0.139411	0.066411	-0.00623686	-0.119177	-0.118317	0.0485499	-0.0774127	-0.0360159	-0.328719	-0.279713	-0.232739	-0.280009	-0.176974	-0.180755	-0.262495	-0.188435	0.895655	-0.14913	-0.0578606	-0.222863	-0.00740743	-0.196418	-0.229775	0.900118	0.0804513	-0.0107355	0.61971	0.278174	0.468911	0.40124	0.484242	0.267806	0.381614	0.436026	0.0314541	-0.173168	-0.218629	0.0954648	0.896383	0.892262	-0.122308	-0.0960496	0.342399	0.308217	-0.271888	0.408828	0.0857119	-0.150088	-0.0549887	-0.23784	0.0623534	-0.29512	-0.185782	-0.282014	-0.292873	-0.294068	-0.209445	-0.0713376	-0.336973	-0.107948	-0.16888	0.136697	-0.0854964	-0.295507	-0.0226926	-0.314446	0.204993	-0.0782671	0.0995036	-0.323401	0.182788	-0.198458	-0.294807	-0.182437	0.330976	-0.259344	-0.275239	0.0139228	0.824799	0.0920609	-0.108907	0.0480091	-0.28191	-0.176607	-0.291895	-0.104295	-0.277092	-0.316963	-0.255637	-0.220806	-0.279712	-0.17472	-0.129851	0.330042	0.530769	0.19786	-0.298275	-0.027233	0.0338833	-0.103989	-0.314848	0.124544	-0.166166	-0.253094	-0.173785	-0.0563635	0.143692	-0.0921518	-0.0517246	-0.0705873	-0.0717346	-0.13099	-0.18198	-0.139308	-0.0392821	0.89549	-0.216996	0.402229	0.887642	0.320181	-0.231056	0.88608	0.610332	-0.1442	-0.186056	0.902028	-0.229841	0.883613	-0.208163	-0.286408	-0.0936079	-0.258683	0.274605	-0.266856	0.510534	-0.13804	-0.110372	-0.23051	-0.183803	-0.214922	-0.00319281	-0.265463	-0.079419	-0.286439	-0.070858	0.10681	-0.303697	-0.178003	-0.172781	-0.275318	-0.288861	-0.0444858	-0.226478	-0.315215	-0.21356	-0.188323	0.00616742	-0.304414	0.841443	0.420694	0.521492	0.0426379	0.171858	-0.0593955	0.513863	0.402018	-0.177787	-0.037773	0.169856	-0.0384697	-0.0357911	-0.0177891	0.239749	0.000546132	0.819012	-0.0202119	-0.291358	-0.273291	-0.305873	-0.305656	0.0213569	-0.0520353	0.0945447	0.0539447	0.0848799	-0.222515	-0.0352138	-0.259852	-0.192553	-0.259706	-0.026871	0.0227498	-0.182609	-0.174064	0.154321	-0.254053	-0.0778652	-0.0574679	0.0869027	-0.147032	-0.117641	-0.183219	-0.076372	0.217712	-0.327111	0.310817	-0.305967	0.110329	-0.0113665	-0.290265	-0.101307
-0.0919171	-0.0367602	0.0841786	-0.0250731	1.28746	1.11548	0.0392064	-0.0239246	0.100822	0.0541286	-0.00221766	-0.034352	-0.113149	0.0900426	-0.00579972	-0.00393614	-0.0062451	0.0475652	0.0615724	-0.00641184	-0.038004	0.0232537	-0.117556	-0.00595783	-0.049434	-0.0634992	-0.0414188	-0.0373919	-0.0216346	0.0822692	0.0238541	-0.0261173	-0.0451102	0.0338143	-0.0298557	-0.0206485	0.0742917	0.0138961	0.027482	0.00705636	-0.0310369	0.0136098	-0.0711377	-0.0302347	0.05724	-0.12606	-0.0992637	0.0206523	0.0476838	-0.0873823	-0.020244	-0.0195063	0.104107	0.00760503	-0.072769	-0.0125703	-0.000533531	-0.0332692	0.165308	0.160515	0.00369521	-0.073291	-0.0118576	0.0436575	-0.0801505	0.0258873	-0.0206346	-0.0189116	-0.060497	-0.0343464	0.0386814	-0.00183049	0.112294	-0.039217	0.0557321	-0.0641448	0.0371536	0.0201008	0.0464938	-0.0843165	-0.0929264	-0.0789976	0.107753	-0.0273002	-0.100293	-0.0132189	0.0609516	-0.0545151	0.0296238	0.0364167	-0.0191785	0.149705	-0.0132891	0.0474651	-0.0252573	-0.0223269	-0.0167208	-0.0399673	0.124798	-0.133212	-0.0526207	-0.0555089	-0.00753464	-0.0222479	-0.135399	-0.000897825	0.0458947	0.0255613	-0.0209455	0.043327	0.0101566	0.0685648	-0.0650971	0.0605368	0.0308515	0.0188792	-0.0724052	0.0270574	-0.0613236	0.0415459	0.0817413	0.021136	0.0144922	-0.0467322	0.0204681	-0.0499094	0.00331552	-0.0216398	-0.093701	0.00527835	-0.0307871	-0.0637382	-0.0725962	-0.0206631	-0.0392021	-0.0857379	0.0159463	-0.0170442	-0.117101	-0.0191754	-0.0370565	-0.0191603	-0.132781	-0.0736032	-0.0370083	0.00564923	-0.0779311	0.053314	-0.10288	-0.0862929	-0.0338045	-0.0956286	0.0524773	-0.00395297	0.18638	0.00564402	0.0658826	0.12187	0.037506	-0.012559	0.0632294	0.0153447	0.0815677	0.145912	0.0188399	0.044961	-0.0116906	-0.00287362	-0.0572775	-0.0567882	-0.0523978	0.0454962	-0.0975171	-0.0464786	-0.0404841	-0.106082	-0.0975626	-0.0232472	-0.0350631	0.026818	-0.066552	0.0206173	0.0254405	0.00212619	-0.0666919	-0.0577454	-0.0521118	-0.0314493	-0.0566551	-0.0690128	-0.056436	-0.0545911	0.107072	-0.0298617	0.106461	0.0802355	0.0664723	-0.0723987	-0.0243331	-0.0501321	-0.0791721	-0.0380711	-0.00447635	0.00557161	-0.0712812	-0.070534	0.0159731	-0.0487633	0.0463036	-0.00570587	-0.0884175	-0.109417	0.0586426	-0.0435963	-0.0272702	0.0257187	-0.104929	-0.0189307	-0.0984526	-0.0866703	-0.0796103	0.0411169	-0.0538638
-0.0872583	-0.0385376	0.0793961	-0.0235483	1.11548	1.27529	0.0441441	-0.0241826	0.0993222	0.0525742	-0.00389134	-0.0356965	-0.108572	0.0901627	-0.000283206	-0.0068731	-0.0076696	0.0491127	0.0626175	0.00662985	-0.041039	0.0194233	-0.119471	-0.0123227	-0.0509169	-0.0676406	-0.0454732	-0.0437403	-0.0211272	0.0754678	0.0269897	-0.0291772	-0.0434885	0.0274741	-0.0337415	-0.021709	0.0693333	0.0145622	0.0263538	0.00582357	-0.0304073	0.0122673	-0.0688279	-0.0321468	0.0539011	-0.125141	-0.097971	0.0183536	0.044766	-0.0846899	-0.0210952	-0.0201229	0.09984	0.00715659	-0.0753886	-0.0154703	-0.00623612	-0.0375515	0.165879	0.155139	0.00259195	-0.0753589	-0.0128928	0.0381833	-0.0801185	0.0192814	-0.0224196	-0.021952	-0.062904	-0.0376098	0.0318803	-0.00442713	0.107077	-0.0424993	0.0531014	-0.0655326	0.0331615	0.0129235	0.0469144	-0.0807073	-0.0915405	-0.0786309	0.107434	-0.027312	-0.100647	-0.0142541	0.061449	-0.0570366	0.0300287	0.0379405	-0.017091	0.146932	-0.00987117	0.0482537	-0.028232	-0.0239563	-0.0212564	-0.0359068	0.118419	-0.136114	-0.0563336	-0.056074	-0.00797913	-0.0221549	-0.133208	-0.00194727	0.0457295	0.0221757	-0.026351	0.0445456	0.0116199	0.0656536	-0.0670115	0.0612742	0.0285408	0.0126227	-0.0734875	0.0250693	-0.0630455	0.0400423	0.0811666	0.0186998	0.01399	-0.046307	0.0196252	-0.0481331	0.00643329	-0.0208552	-0.097353	0.00176306	-0.0304163	-0.0652425	-0.07644	-0.0200725	-0.0407663	-0.0858777	0.0116243	-0.0207155	-0.119128	-0.0215937	-0.0404402	-0.0232376	-0.129221	-0.0778049	-0.0376034	-0.000570584	-0.076608	0.0492597	-0.10199	-0.0869032	-0.0361891	-0.0968553	0.0516935	-0.00695847	0.180693	0.00340529	0.0631071	0.118201	0.0292241	-0.0185898	0.0589814	0.00829238	0.0734394	0.140199	0.0119183	0.0391962	-0.014013	-0.00553864	-0.0553796	-0.0534642	-0.0480456	0.0500841	-0.09148	-0.039884	-0.0335226	-0.0998532	-0.0913912	-0.0182318	-0.0300281	0.0306717	-0.0612016	0.0246614	0.0304441	0.00694814	-0.0611496	-0.0499967	-0.0465431	-0.0195422	-0.050565	-0.0613846	-0.0544964	-0.0529334	0.110811	-0.0118699	0.112197	0.0914033	0.0744461	-0.0664165	-0.016105	-0.047482	-0.0743912	-0.0362532	0.000284812	0.0100823	-0.0631454	-0.0611701	0.0208639	-0.0473186	0.04924	-0.000194949	-0.0824077	-0.102589	0.0623831	-0.0398496	-0.0241116	0.0305759	-0.102171	-0.012907	-0.0954476	-0.0802455	-0.0750248	0.0428369	-0.0493772
0.123653	-0.00820956	0.0710982	-0.0506459	0.0392064	0.0441441	1.8491	-0.0529734	0.0186804	0.0345722	0.191283	0.189329	0.0537654	0.0862072	0.272795	0.196584	0.193964	0.0607501	0.106958	0.434312	-0.121792	-0.174835	-0.104908	-0.0684502	-0.0901197	-0.062969	-0.173489	-0.0832801	-0.0465036	-0.056778	0.392319	0.116179	0.03857	-0.124949	-0.163815	-0.0465426	-0.122995	-0.0133223	-0.0421094	-0.0393351	0.00877135	-0.0145187	0.0880071	-0.0654792	-0.0591096	-0.0796618	-0.116886	-0.0372068	-0.0898802	-0.0483128	-0.0425329	-0.0430694	0.0328084	0.122121	-0.115649	-0.0638112	-0.131209	-0.0719711	0.197273	-0.0662017	0.031422	-0.110063	-0.0652889	-0.0717943	-0.0808442	-0.181406	-0.11664	-0.120129	-0.0402737	-0.0309298	-0.123662	-0.0744413	0.0101281	-0.130552	0.00852277	-0.133439	-0.112304	-0.140687	-0.0466245	-0.00382781	-0.0422159	-0.127353	0.140926	-0.107666	-0.109357	0.0169855	-0.0105354	-0.152648	-0.0726154	0.105782	-0.0346047	0.0941463	0.485777	0.0601339	-0.105915	0.0444361	-0.118227	0.401195	-0.067017	-0.0900453	-0.103226	-0.0489923	-0.097565	0.0287428	0.103066	-0.0712074	0.0172295	-0.114565	-0.114293	0.0653825	0.100585	-0.0741763	-0.0773167	0.162548	0.0907696	-0.148473	-0.110513	0.0176896	-0.119467	-0.0222587	0.12992	0.0777988	0.0766119	0.411751	0.323974	0.0869369	0.0975468	-0.0457264	-0.0770428	-0.0793142	-0.0632811	-0.073212	-0.113918	-0.0441903	-0.0442047	-0.080055	-0.0536051	-0.0458824	-0.103267	-0.0490781	-0.0937436	-0.116739	0.0956012	-0.0615782	-0.158964	-0.144689	-0.0192785	-0.115151	0.142518	-0.104722	0.08741	-0.0800819	0.01512	-0.0683889	0.0326805	-0.101909	-0.0798647	0.176762	-0.18211	0.0150048	-0.00129881	-0.18368	-0.0315867	-0.0206167	-0.100427	-0.092617	0.550925	0.126238	0.162911	-0.151208	-0.0769193	0.0461943	-0.046295	-0.0709612	-0.0399889	0.176533	-0.0603882	-0.0352783	0.384663	0.0491265	-0.0771831	0.10973	0.110263	-0.056817	-0.0413795	0.0460864	-0.0742547	0.25121	-0.132731	-0.146207	-0.152372	-0.151228	0.0695037	0.400168	0.0898078	0.145493	0.142621	-0.031631	0.00830656	-0.137402	-0.113125	-0.176975	-0.0543066	-0.0816267	-0.0293828	0.0703286	0.0105814	-0.0490316	-0.0447987	0.0638677	-0.0773302	-0.106344	0.0365204	-0.0402308	-0.0701962	-0.0912454	-0.151949	-0.0781957	-0.170992	-0.0629498	0.143341	-0.108234	0.150548
-0.0871178	-0.150012	-0.0851155	0.897255	-0.0239246	-0.0241826	-0.0529734	1.07209	0.0694807	-0.0770138	-0.105759	-0.0917006	-0.144864	0.0672395	-0.0110122	-0.121871	-0.120766	0.0467469	-0.0785717	-0.0404765	-0.334075	-0.284409	-0.234173	-0.281103	-0.179609	-0.182814	-0.265824	-0.19001	0.89784	-0.149289	-0.0580503	-0.220493	-0.00638765	-0.197521	-0.231627	0.899023	0.0799713	-0.0128057	0.626392	0.279328	0.467495	0.399775	0.482463	0.265362	0.382146	0.436064	0.0274694	-0.176272	-0.221274	0.0928082	0.893783	0.889635	-0.124148	-0.0959344	0.342835	0.308561	-0.272705	0.412208	0.0864698	-0.149876	-0.0548514	-0.238088	0.0616397	-0.297396	-0.190586	-0.285079	-0.297254	-0.296595	-0.212844	-0.0696799	-0.338028	-0.107588	-0.169099	0.139414	-0.0868057	-0.295132	-0.0211188	-0.31531	0.203208	-0.0808633	0.0977267	-0.32685	0.179979	-0.201403	-0.295882	-0.181837	0.327813	-0.259033	-0.276961	0.0154562	0.827155	0.0927939	-0.111967	0.0476238	-0.286274	-0.177096	-0.293458	-0.10617	-0.277045	-0.316074	-0.256797	-0.221771	-0.280036	-0.176105	-0.130033	0.329457	0.533108	0.200225	-0.299579	-0.0273628	0.03394	-0.105581	-0.316935	0.12337	-0.166355	-0.253072	-0.17709	-0.0578392	0.14524	-0.0913299	-0.0509198	-0.071876	-0.0718081	-0.130826	-0.182629	-0.141321	-0.0401233	0.894583	-0.218695	0.404786	0.892838	0.319229	-0.232179	0.885345	0.610746	-0.146918	-0.188115	0.902452	-0.231822	0.887078	-0.210185	-0.288394	-0.0930314	-0.257212	0.273523	-0.266444	0.509506	-0.139767	-0.110719	-0.231773	-0.184607	-0.216518	-0.00398626	-0.26654	-0.0775965	-0.28476	-0.0672811	0.106729	-0.30345	-0.175599	-0.17232	-0.276574	-0.288764	-0.0459948	-0.223752	-0.315103	-0.212479	-0.19035	0.00694484	-0.301547	0.847361	0.425505	0.526453	0.0447416	0.174039	-0.0577076	0.519106	0.406848	-0.17549	-0.0344234	0.173115	-0.0352739	-0.033177	-0.0151371	0.244324	0.00346828	0.823842	-0.0211436	-0.292443	-0.274131	-0.304297	-0.303031	0.0250402	-0.055392	0.0958437	0.0522122	0.0875473	-0.221809	-0.0337234	-0.257669	-0.19046	-0.25733	-0.0234729	0.0259222	-0.181098	-0.175207	0.157512	-0.251798	-0.0737462	-0.0561837	0.0889085	-0.145582	-0.114653	-0.181237	-0.0723467	0.218725	-0.324852	0.313663	-0.304461	0.113186	-0.00871535	-0.288021	-0.0984179
0.127989	-0.0794503	0.0577987	0.0684073	0.100822	0.0993222	0.0186804	0.0694807	1.52541	-0.0188312	-0.06734	-0.0681198	-0.0957747	0.186962	0.206317	-0.081826	-0.0821248	0.814163	0.0591144	0.221184	-0.267687	-0.222632	-0.145219	-0.173388	-0.0866824	-0.0677061	-0.21575	-0.170141	0.0715823	-0.0104574	0.109826	-0.0695925	-0.00975559	-0.140426	-0.164118	0.0719078	-0.0909291	-0.0108265	0.0687149	0.044703	0.230244	-0.0183895	0.143838	-0.107877	-0.000441663	0.0060692	-0.0844263	0.0139038	-0.134265	-0.0111191	0.072533	0.0709229	-0.0651526	0.0574814	-0.0536249	-0.0805829	-0.193284	-0.028882	0.206348	0.0260623	0.114253	-0.151947	0.00437913	-0.218193	-0.12766	-0.222982	-0.208909	-0.208282	-0.112218	-0.054345	-0.208764	0.341106	-0.110715	-0.0945559	0.292359	-0.245096	-0.125739	-0.220764	-0.0495313	-0.00724273	-0.0859745	-0.257769	0.23124	-0.11467	-0.225647	-0.0489079	0.0941209	-0.191522	-0.196912	0.520849	0.0963823	0.254731	0.112051	0.813645	-0.215515	-0.0853661	-0.206664	0.104143	-0.180502	-0.135394	-0.138084	-0.0367403	-0.131582	0.00949917	0.0502954	-0.0309875	0.393193	-0.0863396	-0.237839	0.309879	0.516604	-0.0707306	-0.268197	0.201362	-0.107463	-0.159981	-0.178975	0.19862	-0.100347	0.351926	0.139652	-0.00550747	-0.0032358	0.107478	-0.0500062	0.0313687	0.49477	0.0716537	-0.136074	-0.096411	0.0634332	-0.0217143	-0.158058	0.0700613	0.00931327	-0.121474	-0.0480939	0.0734368	-0.144895	0.070105	-0.180023	-0.203685	0.0115008	-0.179522	-0.102276	-0.157352	0.0277053	0.0464634	0.0572392	-0.14745	-0.0952606	-0.134725	0.414705	-0.144257	0.0556014	-0.180277	0.0909175	0.211942	-0.19808	-0.0897629	-0.0258396	-0.233031	-0.16456	0.118354	-0.170938	-0.164906	-0.10324	-0.0264489	0.490195	-0.227796	0.0414108	0.105634	-0.0717276	0.00613414	0.0111095	-0.0725992	0.0416077	0.00974354	0.00964402	-0.0595051	-0.0403565	0.0335083	0.0381549	0.0350502	0.0038001	0.00128129	0.042642	0.183246	-0.217723	-0.185845	-0.230048	-0.229246	0.0950913	0.189038	0.203352	0.242873	0.273814	-0.0704785	0.648864	-0.183936	-0.193146	-0.263099	-0.0131295	0.0751281	0.154565	-0.058821	0.382489	-0.175433	0.115228	0.0924604	-0.0623243	-0.0934362	0.0316381	-0.0752164	-0.0742091	-0.0681374	-0.27249	0.0417256	-0.241442	-0.0388967	0.46246	-0.202828	-0.0908889
-0.0682934	0.0863609	0.0675081	-0.0776571	0.0541286	0.0525742	0.0345722	-0.0770138	-0.0188312	1.3667	0.0411935	0.0438475	0.00292341	-0.0250701	-0.0172193	0.00768064	0.00867289	-0.0630156	0.0792002	0.00403141	0.0260254	0.0197874	-0.13051	0.075297	-0.119526	-0.117464	-0.0466096	0.0167774	-0.0780744	0.0576355	0.0764676	0.0481714	0.00201715	0.0599022	-0.0263138	-0.0781172	-0.00181753	-0.0171101	-0.0792861	-0.108293	-0.0191829	0.0364872	-0.0845861	-0.0529254	0.0499049	-0.151143	-0.0666302	0.028389	0.00887415	0.0034505	-0.0794863	-0.0794506	0.214276	0.0623158	-0.0763648	-0.0178255	0.117412	0.0227693	-0.0340672	0.109125	0.0264467	-0.0819484	-0.0472815	0.0978451	0.0219636	0.020468	0.0716114	0.0730066	0.0057191	0.0487378	0.100882	0.0402137	0.0838633	-0.0134476	0.0600081	0.0350717	-0.0147737	0.0483853	0.0055837	0.09147	0.022049	0.0361788	0.0131597	0.0553685	-0.0231176	-0.0216605	-0.0771181	-0.0746445	0.0896527	0.0494102	-0.0678381	0.00340963	0.0116631	-0.063563	0.0802122	0.0177293	0.0746627	0.0109664	0.131217	0.00532435	-0.0625559	-0.00437677	-0.0467546	-0.0146399	0.0212132	-0.092647	-0.0363471	-0.129858	0.0409373	0.0854705	-0.0252889	0.0149496	0.0387597	-0.0187496	0.159684	0.0601463	-0.0347639	-0.0214726	0.0496773	0.0100274	0.0508502	0.0465214	0.0417026	-0.0215234	0.0576506	0.045433	0.0338931	-0.0779643	-0.121931	-0.0105611	-0.0796734	-0.0748985	-0.0754291	-0.0780475	-0.0707632	-0.114181	-0.00981326	-0.0780989	-0.131193	-0.0755852	-0.0127654	0.0693762	-0.0337066	-0.0187204	-0.0692801	-0.0098893	-0.0404826	0.0352664	-0.0121887	-0.13021	-0.00781796	-0.119883	-0.0613593	0.013778	-0.0546697	0.0876356	-0.0152419	0.0715659	0.0531516	0.110518	0.198467	0.0116701	0.129289	0.00734231	0.00016986	0.0741922	0.0123271	0.00727699	-0.0667059	0.0535603	-0.094694	0.0029401	-0.0510177	-0.077391	-0.0683703	-0.0584466	-0.104339	-0.0847872	-0.0533683	-0.042428	-0.106834	-0.066025	-0.0566643	-0.0165988	-0.0522399	-0.0665459	-0.0927917	-0.0343555	0.0575825	0.0295887	0.0530249	0.055289	-0.0120104	0.00574662	0.000837722	-0.0145725	-0.00315101	0.00786958	-0.049655	0.0507599	-0.0433319	-0.00823353	-0.0609399	-0.0223666	-0.090109	-0.0506102	-0.0893227	0.0243876	0.0173948	-0.0386536	-0.034999	-0.120057	0.115131	-0.0196305	-0.00847428	-0.0434656	0.0171555	-0.10437	-0.0407453	-0.0682796	-0.0793819	0.0891739	0.039786
0.102	0.00121386	0.0544719	-0.105229	-0.00221766	-0.00389134	0.191283	-0.105759	-0.06734	0.0411935	1.66112	1.0962	-0.00049516	-0.015003	0.0913823	1.0853	1.08081	-0.0885733	0.14586	0.111844	-0.0624589	-0.0171466	-0.087024	0.0643714	-0.0626788	-0.0544303	-0.0749161	-0.0724605	-0.102867	-0.0645739	0.154759	0.0509009	0.0294045	0.00502338	-0.0360314	-0.102424	-0.0507188	-0.0746609	-0.0887228	-0.0821955	-0.0161144	-0.0671955	-0.0524441	-0.11996	-0.0682141	-0.0816397	-0.12149	-0.00804827	0.0286694	-0.0111214	-0.10227	-0.101435	0.0769736	0.0252769	-0.101502	-0.013414	-0.0280058	0.00223238	0.0600172	-0.0100933	-0.037944	-0.0754866	-0.070851	-0.0271035	-0.0482548	-0.0171398	-0.0501112	-0.0491539	-0.0332918	-0.0279559	-0.0124715	-0.106726	0.0764814	-0.0933148	-0.0795556	-0.0303963	-0.0587225	-0.0101807	-0.0675996	0.0574033	-0.0720811	-0.0629899	0.0120435	-0.0391468	-0.0524351	-0.0225096	-0.0634888	-0.0546957	-0.0314102	0.0589195	-0.090504	0.0884383	0.280615	-0.0899932	-0.0118481	0.0250488	-0.0483033	0.161782	0.0132509	-0.133101	-0.0667739	-0.0611797	-0.079755	-0.0171249	0.0466332	-0.139748	-0.086251	-0.0684231	-0.0614154	-0.0240272	-0.0186642	-0.0803078	-0.0691421	0.00115038	0.0120964	-0.0248245	-0.0489862	0.00917351	-0.0312994	-0.0241962	0.04057	0.00864623	0.00537553	0.259913	0.0997772	0.0186948	0.0227415	-0.102952	-0.109851	-0.0797037	-0.111638	-0.0429036	-0.0642089	-0.102672	-0.0600506	-0.0663597	-0.0191272	-0.0998059	-0.0869555	-0.101106	-0.0250145	-0.0481743	0.0334431	-0.0760285	-0.0934676	-0.0613368	-0.0744147	-0.0620889	0.111517	-0.0829276	0.0627737	-0.110514	-0.083519	-0.0238506	0.0359973	-0.0305368	-0.010265	-0.00323252	-0.0245518	-0.0164239	0.0449351	-0.023227	0.0466083	0.070944	-0.013142	-0.0394276	0.0676171	0.0167808	0.0117739	-0.081833	-0.129139	-0.023297	-0.105532	-0.121704	-0.0886589	0.150372	-0.146183	-0.133694	0.173811	0.123958	-0.122158	0.023011	0.023553	-0.0527075	-0.148626	-0.0539137	-0.128043	0.0630333	-0.0770106	-0.0310186	-0.0823646	-0.0793806	-0.0169001	0.0952313	0.001263	-0.00951819	0.000404371	-0.044785	-0.0184948	0.00985853	-0.0419777	-0.0382309	-0.0861331	-0.0776929	-0.016045	0.0139231	-0.112618	0.215308	-0.000331894	-0.0521299	-0.124267	-0.137825	-0.025646	-0.0490813	-0.0544325	-0.0944581	-0.0834233	-0.0918913	-0.0822668	-0.0486193	-0.0107886	-0.038611	0.946607
0.0742033	-0.0145442	0.0658323	-0.0888933	-0.034352	-0.0356965	0.189329	-0.0917006	-0.0681198	0.0438475	1.0962	1.60995	0.0246388	-0.00125111	0.094163	1.11286	1.10358	-0.076948	0.117602	0.0953233	-0.0422985	-0.0127796	-0.069321	0.0581338	-0.0484101	-0.0500303	-0.0621713	-0.0461888	-0.0812928	-0.0653447	0.145457	0.0367046	0.0365971	0.0166148	-0.0408823	-0.0813274	-0.0357907	-0.059531	-0.0966426	-0.10041	-0.0217799	-0.0781238	-0.072722	-0.0757755	-0.0631329	-0.0832921	-0.0993922	-0.00769545	0.00497432	0.0376975	-0.0734271	-0.0730936	0.113498	0.0340301	-0.109695	-0.0279965	-0.0117722	0.0246629	0.0366056	0.00269668	-0.00746449	-0.0455517	-0.0526088	-0.00156265	-0.0235342	-0.0186665	-0.0322637	-0.0385829	-0.0437852	-0.0243692	-0.0382099	-0.0782995	0.077379	-0.100739	-0.0708063	-0.0450867	-0.0705283	-0.023866	-0.0650983	0.0410251	-0.0719707	-0.0690804	0.052817	-0.0360353	-0.0423173	-0.0477764	-0.0476692	-0.0599807	-0.0206992	0.0344252	-0.0773526	0.0941018	0.258509	-0.0802099	0.0164827	-0.00896294	-0.0397331	0.156343	0.0168328	-0.12671	-0.0435799	-0.0426558	-0.0988267	-0.0190825	0.0347169	-0.121411	-0.102298	-0.0759366	-0.0738221	-0.024373	-0.00400763	-0.0814527	-0.0535833	0.00305878	0.00325607	-0.0387451	-0.0593846	-0.0026548	-0.0186008	-0.03976	0.054292	0.0200314	0.0148255	0.210058	0.0899598	-0.00809128	0.0224193	-0.0802685	-0.101227	-0.0900343	-0.104197	-0.0117532	-0.0558883	-0.0794403	-0.0563558	-0.051588	-0.0366206	-0.0777473	-0.0689728	-0.0831066	-0.0119252	-0.0394999	0.0117062	-0.072397	-0.0836841	-0.0782311	-0.0533378	-0.0418102	0.097552	-0.076655	0.0556679	-0.106624	-0.0612766	-0.0368398	0.0280612	-0.0200235	-0.00891295	0.0234719	-0.00124649	-0.00306062	0.0325791	-0.0147353	0.0586537	0.0851897	-0.0151474	-0.023906	0.0649162	0.0424378	-0.0102127	-0.087703	-0.12445	-0.0375821	-0.121871	-0.114867	-0.110359	0.135198	-0.136513	-0.143448	0.156977	0.0975129	-0.130165	0.0159763	0.0136098	-0.0615252	-0.140779	-0.0703129	-0.122875	0.0466049	-0.0783505	-0.0486068	-0.0878866	-0.0862529	0.00629692	0.066514	0.000623834	-0.00374904	-0.00730444	-0.0582368	-0.0470027	-0.0046788	-0.0563703	-0.0417863	-0.112764	-0.0918253	-0.037607	-0.00269151	-0.119499	0.190095	-0.0462204	-0.0456227	-0.139806	-0.141605	-0.0147267	-0.0678914	-0.0527063	-0.0938627	-0.104098	-0.0894805	-0.103916	-0.0561832	-0.0333966	-0.0488704	0.886604
0.267112	0.503977	0.0942049	-0.139411	-0.113149	-0.108572	0.0537654	-0.144864	-0.0957747	0.00292341	-0.00049516	0.0246388	1.44768	-0.0682115	0.0382493	-0.00421745	-0.0061368	-0.0247791	0.116734	0.0871834	0.036573	-0.0442601	-0.0502193	0.0448503	-0.149087	-0.0958129	-0.0815934	0.0294689	-0.132325	0.0194477	0.0606022	0.139422	0.056392	-0.0813817	-0.0589384	-0.133241	-0.0687253	-0.071056	-0.162107	-0.114834	-0.0680765	-0.068714	0.046349	-0.0410084	-0.0834482	-0.057203	0.0949629	-0.0990623	-0.0579796	0.0289158	-0.125095	-0.124648	-0.0413692	0.311138	-0.0452855	-0.0897975	0.00242185	-0.0792398	-0.0515936	-0.05834	0.258749	0.169217	0.0301533	0.0583212	0.49382	-0.0583856	0.0236964	0.0142298	0.1076	0.029425	-0.0381863	0.012504	-0.0668296	-0.0132545	-0.0830116	-0.0227203	0.0209025	-0.0388332	0.00902701	0.128375	0.174375	0.0153828	-0.0114214	0.0375377	-0.0133737	0.0132995	-0.090696	-0.0559181	0.0392463	-0.0513882	-0.129889	-0.0556807	0.0435794	-0.0287926	0.0754746	0.0710815	0.0145595	0.23181	0.0556244	-0.0459499	-0.111762	-0.045673	-0.0555723	-0.0312844	0.555732	-0.0866193	-0.0960016	-0.151772	0.177704	0.114931	0.166706	-0.123477	0.242605	-0.0336623	0.0902213	-0.0463172	0.22376	0.359232	0.0201898	-0.0716116	0.218707	-0.0657507	-0.0707781	0.117995	0.136523	0.195409	-0.0435738	-0.130772	-0.0661498	-0.173223	-0.158408	-0.124599	-0.0549854	-0.127991	-0.127941	-0.0862884	-0.0540529	-0.134483	-0.0474681	-0.137884	-0.0441676	0.0106336	0.625966	0.024859	-0.0599229	-0.0727552	0.148132	-0.112467	0.317127	-0.0305813	0.158366	-0.0695388	-0.0898545	-0.0348097	-0.0762807	-0.0346433	-0.0531556	0.0218944	-0.0806754	0.0811777	0.0699534	-0.0774221	0.050738	-0.107961	-0.0738629	-0.0146754	0.0688658	0.0558647	0.0722297	-0.0371938	-0.171136	-0.117565	-0.111933	-0.0310779	-0.043937	0.00787016	-0.0955641	-0.104263	-0.0716902	-0.0611103	-0.148402	-0.0607774	-0.0599231	-0.0143329	-0.0286215	0.0710227	-0.168234	-0.00669884	-0.0193161	-0.0513733	-0.0376878	-0.0367719	-0.121831	0.0651657	-0.0399218	-0.0395394	-0.0692129	0.161554	-0.0241239	-0.0347217	-0.0663394	-0.123471	-0.0467939	-0.0761772	-0.0676511	0.00859969	-0.129943	-0.00721598	-0.0518595	-0.0693947	-0.0394292	-0.110859	0.0701724	0.0108807	0.00158263	-0.107241	-0.0317292	-0.159968	-0.0609685	-0.0965387	0.0475699	-0.00105409	-0.039249
0.128415	-0.168117	0.123151	0.066411	0.0900426	0.0901627	0.0862072	0.0672395	0.186962	-0.0250701	-0.015003	-0.00125111	-0.0682115	1.59578	0.12822	-0.00957457	-0.00926318	0.325901	0.0901537	0.171989	-0.0905213	-0.228602	-0.0415442	-0.185352	-0.108776	-0.0798212	-0.205013	-0.0362659	0.0688671	-0.0509251	0.0321063	-0.0894541	-0.0851174	-0.0694884	-0.164541	0.0680627	-0.0492503	-0.0442607	0.00919967	0.0626858	0.105044	-0.0790886	0.0560421	-0.119018	-0.0871399	-0.0887041	0.00506312	0.164308	-0.206636	-0.0384575	0.0687782	0.0692119	-0.03099	-0.0189398	-0.0926729	-0.131974	-0.25998	-0.0471225	0.461326	0.00568673	0.342354	0.000285928	-0.0586231	-0.210775	-0.0471563	-0.229958	-0.236814	-0.238524	-0.0179642	0.0271284	-0.125495	0.0924749	-0.0370105	0.0647117	0.11371	-0.173165	-0.165009	-0.165392	-0.0631233	-0.0247737	-0.0319502	-0.10025	0.353202	-0.194825	-0.0705024	-0.028711	0.12924	-0.0742571	-0.194315	0.0578392	0.0681486	0.255836	0.0827899	0.324228	-0.186468	-0.111692	-0.237535	0.0855202	-0.226115	-0.0181456	-0.210252	-0.141017	-0.103435	0.0548833	0.00681325	-0.0032611	0.112533	-0.0389679	-0.113629	0.124908	0.297094	0.155081	-0.104081	0.113392	-0.087281	-0.266192	-0.0346082	0.167876	-0.0116831	0.251476	0.249319	0.00484526	0.00363735	0.0301553	-0.0474706	0.00957905	0.0664734	0.0683796	-0.0221453	0.0119179	0.0630511	0.00587335	-0.0303033	0.0690311	0.03929	-0.0881762	-0.0925438	0.0686026	-0.0400042	0.0680746	-0.0519808	-0.22913	0.00835975	-0.0217777	-0.0189943	-0.191508	0.0692767	0.0517837	0.0713412	0.0290777	0.0358629	-0.0218714	0.0844935	-0.156647	0.0844459	-0.110323	0.0645305	0.352957	-0.198174	-0.119382	-0.145916	-0.196236	-0.17143	-0.00557984	-0.12987	-0.0893789	-0.135668	-0.0630876	0.214266	-0.247303	0.0520268	0.125322	-0.0495901	-0.0445353	-0.0332122	-0.044964	-0.0237474	-0.0147991	0.0647061	-0.0656082	0.0192307	-0.0254967	-0.0180502	0.0816285	-0.04092	0.0855149	0.0552437	0.122896	-0.233507	-0.113673	-0.247012	-0.246662	0.554567	0.14748	0.339624	0.287336	0.287756	0.0171764	0.154246	-0.220448	-0.134704	-0.155628	-0.0805185	-0.0524809	0.0306561	-0.00764108	0.140364	-0.127108	-0.0574443	0.158098	-0.00882535	-0.00803195	0.155035	0.047845	0.0156492	-0.0132073	-0.115431	0.0855555	-0.102451	-0.0448363	0.204717	-0.231275	-0.0477049
0.230264	0.0179683	0.000201789	-0.00623686	-0.00579972	-0.000283206	0.272795	-0.0110122	0.206317	-0.0172193	0.0913823	0.094163	0.0382493	0.12822	1.78021	0.115148	0.110249	0.185626	0.0775834	0.31434	-0.140499	-0.251047	-0.0974752	-0.17045	-0.0463735	-0.0708745	-0.218032	-0.0932623	0.00104069	-0.0255528	0.271735	0.0155413	-0.0554606	-0.142982	-0.207988	0.000408667	-0.164721	-0.036343	-0.0494055	-0.000528565	0.03799	-0.0354108	0.194922	0.00832823	-0.0395016	0.074374	-0.0157294	0.0992079	-0.126003	-0.0220471	0.00953275	0.0100218	-0.0702041	0.0868567	-0.0256586	-0.0674141	-0.125784	-0.130338	0.252691	-0.0282079	0.117855	-0.0893305	-0.022052	-0.122841	-0.0920379	-0.263153	-0.114277	-0.123341	-0.109939	0.026439	-0.169286	0.0245015	-0.0570727	-0.15651	-0.0359779	-0.220601	-0.16109	-0.184491	-0.0467535	0.0520496	0.0370792	-0.174006	0.152931	-0.0793744	-0.128088	-0.0012207	0.0174676	-0.180975	-0.129986	0.180397	0.0094055	0.168439	0.277044	0.181214	-0.138368	-0.0302793	-0.122053	0.266288	-0.120063	-0.12437	-0.0996851	-0.0747244	-0.0853756	0.0550002	0.130404	-0.0087065	0.078467	-0.125092	-0.139984	0.0912695	0.172843	-0.058545	-0.0999814	0.161163	0.0291965	-0.194684	-0.06028	0.129456	-0.133534	0.0823469	0.167627	-0.0116388	-0.0132061	0.510867	0.110264	0.0817973	0.224581	0.00243788	-0.0464123	-0.115661	-0.0261452	-0.067139	-0.136056	0.00347875	-0.0169802	-0.0656537	-0.0724455	0.00133791	-0.0955103	-0.00893236	-0.169027	-0.128077	0.122084	-0.173324	-0.109828	-0.124887	0.0158394	-0.0127266	0.189156	-0.0658248	0.0576358	-0.0513366	0.023555	-0.128188	0.0764301	-0.220137	0.013179	0.134913	-0.213707	-0.0805717	-0.0426091	-0.264807	-0.151973	-0.0734657	-0.215098	-0.192553	-0.00901538	0.219446	0.272716	-0.16812	-0.0425935	0.00068415	-0.0255569	-0.0625632	-0.0500088	0.052489	-0.011169	-0.0245036	0.0893583	-0.0141016	-0.0444693	0.205619	0.208457	-0.0754994	-0.0512905	0.0134548	-0.0409614	1.50587	-0.146393	-0.200977	-0.168044	-0.168178	0.0358858	0.273027	0.139749	0.176355	0.229257	-0.0166913	0.173105	-0.208183	-0.144522	-0.214727	-0.048907	-0.0487656	0.0951757	0.0506726	0.0582358	-0.152478	-0.0479623	0.0816401	-0.0804379	-0.0576461	0.0353794	-0.0396406	-0.0210304	-0.058813	-0.216076	-0.053948	-0.219154	-0.0750999	0.252093	-0.154526	0.0587627
0.0458529	-0.0271847	0.0589191	-0.119177	-0.00393614	-0.0068731	0.196584	-0.121871	-0.081826	0.00768064	1.0853	1.11286	-0.00421745	-0.00957457	0.115148	1.65602	1.49353	-0.0942931	0.0819486	0.106987	-0.00543673	-0.0368823	-0.0408179	0.0507011	-0.00860798	-0.000285497	-0.0275569	-0.0504333	-0.113562	-0.0713088	0.145947	0.0223053	0.00227171	0.0144819	-0.0588391	-0.113633	-0.0589226	-0.0694605	-0.106605	-0.0151397	-0.0542686	-0.0896707	-0.0779801	-0.108675	-0.0899602	-0.0486037	-0.0623671	0.00899362	0.00274473	-0.0144633	-0.107988	-0.107124	0.0620341	0.0349856	-0.0759153	-0.0623401	-0.00359096	-0.02188	0.0752987	-0.0220148	-0.00372688	-0.078961	-0.082621	0.0104122	-0.0275896	-0.0428176	-0.0172722	-0.0216789	-0.0173518	0.0263249	-0.047468	-0.0943518	0.067275	-0.0522731	-0.0708439	-0.0681244	-0.0461504	-0.0105139	-0.0505537	-0.0244507	-0.027374	-0.0329012	0.00386078	-0.000161206	-0.00146755	-0.0761269	-0.0652061	-0.0404216	-0.0108379	0.0187052	-0.106378	0.0600932	0.203613	-0.0966114	0.0127042	0.0213774	-0.0221838	0.102004	0.0131026	-0.0897938	0.000631869	-0.0380619	-0.0576296	0.000401232	0.00729122	-0.0925156	-0.138364	-0.094985	-0.0839685	-0.045903	-0.0204865	-0.0368722	-0.0246062	-0.0183833	0.00922473	-0.0342256	-0.00930171	-0.0113131	-0.0642249	-0.0498911	0.0400211	-0.00468478	-0.00784177	0.264492	0.0720221	-0.0206591	0.031756	-0.113003	-0.0379565	-0.0964708	-0.133828	-0.0542963	-0.0208913	-0.110778	-0.0747283	-0.00449001	-0.0171223	-0.111008	-0.0399144	-0.115331	0.025906	-0.022256	-0.0183769	-0.0592286	-0.126675	-0.033232	-0.112348	-0.0439768	0.0762109	-0.0500447	0.0557622	-0.0438539	-0.0566348	-0.0033229	0.0436749	-0.0412356	-0.00870438	-0.00614752	-0.0221339	0.0185608	0.038954	-0.0342966	0.0332409	0.0475633	-0.0297408	-0.0474712	0.0569269	0.0643747	-0.0282103	-0.071351	-0.150613	-0.0324918	-0.125597	-0.138996	-0.127938	0.128814	-0.184816	-0.183846	0.176249	0.112745	-0.113625	0.0460372	0.0429754	-0.103434	-0.150959	-0.105825	-0.149309	0.063031	-0.0632435	-0.062791	-0.0702492	-0.0692078	0.00906198	0.0829309	-0.00961234	-0.0525083	-0.0323988	-0.0454888	-0.0653519	-0.0182409	-0.0437665	-0.0515125	-0.130606	-0.111203	-0.0301972	0.00383626	-0.134114	0.205137	-0.0423388	-0.0581354	-0.139508	-0.109286	-0.0176816	-0.0367676	-0.0176642	-0.086316	-0.072076	-0.106421	-0.0796252	-0.0736739	-0.0542853	-0.045109	0.967363
0.0446043	-0.0311377	0.0543374	-0.118317	-0.0062451	-0.0076696	0.193964	-0.120766	-0.0821248	0.00867289	1.08081	1.10358	-0.0061368	-0.00926318	0.110249	1.49353	1.65025	-0.0938887	0.0805708	0.106271	-0.0124621	-0.0426944	-0.0433313	0.045784	-0.0124067	-0.00481742	-0.0325624	-0.0565116	-0.1137	-0.0740268	0.149652	0.0232351	0.00321698	0.0105802	-0.0616457	-0.114111	-0.0602537	-0.0721534	-0.101931	-0.0140925	-0.0561	-0.0908321	-0.079051	-0.110135	-0.0908758	-0.0510197	-0.0667491	0.00379942	-0.000776948	-0.0186047	-0.110993	-0.110165	0.0571067	0.0336014	-0.0776443	-0.0637668	-0.00648512	-0.0225447	0.0769482	-0.0236072	-0.00466151	-0.0800126	-0.084269	0.00438222	-0.0317387	-0.0457233	-0.0221248	-0.0244484	-0.021581	0.0240732	-0.0500628	-0.0944416	0.0633706	-0.0506269	-0.072668	-0.0658022	-0.0443514	-0.01459	-0.049907	-0.0250149	-0.0306618	-0.0340658	0.000558047	-0.0031885	-0.00386476	-0.0744477	-0.0660149	-0.0418132	-0.00900892	0.0200868	-0.105377	0.0588386	0.202791	-0.0962148	0.00751559	0.0205706	-0.0236081	0.10196	0.0106341	-0.0904368	-0.00186405	-0.0406197	-0.057427	-0.00219339	0.00741253	-0.0933966	-0.136613	-0.0929013	-0.085925	-0.0455539	-0.0197575	-0.0370952	-0.0255062	-0.0192946	0.00627342	-0.0343512	-0.0136923	-0.0147314	-0.0635755	-0.0492319	0.0405393	-0.00654198	-0.00844128	0.263194	0.0711387	-0.0228499	0.0320743	-0.113429	-0.0435377	-0.0956723	-0.129136	-0.0561615	-0.0227926	-0.112377	-0.0753474	-0.00811484	-0.0196654	-0.113858	-0.0434744	-0.115308	0.0217409	-0.0244623	-0.0161882	-0.0596547	-0.126212	-0.0355826	-0.112488	-0.0478997	0.0742131	-0.0528959	0.0542698	-0.0459036	-0.0566325	-0.00490253	0.0434814	-0.0374885	-0.00443947	-0.00822126	-0.0235906	0.0170238	0.038711	-0.0378871	0.0296855	0.0455142	-0.0272533	-0.0477041	0.0571698	0.0591666	-0.0282454	-0.0668731	-0.145299	-0.0278934	-0.120554	-0.133446	-0.122444	0.134195	-0.17908	-0.178777	0.180319	0.117664	-0.108681	0.0496638	0.0464714	-0.0986135	-0.145478	-0.10144	-0.143955	0.0675249	-0.0588311	-0.0577979	-0.0651185	-0.0639143	0.0148358	0.0888121	-0.00396032	-0.0481404	-0.0279132	-0.0407733	-0.0603905	-0.0135896	-0.0394673	-0.0467906	-0.124314	-0.106072	-0.0249359	0.0086383	-0.128583	0.210323	-0.0375878	-0.0530197	-0.134453	-0.10416	-0.0127009	-0.0322308	-0.0130811	-0.0816223	-0.0677533	-0.100549	-0.0751486	-0.0685101	-0.0517824	-0.0410377	0.969734
