0.000010 0.000010 0.001549 0.026923 0.853805 0.000010 0.000010 0.117673 0.000010
0.000010 0.000010 0.116168 0.317559 0.538729 0.000010 0.000010 0.000010 0.027495
0.000010 0.000010 0.026159 0.233739 0.482933 0.000010 0.034756 0.222373 0.000010
0.000010 0.000010 0.000010 0.000010 0.000010 0.000010 0.999920 0.000010 0.000010
0.020816 0.000010 0.019009 0.435913 0.000010 0.000010 0.036928 0.487294 0.000010
0.033221 0.000010 0.023127 0.419595 0.000010 0.000010 0.031908 0.492108 0.000010
0.000010 0.000010 0.006666 0.060461 0.850923 0.001571 0.005227 0.075122 0.000010
0.000010 0.000010 0.000010 0.000010 0.000010 0.000010 0.999920 0.000010 0.000010
0.000010 0.000010 0.000010 0.081628 0.000010 0.000010 0.000010 0.918302 0.000010
0.015706 0.040275 0.117720 0.334154 0.226485 0.000010 0.063315 0.147226 0.055108
0.000010 0.040250 0.000010 0.201306 0.758384 0.000010 0.000010 0.000010 0.000010
0.000010 0.000010 0.025420 0.209788 0.764731 0.000010 0.000010 0.000010 0.000010
0.000010 0.000010 0.105368 0.082715 0.767061 0.000010 0.000010 0.000010 0.044807
0.000010 0.046032 0.000010 0.000010 0.029038 0.093063 0.074280 0.702725 0.054831
0.000010 0.000010 0.000010 0.000010 0.636014 0.039884 0.029241 0.294811 0.000010
0.000010 0.000010 0.020953 0.215048 0.763936 0.000010 0.000010 0.000013 0.000010
0.000010 0.000010 0.024493 0.206192 0.769255 0.000010 0.000010 0.000010 0.000010
0.000010 0.000010 0.000010 0.000010 0.000010 0.000010 0.000010 0.999920 0.000010
0.000010 0.000010 0.029539 0.140633 0.563562 0.000010 0.000010 0.266215 0.000010
0.000010 0.000010 0.000010 0.000010 0.790321 0.000010 0.000010 0.209609 0.000010
0.000010 0.000010 0.024940 0.171332 0.000010 0.000010 0.000010 0.000010 0.803668
0.000011 0.000010 0.000010 0.999919 0.000010 0.000010 0.000010 0.000010 0.000010
0.000010 0.000010 0.000010 0.000010 0.000010 0.999920 0.000010 0.000010 0.000010
0.000010 0.054742 0.097868 0.810420 0.023322 0.000010 0.000010 0.000010 0.013609
0.000010 0.000010 0.000010 0.000010 0.000010 0.999920 0.000010 0.000010 0.000010
0.000010 0.000010 0.000010 0.000010 0.000010 0.999920 0.000010 0.000010 0.000010
0.000010 0.000010 0.000010 0.677913 0.000010 0.322017 0.000010 0.000010 0.000010
0.000010 0.000010 0.064357 0.624044 0.067238 0.026510 0.027369 0.093664 0.096798
0.000010 0.000010 0.000010 0.000018 0.000010 0.000010 0.999912 0.000010 0.000010
0.000010 0.000010 0.086923 0.460103 0.036361 0.015944 0.026619 0.291803 0.082226
0.068275 0.033484 0.000010 0.021474 0.856418 0.000010 0.000010 0.020309 0.000010
0.000010 0.044609 0.512373 0.000010 0.442958 0.000010 0.000010 0.000010 0.000010
0.000010 0.103463 0.000010 0.404668 0.323682 0.000010 0.168137 0.000010 0.000010
0.000010 0.000010 0.000010 0.488807 0.000010 0.000010 0.000010 0.120130 0.391002
0.000010 0.000010 0.000010 0.718740 0.000010 0.281190 0.000010 0.000010 0.000010
0.000010 0.000010 0.000010 0.000010 0.000010 0.000010 0.999920 0.000010 0.000010
0.070339 0.000010 0.000010 0.488594 0.000010 0.000010 0.281620 0.103327 0.056080
0.000010 0.000010 0.499383 0.000010 0.107954 0.190930 0.168084 0.033609 0.000010
0.000010 0.171763 0.000010 0.055155 0.000010 0.000010 0.736616 0.036415 0.000010
0.100585 0.000010 0.000010 0.000010 0.116450 0.281970 0.368020 0.132935 0.000010
0.000010 0.000010 0.000010 0.073879 0.092947 0.000010 0.560915 0.272209 0.000010
0.000010 0.000010 0.000010 0.000010 0.000010 0.000010 0.559833 0.000010 0.440097
0.000010 0.000010 0.000010 0.000010 0.442996 0.000010 0.556934 0.000010 0.000010
0.000010 0.000010 0.520987 0.000010 0.000010 0.000010 0.478943 0.000010 0.000010
0.000010 0.000010 0.000010 0.423805 0.000010 0.000010 0.576125 0.000010 0.000010
0.000010 0.000010 0.000010 0.000010 0.000010 0.408648 0.591282 0.000010 0.000010
0.000010 0.000010 0.049932 0.034516 0.139029 0.377968 0.240070 0.000010 0.158454
0.000010 0.000010 0.000010 0.532910 0.000018 0.000010 0.000010 0.386535 0.080487
0.000010 0.000010 0.012215 0.554468 0.000010 0.433258 0.000010 0.000010 0.000010
0.000010 0.000010 0.013140 0.243607 0.076699 0.315478 0.253729 0.097317 0.000010
0.000010 0.000010 0.000010 0.000010 0.000010 0.000010 0.999920 0.000010 0.000010
0.000010 0.000010 0.000010 0.000010 0.000010 0.000010 0.999920 0.000010 0.000010
0.000010 0.000010 0.072742 0.524382 0.167272 0.000010 0.046215 0.189349 0.000010
0.000010 0.000010 0.000010 0.085999 0.913931 0.000010 0.000010 0.000010 0.000010
0.000010 0.000010 0.000010 0.000010 0.000010 0.000010 0.521200 0.000010 0.478730
0.000010 0.000010 0.000010 0.481499 0.000010 0.000010 0.518431 0.000010 0.000010
0.000010 0.000010 0.999920 0.000010 0.000010 0.000010 0.000010 0.000010 0.000010
0.000010 0.000010 0.031637 0.328017 0.000010 0.000010 0.640286 0.000010 0.000010
0.037650 0.000010 0.000010 0.016200 0.176301 0.000010 0.084208 0.685601 0.000010
0.000010 0.011765 0.053839 0.509439 0.059175 0.000010 0.018146 0.296473 0.051143
0.000010 0.000010 0.032016 0.139113 0.263362 0.000010 0.020685 0.464335 0.080459
0.000010 0.000010 0.000010 0.106226 0.174411 0.687525 0.000010 0.000010 0.031789
0.562328 0.000010 0.000010 0.127781 0.074099 0.034648 0.155254 0.000010 0.045860
0.000010 0.000010 0.050464 0.949466 0.000010 0.000010 0.000010 0.000010 0.000010
0.000010 0.000010 0.156087 0.356402 0.367956 0.002330 0.000010 0.000010 0.117185
0.000010 0.000010 0.000010 0.999920 0.000010 0.000010 0.000010 0.000010 0.000010
0.000010 0.000010 0.999916 0.000010 0.000014 0.000010 0.000010 0.000010 0.000010
0.000010 0.000010 0.999919 0.000010 0.000011 0.000010 0.000010 0.000010 0.000010
0.000010 0.000010 0.019944 0.000010 0.075097 0.000010 0.000010 0.107362 0.797547
0.017521 0.000018 0.539858 0.000010 0.000010 0.053320 0.045700 0.343552 0.000010
0.000010 0.000010 0.015167 0.680815 0.000010 0.000010 0.000010 0.000010 0.303958
0.000010 0.000010 0.556579 0.000010 0.000010 0.000010 0.000010 0.443351 0.000010
0.000010 0.000010 0.000010 0.733101 0.000010 0.000010 0.000010 0.266829 0.000010
0.000010 0.000010 0.000010 0.000010 0.000010 0.000010 0.398786 0.000010 0.601144
0.000010 0.000010 0.000010 0.391820 0.000010 0.000010 0.000010 0.606643 0.001477
0.000010 0.054978 0.000010 0.689211 0.000010 0.000010 0.000010 0.000010 0.255751
0.000010 0.048987 0.447144 0.118983 0.000010 0.000010 0.234086 0.000010 0.150760
0.000016 0.000010 0.000010 0.506751 0.000011 0.000010 0.000010 0.000010 0.493172
0.001623 0.000010 0.226723 0.239189 0.034048 0.015446 0.329512 0.153439 0.000010
0.000010 0.000010 0.091213 0.279445 0.507296 0.061120 0.031362 0.029533 0.000010
0.000010 0.000010 0.050561 0.081992 0.258525 0.000020 0.287599 0.000010 0.321274
0.000010 0.000010 0.000010 0.000010 0.000010 0.000010 0.000010 0.000010 0.999920
0.000010 0.000010 0.000010 0.082946 0.049018 0.000010 0.141176 0.726810 0.000010
0.000010 0.000010 0.610920 0.204711 0.184305 0.000014 0.000010 0.000010 0.000010
0.000010 0.000010 0.000010 0.000014 0.000010 0.471453 0.000010 0.000010 0.528473
0.000010 0.060504 0.000010 0.093300 0.163613 0.577369 0.000010 0.067244 0.037941
0.382936 0.000010 0.000010 0.014853 0.000012 0.043063 0.413655 0.145451 0.000010
0.000010 0.023393 0.000010 0.505255 0.000010 0.471292 0.000010 0.000010 0.000010
0.000010 0.075805 0.054560 0.869568 0.000017 0.000010 0.000010 0.000010 0.000010
0.000010 0.048519 0.020527 0.157485 0.250650 0.000010 0.037337 0.485451 0.000010
0.000010 0.000010 0.000010 0.000010 0.000010 0.000010 0.962340 0.037590 0.000010
0.004003 0.000010 0.000010 0.105764 0.059708 0.000010 0.083949 0.746536 0.000010
0.000010 0.000010 0.000010 0.000010 0.976865 0.023065 0.000010 0.000010 0.000010
0.000010 0.000010 0.000010 0.000010 0.000010 0.000010 0.000010 0.999920 0.000010
0.000010 0.000010 0.999920 0.000010 0.000010 0.000010 0.000010 0.000010 0.000010
0.000010 0.067938 0.000010 0.384288 0.317696 0.230027 0.000010 0.000010 0.000010
0.000010 0.000010 0.999916 0.000010 0.000014 0.000010 0.000010 0.000010 0.000010
0.000019 0.000017 0.000010 0.000010 0.999904 0.000010 0.000010 0.000010 0.000010
0.000010 0.036807 0.172064 0.791069 0.000010 0.000010 0.000010 0.000010 0.000010
0.000010 0.000010 0.000010 0.000011 0.000010 0.456480 0.000010 0.000010 0.543449
0.000010 0.000010 0.572123 0.000010 0.000010 0.427807 0.000010 0.000010 0.000010
0.000010 0.000013 0.428262 0.030282 0.054780 0.418851 0.000010 0.067781 0.000010
0.000010 0.000010 0.000010 0.000010 0.000010 0.523912 0.000010 0.000010 0.476018
0.000332 0.000010 0.000010 0.094570 0.276845 0.551026 0.000010 0.070537 0.006660
0.000010 0.000010 0.050051 0.000010 0.949879 0.000010 0.000010 0.000010 0.000010
0.000010 0.000010 0.000010 0.000010 0.000010 0.544146 0.455784 0.000010 0.000010
0.000010 0.016754 0.000010 0.003677 0.000010 0.000010 0.554575 0.424944 0.000010
0.000010 0.073325 0.000010 0.189021 0.000010 0.159170 0.392398 0.000010 0.186046
0.000010 0.000010 0.073914 0.180390 0.135180 0.000010 0.000010 0.000010 0.610466
0.000010 0.000010 0.000010 0.156671 0.343010 0.000010 0.000010 0.500260 0.000010
0.000010 0.000010 0.000010 0.000010 0.268906 0.000010 0.000010 0.731024 0.000010
0.000010 0.063197 0.003945 0.231403 0.000010 0.435335 0.039284 0.222376 0.004440
0.000010 0.000010 0.054453 0.020701 0.176701 0.000010 0.000010 0.000010 0.748096
0.004289 0.000010 0.059215 0.088658 0.247271 0.033350 0.139553 0.427645 0.000010
0.002316 0.000010 0.002341 0.512704 0.358692 0.000010 0.000010 0.061117 0.062800
0.000010 0.000010 0.464043 0.535887 0.000010 0.000010 0.000010 0.000010 0.000010
0.000010 0.000010 0.117449 0.196692 0.187563 0.417001 0.000010 0.000010 0.081255
0.000010 0.000010 0.053026 0.106008 0.438174 0.000010 0.000010 0.387964 0.014788
0.000010 0.000010 0.000010 0.000010 0.000010 0.000010 0.377294 0.000010 0.622636
0.000010 0.051220 0.000010 0.279956 0.000010 0.000010 0.000010 0.654425 0.014348
0.000010 0.000010 0.028317 0.056525 0.630217 0.000010 0.011977 0.272924 0.000010
0.000010 0.000010 0.000010 0.083110 0.031594 0.566180 0.023270 0.295806 0.000010
0.000010 0.000010 0.000010 0.078180 0.029452 0.566482 0.018925 0.306922 0.000010
0.064607 0.000010 0.000010 0.000010 0.798568 0.044755 0.000010 0.092020 0.000010
0.000010 0.002791 0.054829 0.359610 0.486859 0.000010 0.000010 0.095708 0.000173
0.000010 0.000010 0.053974 0.203290 0.568758 0.023854 0.000010 0.150083 0.000010
0.000010 0.049507 0.024629 0.148213 0.364843 0.000010 0.017488 0.372532 0.022766
0.000010 0.000010 0.000010 0.000010 0.000010 0.000010 0.999920 0.000010 0.000010
0.000010 0.000010 0.000010 0.000010 0.000010 0.999920 0.000010 0.000010 0.000010
0.000010 0.000010 0.000010 0.000010 0.000010 0.000010 0.561179 0.000010 0.438751
0.000010 0.000010 0.000010 0.000010 0.000010 0.000010 0.999920 0.000010 0.000010
0.000010 0.000010 0.000010 0.000010 0.000010 0.498790 0.501135 0.000015 0.000010
0.000010 0.000010 0.000019 0.441192 0.000010 0.558729 0.000010 0.000010 0.000010
0.000010 0.000010 0.000010 0.000010 0.000010 0.000010 0.999920 0.000010 0.000010
0.000010 0.000010 0.000010 0.000010 0.000010 0.287554 0.712376 0.000010 0.000010
0.000010 0.000010 0.000010 0.000010 0.000010 0.999920 0.000010 0.000010 0.000010
0.000010 0.000010 0.023250 0.555410 0.000010 0.210200 0.018100 0.193000 0.000010
0.000010 0.000010 0.000010 0.000010 0.000010 0.000010 0.999920 0.000010 0.000010
0.000010 0.000010 0.000010 0.000010 0.000010 0.999920 0.000010 0.000010 0.000010
0.000010 0.000010 0.000010 0.000010 0.000010 0.000010 0.999920 0.000010 0.000010
0.000010 0.000010 0.000010 0.550983 0.000010 0.448947 0.000010 0.000010 0.000010
0.000010 0.000010 0.999920 0.000010 0.000010 0.000010 0.000010 0.000010 0.000010
0.000010 0.006430 0.000010 0.000010 0.993500 0.000010 0.000010 0.000010 0.000010
0.000010 0.000010 0.000010 0.000010 0.000010 0.417379 0.000010 0.000010 0.582551
0.000010 0.000010 0.000010 0.000010 0.000010 0.000010 0.503940 0.000010 0.495990
0.000010 0.000010 0.000010 0.498794 0.000010 0.501136 0.000010 0.000010 0.000010
0.000010 0.000010 0.000010 0.037085 0.332794 0.000010 0.598455 0.000010 0.031617
0.000010 0.000010 0.000010 0.696034 0.000010 0.000010 0.000010 0.303896 0.000010
0.000010 0.000010 0.000010 0.091837 0.888006 0.000010 0.000010 0.000010 0.020098
0.000010 0.000010 0.000010 0.000014 0.000010 0.999916 0.000010 0.000010 0.000010
0.000010 0.000010 0.000010 0.316798 0.645637 0.000010 0.000010 0.000010 0.037505
0.000010 0.000010 0.000010 0.000010 0.000010 0.999920 0.000010 0.000010 0.000010
0.000010 0.000010 0.000010 0.000010 0.000010 0.343055 0.000010 0.656875 0.000010
0.000010 0.000010 0.000010 0.000010 0.000010 0.508352 0.000010 0.000010 0.491578
0.071821 0.020028 0.040624 0.309773 0.126287 0.001407 0.016807 0.395691 0.017561
0.000010 0.154572 0.000010 0.825440 0.000010 0.000010 0.000010 0.000010 0.019928
0.013080 0.194061 0.067878 0.198800 0.047253 0.016287 0.039212 0.383826 0.039604
0.000010 0.000010 0.000010 0.089432 0.026965 0.000010 0.122336 0.761217 0.000010
0.000010 0.000010 0.000010 0.999920 0.000010 0.000010 0.000010 0.000010 0.000010
0.015124 0.059380 0.099646 0.497243 0.283942 0.005644 0.001539 0.031788 0.005694
0.024973 0.023355 0.104440 0.516828 0.284107 0.010480 0.006683 0.029124 0.000010
0.000010 0.000010 0.000010 0.940486 0.000010 0.059444 0.000010 0.000010 0.000010
0.000010 0.000010 0.119797 0.880131 0.000011 0.000010 0.000010 0.000010 0.000010
0.010466 0.000010 0.000010 0.587268 0.000010 0.000010 0.015820 0.386395 0.000010
0.000010 0.124485 0.000010 0.693125 0.000010 0.071171 0.000010 0.000010 0.111169
0.000010 0.092458 0.000010 0.907472 0.000010 0.000010 0.000010 0.000010 0.000010
0.000010 0.066387 0.328022 0.203040 0.381635 0.004489 0.000010 0.000010 0.016397
0.042249 0.000010 0.068478 0.328250 0.375163 0.051803 0.000010 0.064792 0.069244
0.000010 0.000010 0.000010 0.000010 0.336309 0.000010 0.000010 0.663621 0.000010
0.000010 0.229145 0.770785 0.000010 0.000010 0.000010 0.000010 0.000010 0.000010
0.000010 0.129377 0.000010 0.000010 0.000010 0.000010 0.870553 0.000010 0.000010
0.065455 0.404070 0.000010 0.000010 0.000010 0.000010 0.390557 0.139869 0.000010
0.060956 0.297101 0.093552 0.000010 0.000010 0.000010 0.548341 0.000010 0.000010
0.999909 0.000010 0.000018 0.000013 0.000010 0.000010 0.000010 0.000010 0.000010
0.877135 0.000010 0.000010 0.000010 0.000010 0.000010 0.122795 0.000010 0.000010
0.576684 0.275483 0.000010 0.000010 0.138605 0.000010 0.000010 0.000010 0.009177
0.576738 0.000010 0.000010 0.000010 0.000010 0.000010 0.423192 0.000010 0.000010
0.726225 0.000010 0.000010 0.000010 0.000010 0.000010 0.273705 0.000010 0.000010
0.062891 0.545371 0.000010 0.000010 0.387758 0.000010 0.000010 0.000010 0.003930
0.999920 0.000010 0.000010 0.000010 0.000010 0.000010 0.000010 0.000010 0.000010
0.069107 0.371041 0.000010 0.000010 0.000010 0.301633 0.238868 0.019311 0.000010
0.999920 0.000010 0.000010 0.000010 0.000010 0.000010 0.000010 0.000010 0.000010
0.999920 0.000010 0.000010 0.000010 0.000010 0.000010 0.000010 0.000010 0.000010
0.773627 0.132991 0.000010 0.000010 0.000010 0.000010 0.000010 0.093322 0.000010
0.927813 0.000010 0.000010 0.000010 0.000010 0.000010 0.072117 0.000010 0.000010
0.999920 0.000010 0.000010 0.000010 0.000010 0.000010 0.000010 0.000010 0.000010
0.000010 0.152071 0.000010 0.000010 0.000010 0.000010 0.847859 0.000010 0.000010
0.114238 0.291413 0.000010 0.000010 0.347997 0.000010 0.000010 0.246302 0.000010
0.000010 0.162144 0.837786 0.000010 0.000010 0.000010 0.000010 0.000010 0.000010
0.000010 0.711425 0.000010 0.288505 0.000010 0.000010 0.000010 0.000010 0.000010
0.000010 0.232398 0.767532 0.000010 0.000010 0.000010 0.000010 0.000010 0.000010
0.000010 0.212311 0.787619 0.000010 0.000010 0.000010 0.000010 0.000010 0.000010
0.107292 0.430825 0.000010 0.000010 0.000010 0.000010 0.036394 0.425439 0.000010
0.093559 0.173223 0.000010 0.000010 0.570035 0.000010 0.000010 0.163134 0.000010
0.174074 0.301974 0.000010 0.000010 0.000010 0.000010 0.002908 0.520994 0.000010
0.171563 0.260574 0.000010 0.000010 0.014219 0.000010 0.000010 0.553594 0.000010
0.130923 0.315607 0.000010 0.000010 0.000019 0.000010 0.004030 0.549381 0.000010
0.000010 0.610534 0.000010 0.000010 0.389396 0.000010 0.000010 0.000010 0.000010
0.000010 0.434021 0.000010 0.000010 0.000010 0.000010 0.000010 0.565909 0.000010
0.000010 0.651082 0.006666 0.342192 0.000010 0.000010 0.000010 0.000010 0.000010
0.000010 0.623233 0.000010 0.000016 0.000010 0.376691 0.000010 0.000010 0.000010
0.000010 0.685584 0.000010 0.314346 0.000010 0.000010 0.000010 0.000010 0.000010
0.885793 0.087139 0.000010 0.000010 0.000010 0.000010 0.000010 0.000010 0.027007
0.060958 0.588927 0.000010 0.054840 0.000010 0.014068 0.107657 0.160453 0.013078
0.000010 0.718351 0.000010 0.037247 0.107079 0.000010 0.000010 0.137272 0.000010
0.000010 0.642993 0.000010 0.000010 0.306054 0.050893 0.000010 0.000010 0.000010
0.114493 0.366120 0.000010 0.000010 0.000010 0.000010 0.095321 0.424016 0.000010
0.000010 0.589815 0.410110 0.000015 0.000010 0.000010 0.000010 0.000010 0.000010
0.151808 0.562856 0.000010 0.000010 0.012844 0.054613 0.000010 0.185599 0.032250
0.226489 0.424367 0.000010 0.000010 0.029017 0.009767 0.000010 0.289328 0.021002
0.415300 0.295673 0.000010 0.000010 0.000010 0.062327 0.112569 0.000010 0.114091
0.269940 0.338934 0.000010 0.000010 0.000010 0.332420 0.017497 0.000010 0.041170
0.046914 0.645256 0.009376 0.000010 0.000010 0.000010 0.000010 0.260886 0.037527
0.181124 0.515891 0.000010 0.000010 0.055132 0.048529 0.000010 0.050764 0.148529
0.140500 0.374093 0.306741 0.000010 0.000010 0.000010 0.000014 0.178612 0.000010
0.025030 0.590109 0.061044 0.000010 0.000010 0.000010 0.271280 0.052497 0.000010
0.000010 0.236190 0.000010 0.000010 0.000010 0.000010 0.000010 0.000010 0.763740
0.618176 0.078679 0.000010 0.000010 0.000010 0.048490 0.254605 0.000010 0.000010
0.000010 0.457380 0.000010 0.022683 0.000010 0.123355 0.000010 0.000010 0.396533
0.157713 0.409920 0.000010 0.000010 0.000010 0.235958 0.196359 0.000010 0.000010
0.066755 0.105753 0.000010 0.000010 0.247567 0.000010 0.000010 0.579875 0.000010
0.000010 0.530247 0.306684 0.163009 0.000010 0.000010 0.000010 0.000010 0.000010
0.000010 0.579210 0.000010 0.000010 0.420720 0.000010 0.000010 0.000010 0.000010
