0.840635 0.000010 0.112855 0.046500
0.377277 0.009901 0.612813 0.000010
0.607978 0.041633 0.350380 0.000010
0.000010 0.999970 0.000010 0.000010
0.412262 0.138268 0.449460 0.000010
0.422040 0.135962 0.441987 0.000010
0.674156 0.076977 0.193277 0.055590
0.000010 0.999970 0.000010 0.000010
0.879887 0.101987 0.018116 0.000010
0.355556 0.101196 0.543239 0.000010
0.515506 0.051893 0.381524 0.051077
0.495651 0.066205 0.380638 0.057506
0.560405 0.000010 0.439575 0.000010
0.682248 0.136428 0.000165 0.181159
0.741945 0.083117 0.053941 0.120997
0.479059 0.035209 0.369524 0.116208
0.482622 0.035593 0.367889 0.113895
0.999970 0.000010 0.000010 0.000010
0.718128 0.017291 0.264571 0.000010
0.999970 0.000010 0.000010 0.000010
0.000010 0.000010 0.980303 0.019677
0.000010 0.000010 0.999970 0.000010
0.000010 0.000010 0.000010 0.999970
0.000010 0.000010 0.967803 0.032177
0.000010 0.000010 0.000010 0.999970
0.000010 0.000010 0.000010 0.999970
0.000010 0.000010 0.603301 0.396679
0.112131 0.057069 0.718164 0.112636
0.000010 0.999970 0.000010 0.000010
0.266286 0.057570 0.618936 0.057208
0.665303 0.081618 0.205062 0.048018
0.358311 0.000010 0.632957 0.008722
0.342670 0.165307 0.446514 0.045509
0.071965 0.081149 0.835460 0.011426
0.000010 0.000010 0.624955 0.375025
0.000010 0.999970 0.000010 0.000010
0.086599 0.302025 0.523583 0.087792
0.146803 0.198818 0.486267 0.168112
0.016028 0.818364 0.165597 0.000010
0.264756 0.408992 0.000010 0.326242
0.355323 0.582577 0.062090 0.000010
0.000010 0.590252 0.409728 0.000010
0.429451 0.570529 0.000010 0.000010
0.000010 0.460938 0.539042 0.000010
0.000010 0.591421 0.408559 0.000010
0.000010 0.576683 0.000010 0.423297
0.064722 0.224586 0.260836 0.449856
0.332592 0.032416 0.579026 0.055966
0.000010 0.000010 0.589225 0.410755
0.124666 0.285463 0.255986 0.333885
0.000010 0.999970 0.000010 0.000010
0.000010 0.999962 0.000018 0.000010
0.312877 0.074442 0.592905 0.019776
0.772959 0.000010 0.227021 0.000010
0.000010 0.548037 0.440141 0.011813
0.000010 0.521156 0.478824 0.000010
0.000013 0.000010 0.999967 0.000010
0.000010 0.624522 0.359992 0.015476
0.785790 0.152700 0.049851 0.011659
0.323817 0.044647 0.630385 0.001150
0.644305 0.047666 0.294700 0.013329
0.083575 0.000010 0.187918 0.728497
0.429852 0.214516 0.193271 0.162360
0.000010 0.000010 0.999970 0.000010
0.238968 0.016176 0.681669 0.063187
0.000010 0.000010 0.999970 0.000010
0.000010 0.000010 0.999970 0.000010
0.000010 0.000010 0.999970 0.000010
0.204627 0.025537 0.765152 0.004684
0.315991 0.113300 0.531283 0.039426
0.000010 0.000010 0.988448 0.011532
0.455089 0.032895 0.512006 0.000010
0.249022 0.030951 0.685040 0.034987
0.000010 0.387470 0.592576 0.019945
0.523657 0.036028 0.363235 0.077079
0.000010 0.000010 0.914140 0.085840
0.000010 0.238325 0.761655 0.000010
0.000010 0.000010 0.999970 0.000010
0.134559 0.411692 0.453740 0.000010
0.425356 0.070884 0.446739 0.057021
0.173382 0.291630 0.470737 0.064251
0.000010 0.000010 0.999970 0.000010
0.664698 0.250658 0.062603 0.022041
0.155444 0.015182 0.829364 0.000010
0.000010 0.000010 0.509030 0.490950
0.262588 0.000010 0.189447 0.547956
0.431945 0.469220 0.000010 0.098825
0.000010 0.000010 0.424967 0.575013
0.027310 0.000010 0.956845 0.015834
0.746740 0.089267 0.163983 0.000010
0.040595 0.959385 0.000010 0.000010
0.764481 0.165550 0.069959 0.000010
0.718643 0.018462 0.150035 0.112860
0.999970 0.000010 0.000010 0.000010
0.000010 0.000010 0.999970 0.000010
0.325608 0.000010 0.416761 0.257621
0.000010 0.000010 0.999970 0.000010
0.715284 0.042148 0.183619 0.058950
0.000010 0.000010 0.999970 0.000010
0.000010 0.000010 0.466989 0.532991
0.000010 0.000010 0.559585 0.440395
0.140725 0.000010 0.461833 0.397432
0.000010 0.000010 0.437411 0.562569
0.346007 0.000010 0.099247 0.554736
0.800387 0.000010 0.199593 0.000010
0.000010 0.485660 0.000010 0.514320
0.377223 0.608962 0.013805 0.000010
0.000010 0.401180 0.377084 0.221725
0.087294 0.000010 0.912686 0.000010
0.772613 0.038919 0.188458 0.000010
0.999963 0.000017 0.000010 0.000010
0.196678 0.084155 0.241313 0.477853
0.128785 0.000010 0.853408 0.017797
0.571790 0.237181 0.154403 0.036626
0.311112 0.047617 0.634534 0.006737
0.000012 0.000010 0.999968 0.000010
0.073283 0.021493 0.450657 0.454567
0.681495 0.033836 0.284659 0.000010
0.000010 0.388909 0.611071 0.000010
0.686841 0.000010 0.313139 0.000010
0.803732 0.014663 0.181595 0.000010
0.313056 0.071948 0.083578 0.531419
0.314819 0.071114 0.083000 0.531067
0.703990 0.023006 0.148033 0.124971
0.518146 0.004692 0.477152 0.000010
0.640772 0.000010 0.310642 0.048576
0.733622 0.044129 0.222239 0.000010
0.000010 0.999970 0.000010 0.000010
0.000013 0.000010 0.000010 0.999967
0.000010 0.585464 0.414516 0.000010
0.000013 0.999967 0.000010 0.000010
0.000010 0.496007 0.000010 0.503973
0.000010 0.000010 0.373175 0.626805
0.000010 0.999970 0.000010 0.000010
0.000010 0.762690 0.000010 0.237290
0.000010 0.000010 0.000010 0.999970
0.134513 0.042147 0.593154 0.230186
0.000010 0.999970 0.000010 0.000010
0.000010 0.000010 0.000010 0.999970
0.000010 0.999970 0.000010 0.000010
0.000010 0.032246 0.437463 0.530281
0.000010 0.000010 0.999970 0.000010
0.841328 0.000010 0.158652 0.000010
0.000010 0.000010 0.599098 0.400882
0.000010 0.479512 0.520468 0.000010
0.000010 0.000010 0.411874 0.588106
0.185380 0.645625 0.168985 0.000010
0.231330 0.067202 0.554858 0.146610
0.789875 0.000010 0.210105 0.000010
0.000010 0.000010 0.000010 0.999970
0.543929 0.000010 0.393545 0.062516
0.000014 0.000019 0.000010 0.999957
0.619282 0.053372 0.000010 0.327336
0.000010 0.000010 0.461460 0.538520
0.504413 0.059491 0.379218 0.056878
0.014090 0.000010 0.985890 0.000010
0.415214 0.092144 0.407765 0.084876
0.739875 0.174881 0.085234 0.000010
0.000010 0.000010 0.999970 0.000010
0.292845 0.009909 0.665128 0.032118
0.298114 0.014197 0.637599 0.050091
0.000010 0.000010 0.843808 0.156172
0.046904 0.000010 0.953076 0.000010
0.352604 0.127247 0.520139 0.000010
0.031458 0.042965 0.797559 0.128017
0.052966 0.000010 0.947014 0.000010
0.289301 0.005433 0.665041 0.040224
0.356047 0.017586 0.471926 0.154441
0.999970 0.000010 0.000010 0.000010
0.000010 0.000010 0.999970 0.000010
0.000010 0.999970 0.000010 0.000010
0.315358 0.567218 0.117414 0.000010
0.002279 0.730312 0.267399 0.000010
0.586069 0.188931 0.069789 0.155211
0.529299 0.311523 0.018131 0.141047
0.549778 0.107445 0.255115 0.087661
0.211230 0.686334 0.000010 0.102426
0.326857 0.564049 0.000010 0.109083
0.562515 0.014302 0.324487 0.098695
0.541238 0.113870 0.150483 0.194409
0.140754 0.350239 0.000010 0.508997
0.708771 0.089800 0.000010 0.201420
0.712281 0.089682 0.000010 0.198028
0.686310 0.105631 0.182295 0.025764
0.447633 0.395692 0.078503 0.078172
0.773345 0.098591 0.031768 0.096296
0.000010 0.999970 0.000010 0.000010
0.806351 0.070918 0.034781 0.087951
0.000010 0.000010 0.999970 0.000010
0.042141 0.000010 0.906234 0.051616
0.000010 0.000010 0.999970 0.000010
0.000010 0.000010 0.999970 0.000010
0.622681 0.132473 0.115803 0.129043
0.999970 0.000010 0.000010 0.000010
0.834000 0.165974 0.000016 0.000010
0.884242 0.102986 0.012763 0.000010
0.857198 0.142782 0.000010 0.000010
0.532146 0.000010 0.467834 0.000010
0.920928 0.004564 0.069751 0.004757
0.052395 0.006498 0.921016 0.020091
0.074506 0.021959 0.408670 0.494865
0.043608 0.000010 0.861050 0.095332
0.488614 0.141931 0.187095 0.182360
0.322945 0.214777 0.409171 0.053107
0.494498 0.019313 0.392695 0.093494
0.490010 0.000010 0.364530 0.145449
0.580727 0.277533 0.123298 0.018442
0.202526 0.004237 0.776106 0.017132
0.480278 0.080108 0.330844 0.108771
0.611807 0.070878 0.187785 0.129529
0.242977 0.277276 0.220839 0.258908
0.240531 0.052497 0.087363 0.619608
0.567613 0.025919 0.406458 0.000010
0.388532 0.007261 0.425605 0.178601
0.367053 0.115127 0.495965 0.021856
0.167930 0.439678 0.392382 0.000010
0.000010 0.003884 0.986076 0.010030
0.341085 0.480318 0.000010 0.178587
0.000010 0.000010 0.710818 0.289162
0.211640 0.302709 0.089730 0.395921
0.999970 0.000010 0.000010 0.000010
0.003653 0.000010 0.996327 0.000010
0.512585 0.069354 0.369245 0.048815
