0.148239 0.851751 0.000010
0.625422 0.373157 0.001420
0.342682 0.600934 0.056384
0.000010 0.000010 0.999980
0.440588 0.429735 0.129678
0.437875 0.433179 0.128946
0.265373 0.697022 0.037605
0.000016 0.000010 0.999974
0.063075 0.873471 0.063454
0.591167 0.335911 0.072922
0.457053 0.537909 0.005038
0.455515 0.530278 0.014206
0.469109 0.530881 0.000010
0.085011 0.786243 0.128747
0.111395 0.842123 0.046482
0.473218 0.515564 0.011218
0.472141 0.516703 0.011157
0.000010 0.992479 0.007511
0.269839 0.726103 0.004058
0.000010 0.999980 0.000010
0.999980 0.000010 0.000010
0.999980 0.000010 0.000010
0.776540 0.223450 0.000010
0.999975 0.000015 0.000010
0.663335 0.336655 0.000010
0.646825 0.353165 0.000010
0.999979 0.000011 0.000010
0.803763 0.139156 0.057081
0.000010 0.000010 0.999980
0.672362 0.274951 0.052686
0.278577 0.683945 0.037478
0.663490 0.336500 0.000010
0.518253 0.319919 0.161828
0.852915 0.099463 0.047622
0.935496 0.040483 0.024022
0.000010 0.000010 0.999980
0.573022 0.114218 0.312760
0.632654 0.204546 0.162800
0.174840 0.033661 0.791499
0.201663 0.384612 0.413725
0.081831 0.341580 0.576589
0.427402 0.000010 0.572588
0.000010 0.464380 0.535610
0.522141 0.000010 0.477849
0.407646 0.000010 0.592344
0.219225 0.199066 0.581709
0.532940 0.208073 0.258987
0.591674 0.367863 0.040464
0.836235 0.163755 0.000010
0.487360 0.243747 0.268893
0.000010 0.000010 0.999980
0.000010 0.000010 0.999980
0.648205 0.286477 0.065318
0.240073 0.759917 0.000010
0.449979 0.000010 0.550011
0.497578 0.000010 0.502412
0.999980 0.000010 0.000010
0.377883 0.000010 0.622107
0.030494 0.818745 0.150761
0.628179 0.320686 0.051136
0.268496 0.652706 0.078798
0.697713 0.302277 0.000010
0.295957 0.466796 0.237247
0.999980 0.000010 0.000010
0.733824 0.266166 0.000010
0.999980 0.000010 0.000010
0.999980 0.000010 0.000010
0.999980 0.000010 0.000010
0.776995 0.174909 0.048096
0.578757 0.312960 0.108283
0.999980 0.000010 0.000010
0.538072 0.419319 0.042609
0.718140 0.254808 0.027052
0.572710 0.000010 0.427280
0.394832 0.564355 0.040813
0.999980 0.000010 0.000010
0.772439 0.000010 0.227551
0.999980 0.000010 0.000010
0.493458 0.133494 0.373048
0.519820 0.427196 0.052984
0.514635 0.199141 0.286223
0.999980 0.000010 0.000010
0.042682 0.751236 0.206082
0.871380 0.125881 0.002739
0.872693 0.127297 0.000010
0.555982 0.444008 0.000010
0.077243 0.445986 0.476771
0.934847 0.065143 0.000010
0.993421 0.006569 0.000010
0.194369 0.760704 0.044927
0.000010 0.028869 0.971121
0.054789 0.786131 0.159080
0.258157 0.728473 0.013370
0.000010 0.992812 0.007178
0.999980 0.000010 0.000010
0.591486 0.408504 0.000010
0.999980 0.000010 0.000010
0.264338 0.733334 0.002328
0.999980 0.000010 0.000010
0.830995 0.168995 0.000010
0.907921 0.092069 0.000010
0.764078 0.235912 0.000010
0.845460 0.154530 0.000010
0.478502 0.521488 0.000010
0.204908 0.795082 0.000010
0.395983 0.119431 0.484586
0.036060 0.342815 0.621125
0.544068 0.006640 0.449292
0.901849 0.098141 0.000010
0.193001 0.791200 0.015799
0.000010 0.999980 0.000010
0.570201 0.351224 0.078575
0.854500 0.145490 0.000010
0.183433 0.629353 0.187214
0.655089 0.317044 0.027867
0.999980 0.000010 0.000010
0.767905 0.222474 0.009622
0.277549 0.688268 0.034183
0.633893 0.000010 0.366097
0.310764 0.689226 0.000010
0.201976 0.783388 0.014636
0.497266 0.460038 0.042696
0.493098 0.464738 0.042164
0.236035 0.756701 0.007264
0.505398 0.494592 0.000010
0.375918 0.624072 0.000010
0.234044 0.741175 0.024781
0.000010 0.000010 0.999980
0.703339 0.296651 0.000010
0.426723 0.000010 0.573267
0.000010 0.000010 0.999980
0.303654 0.199682 0.496664
0.896271 0.103719 0.000010
0.000010 0.000010 0.999980
0.133702 0.133472 0.732826
0.711403 0.288587 0.000010
0.724427 0.231914 0.043659
0.000010 0.000010 0.999980
0.775493 0.224497 0.000010
0.000010 0.000010 0.999980
0.920786 0.052147 0.027067
0.999980 0.000010 0.000010
0.191131 0.808859 0.000010
0.848362 0.144280 0.007358
0.497245 0.000010 0.502745
0.900174 0.099816 0.000010
0.199011 0.176745 0.624244
0.659478 0.294822 0.045700
0.238877 0.761113 0.000010
0.659232 0.340758 0.000010
0.458947 0.541043 0.000010
0.702064 0.297926 0.000010
0.185134 0.791930 0.022936
0.897222 0.102768 0.000010
0.412693 0.531492 0.055815
0.990157 0.000010 0.009833
0.464699 0.457243 0.078058
0.046168 0.763525 0.190306
0.999980 0.000010 0.000010
0.701252 0.277478 0.021270
0.701920 0.288677 0.009403
0.999974 0.000016 0.000010
0.968314 0.030470 0.001216
0.543183 0.350521 0.106296
0.924240 0.063726 0.012033
0.963246 0.036744 0.000010
0.731221 0.252800 0.015979
0.616528 0.383462 0.000010
0.000010 0.999980 0.000010
0.999980 0.000010 0.000010
0.000010 0.000010 0.999980
0.162655 0.295197 0.542148
0.272901 0.000010 0.727089
0.180863 0.592432 0.226706
0.126868 0.541575 0.331557
0.332456 0.556420 0.111123
0.088042 0.221539 0.690420
0.095981 0.327247 0.576772
0.407900 0.572339 0.019761
0.303892 0.558413 0.137695
0.362437 0.282108 0.355455
0.132656 0.755190 0.112155
0.122516 0.764885 0.112599
0.209164 0.667860 0.122976
0.165797 0.431423 0.402780
0.126144 0.748199 0.125656
0.000010 0.000010 0.999980
0.094475 0.864247 0.041277
0.999980 0.000010 0.000010
0.985610 0.014380 0.000010
0.999980 0.000010 0.000010
0.999980 0.000010 0.000010
0.174510 0.693265 0.132224
0.000010 0.999980 0.000010
0.010348 0.841194 0.148458
0.010812 0.888006 0.101182
0.000010 0.865559 0.134431
0.480071 0.519919 0.000010
0.098193 0.887331 0.014476
0.972931 0.024647 0.002422
0.771642 0.217123 0.011236
0.969631 0.030359 0.000010
0.328001 0.503006 0.168993
0.491106 0.313190 0.195703
0.460747 0.510192 0.029061
0.523582 0.476408 0.000010
0.149337 0.575752 0.274911
0.834872 0.165118 0.000010
0.455512 0.489013 0.055475
0.259062 0.666758 0.074180
0.372035 0.342622 0.285343
0.475872 0.465660 0.058468
0.498683 0.473821 0.027496
0.563728 0.425084 0.011188
0.563669 0.323803 0.112528
0.437851 0.162549 0.399601
0.996295 0.000010 0.003695
0.112358 0.402184 0.485458
0.953735 0.046255 0.000010
0.370170 0.355126 0.274704
0.000010 0.999980 0.000010
0.999980 0.000010 0.000010
0.453984 0.521858 0.024157
