0.010974 0.486256 0.008484 0.057755 0.059488 0.037305 0.000010 0.301793 0.037935
0.003346 0.350864 0.138351 0.352088 0.011245 0.000010 0.000010 0.000010 0.144076
0.023540 0.376042 0.054083 0.236726 0.026167 0.000010 0.036073 0.212701 0.034657
0.000010 0.000010 0.000010 0.000010 0.000010 0.000010 0.999920 0.000010 0.000010
0.003053 0.000010 0.014119 0.394611 0.000010 0.000010 0.086097 0.502080 0.000010
0.004671 0.000010 0.014593 0.390707 0.000011 0.000010 0.084740 0.505249 0.000010
0.025201 0.000010 0.013526 0.015733 0.268195 0.019536 0.000010 0.598552 0.059236
0.000010 0.000010 0.000010 0.000010 0.000010 0.000010 0.999920 0.000010 0.000010
0.000010 0.503183 0.000015 0.054942 0.000010 0.000010 0.015706 0.426114 0.000010
0.020193 0.053881 0.134306 0.342581 0.016090 0.000010 0.055815 0.284550 0.092573
0.000010 0.000010 0.000010 0.000010 0.999920 0.000010 0.000010 0.000010 0.000010
0.000010 0.000010 0.000010 0.000010 0.999920 0.000010 0.000010 0.000010 0.000010
0.012068 0.479136 0.131031 0.118843 0.056660 0.015135 0.000010 0.000010 0.187107
0.000010 0.105581 0.000010 0.000010 0.000010 0.088243 0.095810 0.698861 0.011465
0.000010 0.000010 0.000010 0.000010 0.069532 0.015104 0.000010 0.915303 0.000010
0.000010 0.000010 0.000010 0.000010 0.999920 0.000010 0.000010 0.000010 0.000010
0.000010 0.000010 0.000010 0.000010 0.999920 0.000010 0.000010 0.000010 0.000010
0.000010 0.999920 0.000010 0.000010 0.000010 0.000010 0.000010 0.000010 0.000010
0.000016 0.328157 0.055518 0.137609 0.073012 0.007892 0.000010 0.364118 0.033668
0.000010 0.000010 0.000010 0.000010 0.000010 0.000010 0.000010 0.999920 0.000010
0.000010 0.000010 0.083059 0.076811 0.000010 0.000010 0.000010 0.000010 0.840070
0.000010 0.000010 0.000012 0.999918 0.000010 0.000010 0.000010 0.000010 0.000010
0.000010 0.000010 0.000010 0.000011 0.000010 0.999919 0.000010 0.000010 0.000010
0.000010 0.000010 0.063269 0.936661 0.000010 0.000010 0.000010 0.000010 0.000010
0.000010 0.000010 0.000010 0.000010 0.000010 0.999920 0.000010 0.000010 0.000010
0.000010 0.000010 0.000010 0.000010 0.000010 0.999920 0.000010 0.000010 0.000010
0.000010 0.000010 0.000010 0.729051 0.000010 0.270879 0.000010 0.000010 0.000010
0.014538 0.000010 0.075073 0.591911 0.000010 0.040176 0.040627 0.141068 0.096588
0.000010 0.000010 0.000010 0.000010 0.000010 0.000010 0.999920 0.000010 0.000010
0.013974 0.010034 0.101619 0.455093 0.000010 0.038451 0.041248 0.277876 0.061695
0.084573 0.031813 0.029704 0.041888 0.233577 0.000010 0.000010 0.516042 0.062382
0.016492 0.039756 0.518759 0.025025 0.115638 0.000643 0.000010 0.240105 0.043573
0.026953 0.201756 0.002107 0.482719 0.097692 0.000010 0.155205 0.033548 0.000010
0.000010 0.000010 0.000010 0.454725 0.006133 0.000010 0.030828 0.110395 0.397879
0.000010 0.000010 0.000010 0.689430 0.000010 0.310500 0.000010 0.000010 0.000010
0.000010 0.000010 0.000010 0.000010 0.000010 0.000010 0.999920 0.000010 0.000010
0.099250 0.015884 0.000010 0.493472 0.007917 0.001180 0.295777 0.035115 0.051395
0.000010 0.146995 0.501428 0.000010 0.000010 0.201308 0.150210 0.000019 0.000010
0.001879 0.000010 0.022862 0.148079 0.000010 0.000010 0.770616 0.056523 0.000010
0.084220 0.181462 0.000010 0.000011 0.000010 0.292881 0.383314 0.058083 0.000010
0.000010 0.289961 0.000010 0.106724 0.011124 0.000010 0.563569 0.028582 0.000010
0.000010 0.000010 0.000010 0.000010 0.000010 0.000010 0.562237 0.000010 0.437693
0.000010 0.480582 0.000010 0.000010 0.000010 0.000010 0.519348 0.000010 0.000010
0.000010 0.000010 0.521986 0.000010 0.000010 0.000010 0.477944 0.000010 0.000010
0.000010 0.000010 0.000010 0.415233 0.000010 0.000010 0.584697 0.000010 0.000010
0.000010 0.000010 0.000010 0.000010 0.000010 0.421995 0.577935 0.000010 0.000010
0.037527 0.033337 0.069975 0.033874 0.000010 0.384389 0.249052 0.000010 0.191825
0.000010 0.000010 0.000010 0.521047 0.000010 0.000010 0.016294 0.402955 0.059654
0.000010 0.000010 0.004305 0.568833 0.000010 0.426801 0.000010 0.000010 0.000010
0.022166 0.025823 0.015394 0.260627 0.020361 0.312073 0.253125 0.090421 0.000010
0.000010 0.000010 0.000010 0.000010 0.000010 0.000010 0.999920 0.000010 0.000010
0.000010 0.000010 0.000010 0.000010 0.000010 0.000010 0.999920 0.000010 0.000010
0.000010 0.057993 0.100127 0.487282 0.073280 0.002934 0.053825 0.213622 0.010926
0.000010 0.751491 0.017080 0.200024 0.000010 0.000010 0.000010 0.000010 0.031354
0.000010 0.000010 0.000010 0.000010 0.000010 0.000010 0.540571 0.000010 0.459359
0.000010 0.000010 0.000010 0.502490 0.000010 0.000010 0.497440 0.000010 0.000010
0.000010 0.000010 0.999920 0.000010 0.000010 0.000010 0.000010 0.000010 0.000010
0.000010 0.000010 0.034826 0.339892 0.005829 0.000010 0.619403 0.000010 0.000010
0.000010 0.000010 0.000010 0.000010 0.000010 0.000010 0.112031 0.887899 0.000010
0.000010 0.000010 0.070761 0.513916 0.000737 0.000010 0.027393 0.373296 0.013867
0.000010 0.295314 0.028884 0.116342 0.000010 0.000010 0.054021 0.391144 0.114265
0.000010 0.091188 0.000010 0.098868 0.000010 0.705194 0.000010 0.000010 0.104700
0.852931 0.000010 0.000010 0.000010 0.000010 0.000010 0.020522 0.000010 0.126486
0.000010 0.000010 0.020518 0.979412 0.000010 0.000010 0.000010 0.000010 0.000010
0.000010 0.250646 0.167780 0.358683 0.021774 0.031948 0.000010 0.000010 0.169139
0.000010 0.000010 0.000014 0.999916 0.000010 0.000010 0.000010 0.000010 0.000010
0.000010 0.000010 0.999908 0.000010 0.000014 0.000018 0.000010 0.000010 0.000010
0.000010 0.000010 0.999914 0.000010 0.000016 0.000010 0.000010 0.000010 0.000010
0.000010 0.038366 0.036573 0.000010 0.000010 0.000010 0.027267 0.137555 0.760198
0.038787 0.053271 0.545013 0.000010 0.000010 0.017723 0.088193 0.256983 0.000010
0.000010 0.000010 0.000786 0.725176 0.000010 0.000010 0.000010 0.000010 0.273977
0.000010 0.456292 0.543638 0.000010 0.000010 0.000010 0.000010 0.000010 0.000010
0.010477 0.000010 0.000010 0.717252 0.004457 0.000010 0.004799 0.262975 0.000010
0.000010 0.000010 0.000010 0.000010 0.000010 0.000010 0.420305 0.000010 0.579625
0.000010 0.434235 0.006098 0.383252 0.000010 0.017183 0.031144 0.126718 0.001351
0.000010 0.000010 0.000010 0.736185 0.000010 0.000010 0.000010 0.000010 0.263745
0.000010 0.000010 0.455053 0.157232 0.000010 0.000010 0.235145 0.000010 0.152520
0.000010 0.000010 0.000010 0.521285 0.000010 0.000010 0.000010 0.000010 0.478645
0.007707 0.047843 0.217201 0.255228 0.000019 0.005129 0.364149 0.102714 0.000010
0.000010 0.097694 0.101861 0.343379 0.027585 0.071142 0.044536 0.313785 0.000010
0.000010 0.085001 0.080883 0.041987 0.015492 0.062334 0.285935 0.080940 0.347419
0.000010 0.000010 0.000017 0.000015 0.000010 0.000010 0.000010 0.000010 0.999909
0.000010 0.000010 0.000010 0.000010 0.000010 0.000010 0.163828 0.836102 0.000010
0.000010 0.043724 0.631412 0.191113 0.006131 0.037326 0.000309 0.089963 0.000010
0.000010 0.000010 0.000010 0.000010 0.000010 0.457544 0.000010 0.000010 0.542386
0.000010 0.000010 0.000010 0.104667 0.000010 0.607679 0.000010 0.237196 0.050408
0.568092 0.000010 0.000010 0.000010 0.000010 0.004525 0.376472 0.050861 0.000010
0.000010 0.000010 0.000010 0.542257 0.000010 0.457673 0.000010 0.000010 0.000010
0.000010 0.000010 0.033546 0.966384 0.000010 0.000010 0.000010 0.000010 0.000010
0.000010 0.072279 0.001159 0.161598 0.000010 0.000010 0.005994 0.758930 0.000010
0.000011 0.000010 0.000010 0.000011 0.000011 0.000010 0.956870 0.043057 0.000010
0.022720 0.027865 0.000010 0.002877 0.005732 0.000010 0.118557 0.822218 0.000010
0.033235 0.000010 0.007320 0.000010 0.311859 0.062401 0.000010 0.549492 0.035663
0.000010 0.999920 0.000010 0.000010 0.000010 0.000010 0.000010 0.000010 0.000010
0.000010 0.000010 0.999918 0.000012 0.000010 0.000010 0.000010 0.000010 0.000010
0.000010 0.039260 0.021754 0.392061 0.022990 0.254953 0.000010 0.268953 0.000010
0.000010 0.000010 0.999911 0.000010 0.000019 0.000010 0.000010 0.000010 0.000010
0.040639 0.085172 0.024771 0.048905 0.241846 0.003202 0.000010 0.507543 0.047910
0.000010 0.000010 0.148479 0.851451 0.000010 0.000010 0.000010 0.000010 0.000010
0.000010 0.000010 0.000010 0.000010 0.000010 0.497132 0.000010 0.000010 0.502798
0.000010 0.000010 0.557176 0.000010 0.000010 0.442754 0.000010 0.000010 0.000010
0.000010 0.092994 0.421227 0.047720 0.000010 0.412741 0.000010 0.025278 0.000010
0.000010 0.000010 0.000012 0.000010 0.000010 0.532917 0.000010 0.000010 0.467011
0.057914 0.092044 0.000010 0.101776 0.004433 0.570066 0.000010 0.173074 0.000672
0.025560 0.755515 0.080610 0.069960 0.017620 0.000010 0.000010 0.000010 0.050704
0.000010 0.000010 0.000010 0.000010 0.000010 0.545309 0.454621 0.000010 0.000010
0.000010 0.234650 0.000010 0.037509 0.000010 0.000010 0.599207 0.128584 0.000010
0.000010 0.000010 0.000010 0.226650 0.000010 0.187233 0.418063 0.000010 0.168004
0.027115 0.000010 0.091598 0.145560 0.000010 0.000010 0.000010 0.000010 0.735677
0.000010 0.603079 0.000010 0.171189 0.000010 0.000010 0.000010 0.186108 0.039574
0.000010 0.999916 0.000010 0.000010 0.000010 0.000010 0.000010 0.000014 0.000010
0.000010 0.000010 0.028918 0.200095 0.000010 0.450518 0.075305 0.242389 0.002744
0.000010 0.098694 0.067328 0.000010 0.000010 0.000010 0.000010 0.000010 0.833918
0.020930 0.027683 0.072346 0.067388 0.009608 0.014260 0.161089 0.626687 0.000010
0.000010 0.004486 0.000010 0.496578 0.028377 0.000010 0.000010 0.336522 0.133997
0.000010 0.000010 0.459472 0.540458 0.000010 0.000010 0.000010 0.000010 0.000010
0.000010 0.109175 0.133741 0.195125 0.000010 0.435038 0.000010 0.000010 0.126881
0.000010 0.564893 0.064170 0.119353 0.000010 0.000010 0.017363 0.136903 0.097287
0.000010 0.000010 0.000010 0.000010 0.000010 0.000010 0.345487 0.000010 0.654443
0.000010 0.525518 0.000010 0.327797 0.000010 0.000010 0.000010 0.146625 0.000010
0.018697 0.485095 0.040799 0.068908 0.030909 0.007798 0.000010 0.274227 0.073557
0.000010 0.000010 0.000010 0.064766 0.008174 0.574485 0.033655 0.318880 0.000010
0.000010 0.000010 0.000010 0.062667 0.008435 0.573513 0.032007 0.323338 0.000010
0.055769 0.095083 0.016103 0.000010 0.263683 0.033925 0.000010 0.493169 0.042249
0.000010 0.139407 0.049041 0.375015 0.089056 0.000010 0.000010 0.316473 0.030978
0.008502 0.279600 0.067981 0.246777 0.011287 0.069369 0.000010 0.315244 0.001230
0.000010 0.000010 0.034934 0.143184 0.000010 0.000010 0.000010 0.803767 0.018064
0.000010 0.000010 0.000010 0.000010 0.000010 0.000010 0.999920 0.000010 0.000010
0.000010 0.000010 0.000010 0.000010 0.000010 0.999920 0.000010 0.000010 0.000010
0.000010 0.000015 0.000010 0.000012 0.000010 0.000010 0.561627 0.000010 0.438296
0.000010 0.000010 0.000010 0.000010 0.000010 0.000010 0.999920 0.000010 0.000010
0.000010 0.000010 0.000010 0.000010 0.000010 0.526819 0.473111 0.000010 0.000010
0.000010 0.000010 0.000010 0.468595 0.000010 0.531335 0.000010 0.000010 0.000010
0.000010 0.000010 0.000010 0.000010 0.000010 0.000010 0.999920 0.000010 0.000010
0.000010 0.000010 0.000010 0.000010 0.000010 0.280491 0.719439 0.000010 0.000010
0.000014 0.000010 0.000010 0.000010 0.000010 0.999916 0.000010 0.000010 0.000010
0.000010 0.000010 0.032469 0.538022 0.000010 0.215065 0.030706 0.183698 0.000010
0.000010 0.000010 0.000010 0.000011 0.000010 0.000010 0.999919 0.000010 0.000010
0.000010 0.000010 0.000010 0.000010 0.000010 0.999920 0.000010 0.000010 0.000010
0.000010 0.000010 0.000010 0.000010 0.000010 0.000018 0.999912 0.000010 0.000010
0.000010 0.000010 0.000010 0.580958 0.000010 0.418971 0.000010 0.000010 0.000010
0.000010 0.000010 0.999912 0.000018 0.000010 0.000010 0.000010 0.000010 0.000010
0.000010 0.807598 0.041269 0.056058 0.015502 0.000010 0.000010 0.000010 0.079532
0.000010 0.000010 0.000010 0.000010 0.000010 0.435004 0.000010 0.000010 0.564926
0.000010 0.000010 0.000010 0.000010 0.000010 0.000010 0.499204 0.000010 0.500726
0.000010 0.000010 0.000010 0.494548 0.000010 0.505382 0.000010 0.000010 0.000010
0.000010 0.197640 0.016469 0.091552 0.000010 0.000010 0.609103 0.000010 0.085196
0.000010 0.011999 0.000010 0.645637 0.000010 0.018531 0.032049 0.291744 0.000010
0.000010 0.530275 0.000010 0.107197 0.105678 0.008091 0.000010 0.152317 0.096411
0.000010 0.000010 0.000010 0.000010 0.000010 0.999920 0.000010 0.000010 0.000010
0.000010 0.461529 0.000010 0.372168 0.115910 0.000010 0.000010 0.000010 0.050343
0.000010 0.000010 0.000010 0.000010 0.000010 0.999920 0.000010 0.000010 0.000010
0.023151 0.631847 0.000010 0.000010 0.000010 0.342153 0.002799 0.000010 0.000010
0.000010 0.000010 0.000010 0.000010 0.000010 0.502914 0.000010 0.000010 0.497016
0.064444 0.000010 0.051677 0.312226 0.000010 0.000010 0.020277 0.551336 0.000010
0.000010 0.000010 0.000010 0.999920 0.000010 0.000010 0.000010 0.000010 0.000010
0.003514 0.000010 0.105838 0.278390 0.000010 0.033425 0.052736 0.498562 0.027515
0.000010 0.081545 0.000010 0.009074 0.000010 0.000010 0.157006 0.752325 0.000010
0.000010 0.000010 0.000010 0.999920 0.000010 0.000010 0.000010 0.000010 0.000010
0.060394 0.132653 0.130572 0.510536 0.011613 0.030131 0.002886 0.101138 0.020077
0.072688 0.069101 0.144002 0.472080 0.040435 0.036811 0.000010 0.150368 0.014505
0.000010 0.000010 0.000010 0.951910 0.000010 0.048020 0.000010 0.000010 0.000010
0.000010 0.000010 0.069573 0.920460 0.000010 0.000010 0.000010 0.000010 0.009908
0.002126 0.001520 0.000010 0.551024 0.000010 0.000010 0.088668 0.356621 0.000010
0.038406 0.000010 0.000010 0.775929 0.022455 0.075434 0.000010 0.000010 0.087737
0.000010 0.000010 0.000010 0.999920 0.000010 0.000010 0.000010 0.000010 0.000010
0.000010 0.000010 0.374552 0.202254 0.142322 0.043383 0.000010 0.197822 0.039636
0.073040 0.088115 0.086082 0.342394 0.076065 0.048696 0.000010 0.190653 0.094945
0.000010 0.999920 0.000010 0.000010 0.000010 0.000010 0.000010 0.000010 0.000010
0.000010 0.000010 0.999913 0.000010 0.000014 0.000013 0.000010 0.000010 0.000010
0.000010 0.000010 0.000010 0.000010 0.000010 0.000010 0.999920 0.000010 0.000010
0.034235 0.000010 0.020320 0.110740 0.014179 0.000010 0.509820 0.310677 0.000010
0.047628 0.000010 0.251913 0.000014 0.000010 0.000010 0.700396 0.000010 0.000010
0.999920 0.000010 0.000010 0.000010 0.000010 0.000010 0.000010 0.000010 0.000010
0.803129 0.035423 0.000010 0.000010 0.000010 0.000010 0.161388 0.000010 0.000010
0.615198 0.000010 0.014639 0.025657 0.217895 0.000010 0.000010 0.044587 0.081993
0.456985 0.000010 0.000010 0.000010 0.000010 0.000010 0.542945 0.000010 0.000010
0.609945 0.000010 0.000010 0.000010 0.000010 0.000010 0.389985 0.000010 0.000010
0.082230 0.000010 0.027403 0.087924 0.268888 0.018017 0.000010 0.387630 0.127887
0.887964 0.000010 0.000010 0.000010 0.111966 0.000010 0.000010 0.000010 0.000010
0.055451 0.034640 0.000010 0.000010 0.000010 0.493024 0.338562 0.072710 0.005583
0.999920 0.000010 0.000010 0.000010 0.000010 0.000010 0.000010 0.000010 0.000010
0.999920 0.000010 0.000010 0.000010 0.000010 0.000010 0.000010 0.000010 0.000010
0.724995 0.202184 0.004627 0.068144 0.000010 0.000010 0.000010 0.000010 0.000010
0.831842 0.000010 0.000010 0.000010 0.000010 0.000010 0.168088 0.000010 0.000010
0.757293 0.112961 0.000010 0.000010 0.000012 0.000010 0.000010 0.129685 0.000010
0.000010 0.000010 0.000010 0.000010 0.000010 0.000010 0.999920 0.000010 0.000010
0.019971 0.000010 0.000010 0.000010 0.051869 0.000010 0.000010 0.928101 0.000010
0.000010 0.000010 0.999920 0.000010 0.000010 0.000010 0.000010 0.000010 0.000010
0.028402 0.000010 0.055195 0.852796 0.000010 0.000010 0.000010 0.000010 0.063557
0.000010 0.000014 0.999897 0.000010 0.000016 0.000019 0.000014 0.000010 0.000010
0.000010 0.000016 0.999901 0.000010 0.000018 0.000010 0.000015 0.000010 0.000010
0.064070 0.019766 0.000925 0.065535 0.026691 0.071582 0.102738 0.633335 0.015358
0.000010 0.000010 0.000010 0.000010 0.000010 0.000010 0.000010 0.999920 0.000010
0.123268 0.122853 0.000010 0.000010 0.000010 0.000010 0.089129 0.664701 0.000010
0.055534 0.036429 0.000010 0.000010 0.000010 0.000010 0.046138 0.861849 0.000010
0.015917 0.048372 0.000010 0.000010 0.000010 0.000010 0.087426 0.848235 0.000010
0.022457 0.480074 0.088219 0.263406 0.000010 0.000010 0.000010 0.000010 0.145804
0.000010 0.477907 0.017264 0.014152 0.000010 0.011643 0.000010 0.441372 0.037632
0.045977 0.000010 0.109868 0.835217 0.008888 0.000010 0.000010 0.000010 0.000010
0.053809 0.000010 0.077873 0.322214 0.028805 0.488497 0.002205 0.017911 0.008677
0.025491 0.000010 0.132334 0.797445 0.037301 0.007389 0.000010 0.000010 0.000010
0.879135 0.000010 0.000010 0.042966 0.000010 0.007642 0.000010 0.000010 0.070207
0.055094 0.000010 0.049921 0.344881 0.000010 0.053714 0.169060 0.295262 0.032049
0.038693 0.009694 0.061028 0.264191 0.028478 0.055043 0.016818 0.461318 0.064736
0.041717 0.165033 0.063057 0.347652 0.059034 0.103720 0.000010 0.219767 0.000010
0.139263 0.457525 0.043374 0.046414 0.000010 0.012483 0.227916 0.025024 0.047991
0.030832 0.000010 0.563904 0.140517 0.264697 0.000010 0.000010 0.000010 0.000010
0.175542 0.048716 0.063711 0.197595 0.000010 0.101923 0.011726 0.325788 0.074989
0.201452 0.105759 0.000010 0.082190 0.003591 0.060952 0.016869 0.442711 0.086467
0.410108 0.000010 0.000010 0.000010 0.000010 0.139996 0.207662 0.000010 0.242184
0.260837 0.078667 0.000010 0.000010 0.000010 0.496535 0.031588 0.000010 0.132333
0.115347 0.157184 0.116192 0.202652 0.022510 0.000010 0.000010 0.250518 0.135579
0.211501 0.148179 0.015654 0.165622 0.014035 0.114025 0.000010 0.073923 0.257052
0.129332 0.023000 0.517851 0.000010 0.000013 0.005516 0.080648 0.243621 0.000010
0.027071 0.000011 0.230341 0.177541 0.000010 0.000010 0.373241 0.190730 0.001046
0.000010 0.000010 0.000010 0.000010 0.000010 0.000010 0.000010 0.000010 0.999920
0.492383 0.000010 0.000010 0.000010 0.000010 0.131195 0.376362 0.000010 0.000010
0.000010 0.000010 0.000010 0.220529 0.000010 0.224065 0.000010 0.000010 0.555345
0.127691 0.000010 0.000174 0.108489 0.006431 0.407182 0.242902 0.107111 0.000010
0.000010 0.999920 0.000010 0.000010 0.000010 0.000010 0.000010 0.000010 0.000010
0.000010 0.000013 0.438644 0.561283 0.000010 0.000010 0.000010 0.000010 0.000010
0.000010 0.000010 0.000010 0.000010 0.999920 0.000010 0.000010 0.000010 0.000010
