0.000010 0.000010 0.863341 0.000010 0.136609 0.000010 0.000010
0.090344 0.000010 0.588318 0.000010 0.000010 0.321297 0.000010
0.017492 0.000012 0.515579 0.039970 0.228611 0.198326 0.000010
0.000011 0.000010 0.000010 0.999938 0.000010 0.000010 0.000010
0.044871 0.000010 0.000010 0.055350 0.530476 0.369274 0.000010
0.051223 0.000010 0.000010 0.053753 0.539116 0.355877 0.000010
0.000010 0.008319 0.877478 0.007764 0.099713 0.006706 0.000010
0.000010 0.000010 0.000010 0.999940 0.000010 0.000010 0.000010
0.000010 0.000010 0.000010 0.000010 0.999940 0.000010 0.000010
0.128647 0.000010 0.249609 0.067264 0.161373 0.370277 0.022820
0.000012 0.000010 0.860507 0.000010 0.000010 0.139441 0.000010
0.012200 0.000010 0.862429 0.000010 0.000010 0.125332 0.000010
0.065925 0.000015 0.815480 0.000010 0.000010 0.118550 0.000010
0.000010 0.124479 0.028385 0.073652 0.700481 0.004830 0.068164
0.000010 0.024777 0.626720 0.036181 0.312292 0.000010 0.000010
0.010073 0.000010 0.861280 0.000010 0.000010 0.128607 0.000010
0.016262 0.000010 0.862290 0.000010 0.000010 0.121408 0.000010
0.000010 0.000010 0.000010 0.000010 0.999940 0.000010 0.000010
0.028106 0.000010 0.595532 0.000010 0.278154 0.098178 0.000010
0.000010 0.000010 0.756354 0.000014 0.243592 0.000010 0.000010
0.000010 0.000010 0.000010 0.000010 0.000010 0.999940 0.000010
0.000010 0.000014 0.000014 0.000010 0.000010 0.999932 0.000010
0.000010 0.999940 0.000010 0.000010 0.000010 0.000010 0.000010
0.104883 0.000010 0.092494 0.000010 0.000010 0.802583 0.000010
0.000010 0.999940 0.000010 0.000010 0.000010 0.000010 0.000010
0.000010 0.999940 0.000010 0.000010 0.000010 0.000010 0.000010
0.000010 0.342391 0.000010 0.000010 0.000010 0.657559 0.000010
0.059214 0.047219 0.075675 0.030742 0.099035 0.688106 0.000010
0.000010 0.000010 0.000018 0.999932 0.000010 0.000010 0.000010
0.080305 0.027124 0.052553 0.033457 0.298721 0.507830 0.000010
0.000010 0.000010 0.851914 0.000010 0.052028 0.000010 0.096019
0.519336 0.000010 0.480614 0.000010 0.000010 0.000010 0.000010
0.024316 0.000010 0.348565 0.165682 0.000010 0.400188 0.061228
0.000010 0.000010 0.000010 0.013792 0.131069 0.855098 0.000010
0.000010 0.321228 0.000010 0.000010 0.000010 0.678722 0.000010
0.000010 0.000010 0.000017 0.999931 0.000011 0.000010 0.000010
0.000010 0.022062 0.000010 0.295363 0.126195 0.514190 0.042170
0.477743 0.199460 0.115433 0.170132 0.037211 0.000010 0.000010
0.033363 0.000010 0.000010 0.716442 0.038935 0.090193 0.121047
0.000010 0.273452 0.116476 0.372468 0.138846 0.000010 0.098739
0.000010 0.000010 0.109866 0.565148 0.282527 0.042429 0.000010
0.000010 0.000010 0.000010 0.562047 0.000010 0.437903 0.000010
0.000010 0.000010 0.437401 0.562549 0.000010 0.000010 0.000010
0.511382 0.000011 0.000010 0.488562 0.000015 0.000010 0.000010
0.000010 0.000010 0.000010 0.585484 0.000010 0.414466 0.000010
0.000010 0.407676 0.000010 0.592274 0.000010 0.000010 0.000010
0.028081 0.371718 0.155313 0.240773 0.000010 0.204096 0.000010
0.000010 0.000010 0.000010 0.000991 0.415126 0.583843 0.000010
0.025258 0.454127 0.000010 0.000010 0.000010 0.520575 0.000010
0.013996 0.337654 0.100742 0.256531 0.100638 0.190429 0.000010
0.000010 0.000010 0.000016 0.999934 0.000010 0.000010 0.000010
0.000010 0.000010 0.000016 0.999933 0.000011 0.000010 0.000010
0.072747 0.018601 0.181386 0.047065 0.205786 0.474405 0.000010
0.000010 0.000010 0.973368 0.000010 0.000010 0.026582 0.000010
0.000010 0.000010 0.000010 0.523605 0.000010 0.476345 0.000010
0.000010 0.000010 0.000010 0.529597 0.000010 0.470353 0.000010
0.999940 0.000010 0.000010 0.000010 0.000010 0.000010 0.000010
0.041526 0.000319 0.000010 0.648840 0.000010 0.309285 0.000010
0.000010 0.000010 0.158615 0.088801 0.697524 0.000010 0.055031
0.058425 0.000010 0.073935 0.022369 0.318518 0.526733 0.000010
0.024814 0.000010 0.281784 0.029376 0.473222 0.190784 0.000010
0.000010 0.690355 0.182958 0.000010 0.000010 0.126647 0.000010
0.000010 0.090647 0.170329 0.214706 0.000010 0.105285 0.419013
0.105782 0.000010 0.000010 0.000010 0.000014 0.894165 0.000010
0.126271 0.000010 0.404329 0.000010 0.000010 0.469360 0.000010
0.000010 0.000010 0.000010 0.000010 0.000010 0.999940 0.000010
0.999940 0.000010 0.000010 0.000010 0.000010 0.000010 0.000010
0.999938 0.000010 0.000010 0.000010 0.000012 0.000010 0.000010
0.000010 0.000010 0.123523 0.034484 0.090423 0.751540 0.000010
0.528614 0.056621 0.000010 0.059895 0.354841 0.000010 0.000010
0.019399 0.000010 0.000010 0.000010 0.000010 0.980551 0.000010
0.536428 0.000010 0.000010 0.000010 0.463522 0.000010 0.000010
0.000010 0.001686 0.000010 0.005368 0.306236 0.686681 0.000010
0.000010 0.000010 0.000010 0.394526 0.000010 0.593258 0.012176
0.000010 0.007432 0.000010 0.000010 0.632503 0.360025 0.000010
0.000010 0.000010 0.000010 0.000010 0.000010 0.999940 0.000010
0.442849 0.000010 0.014912 0.239841 0.000010 0.302368 0.000010
0.000010 0.000010 0.000011 0.000010 0.000010 0.999939 0.000010
0.215922 0.022930 0.044584 0.334172 0.156830 0.225551 0.000010
0.092630 0.071714 0.523696 0.034183 0.045627 0.232141 0.000010
0.012508 0.002404 0.288890 0.289097 0.000010 0.407081 0.000010
0.000010 0.000010 0.000010 0.000010 0.000010 0.999940 0.000010
0.000015 0.000010 0.074982 0.148445 0.762163 0.014376 0.000010
0.596008 0.014685 0.204504 0.000013 0.000010 0.184769 0.000010
0.000017 0.445747 0.000010 0.000010 0.000010 0.554196 0.000010
0.000010 0.583437 0.158613 0.000010 0.073840 0.129400 0.054691
0.000010 0.061510 0.000010 0.439458 0.210889 0.000010 0.288113
0.000010 0.490547 0.000010 0.000010 0.000010 0.509403 0.000010
0.129895 0.000012 0.021614 0.000010 0.009735 0.837022 0.001711
0.030019 0.000010 0.258833 0.042434 0.535342 0.128118 0.005244
0.000010 0.000010 0.000010 0.963147 0.036803 0.000010 0.000010
0.000010 0.000010 0.100613 0.095310 0.783003 0.021044 0.000010
0.000010 0.011054 0.950036 0.000010 0.038870 0.000010 0.000010
0.000010 0.000010 0.000010 0.000010 0.999940 0.000010 0.000010
0.971436 0.000011 0.000010 0.000011 0.000010 0.028512 0.000010
0.021541 0.250325 0.351896 0.000010 0.000010 0.347793 0.028425
0.999937 0.000010 0.000010 0.000010 0.000013 0.000010 0.000010
0.000010 0.000010 0.999940 0.000010 0.000010 0.000010 0.000010
0.208958 0.000010 0.035595 0.000010 0.000010 0.755407 0.000010
0.000010 0.465363 0.000010 0.000010 0.000010 0.534587 0.000010
0.559082 0.440868 0.000010 0.000010 0.000010 0.000010 0.000010
0.415539 0.440980 0.065548 0.000010 0.073036 0.004877 0.000010
0.000010 0.499533 0.000010 0.000010 0.000010 0.500417 0.000010
0.000010 0.562657 0.290495 0.000010 0.079212 0.067606 0.000010
0.009385 0.000010 0.990565 0.000010 0.000010 0.000010 0.000010
0.000010 0.544388 0.000012 0.455560 0.000010 0.000010 0.000010
0.000010 0.000010 0.000010 0.559932 0.440018 0.000010 0.000010
0.000010 0.164849 0.000010 0.408105 0.000010 0.422235 0.004781
0.027300 0.000010 0.175308 0.000010 0.000010 0.797352 0.000010
0.000010 0.000010 0.355751 0.000010 0.525161 0.119048 0.000010
0.000010 0.000010 0.262832 0.000016 0.737113 0.000010 0.000010
0.022194 0.445862 0.000010 0.041934 0.238718 0.240451 0.010830
0.002694 0.000010 0.208842 0.000010 0.000010 0.777691 0.010743
0.064581 0.040325 0.276717 0.145528 0.448885 0.023954 0.000010
0.004836 0.000010 0.366269 0.006360 0.079561 0.542954 0.000010
0.470040 0.000010 0.000010 0.000010 0.000010 0.529910 0.000010
0.091307 0.424205 0.210070 0.000010 0.000010 0.274387 0.000010
0.026942 0.000010 0.476428 0.000010 0.400332 0.096269 0.000010
0.000010 0.000010 0.000010 0.397673 0.000010 0.602277 0.000010
0.000010 0.000010 0.000010 0.000010 0.687604 0.292662 0.019694
0.022734 0.000010 0.653635 0.019428 0.281529 0.022654 0.000010
0.000010 0.607717 0.056224 0.019717 0.316312 0.000010 0.000010
0.001276 0.604635 0.052021 0.016332 0.325715 0.000010 0.000010
0.000010 0.037226 0.785594 0.000010 0.119532 0.000010 0.057617
0.062599 0.000016 0.513372 0.000020 0.109529 0.314454 0.000010
0.055900 0.041057 0.593631 0.000010 0.166774 0.142618 0.000010
0.023405 0.000010 0.377065 0.020646 0.407547 0.155522 0.015804
0.000010 0.000010 0.000010 0.999940 0.000010 0.000010 0.000010
0.000010 0.999940 0.000010 0.000010 0.000010 0.000010 0.000010
0.000010 0.000010 0.000010 0.557819 0.000010 0.442131 0.000010
0.000010 0.000010 0.000010 0.999940 0.000010 0.000010 0.000010
0.000010 0.498735 0.000010 0.501214 0.000010 0.000010 0.000010
0.000010 0.585710 0.000010 0.000010 0.000010 0.414240 0.000010
0.000011 0.000015 0.000018 0.999926 0.000010 0.000010 0.000010
0.000010 0.286788 0.000010 0.713162 0.000010 0.000010 0.000010
0.000010 0.999940 0.000010 0.000010 0.000010 0.000010 0.000010
0.029398 0.228635 0.000010 0.021004 0.205132 0.515811 0.000010
0.000018 0.000010 0.000010 0.999932 0.000010 0.000010 0.000010
0.000010 0.999940 0.000010 0.000010 0.000010 0.000010 0.000010
0.000010 0.000010 0.000010 0.999940 0.000010 0.000010 0.000010
0.000010 0.479698 0.000010 0.000010 0.000010 0.520252 0.000010
0.999940 0.000010 0.000010 0.000010 0.000010 0.000010 0.000010
0.000010 0.000010 0.999940 0.000010 0.000010 0.000010 0.000010
0.000010 0.404002 0.000010 0.000010 0.000010 0.595948 0.000010
0.000010 0.000010 0.000010 0.498624 0.000010 0.501326 0.000010
0.000010 0.523617 0.000010 0.000010 0.000010 0.476333 0.000010
0.000010 0.000010 0.348311 0.601027 0.000010 0.050621 0.000010
0.000010 0.040991 0.000010 0.000010 0.324538 0.634431 0.000010
0.000010 0.000010 0.918244 0.000010 0.000010 0.081706 0.000010
0.000010 0.999940 0.000010 0.000010 0.000010 0.000010 0.000010
0.000010 0.000010 0.677055 0.000010 0.000010 0.322895 0.000010
0.000010 0.999940 0.000010 0.000010 0.000010 0.000010 0.000010
0.000010 0.329866 0.000010 0.000010 0.670084 0.000010 0.000010
0.000010 0.491365 0.000010 0.000010 0.000010 0.508585 0.000010
0.047123 0.012067 0.145562 0.021997 0.413710 0.288553 0.070988
0.070089 0.000010 0.000010 0.000010 0.000010 0.883994 0.045877
0.087950 0.017308 0.053535 0.033121 0.379749 0.277200 0.151138
0.000010 0.000010 0.060762 0.129805 0.781421 0.027982 0.000010
0.000010 0.000010 0.000010 0.000010 0.000010 0.999940 0.000010
0.119751 0.024200 0.300711 0.008833 0.042547 0.475900 0.028058
0.119093 0.030561 0.307870 0.015901 0.044249 0.471270 0.011055
0.000010 0.107116 0.000010 0.000010 0.000010 0.892834 0.000010
0.140963 0.000010 0.070188 0.000010 0.000010 0.788809 0.000010
0.000010 0.000010 0.000010 0.034427 0.431028 0.534505 0.000010
0.000010 0.073373 0.000010 0.000010 0.009058 0.835747 0.081792
0.032570 0.000010 0.000010 0.000010 0.000010 0.950734 0.016656
0.345220 0.018681 0.420815 0.000010 0.000010 0.215254 0.000010
0.059513 0.067887 0.403400 0.017505 0.082974 0.360988 0.007733
0.000010 0.000010 0.325261 0.000013 0.674686 0.000010 0.000010
0.999940 0.000010 0.000010 0.000010 0.000010 0.000010 0.000010
0.000012 0.000010 0.000019 0.828357 0.000010 0.000010 0.171582
0.028811 0.000010 0.000010 0.340199 0.148134 0.014986 0.467850
0.173306 0.000010 0.000010 0.511841 0.000010 0.000010 0.314813
0.000010 0.000010 0.000010 0.000010 0.000010 0.000010 0.999940
0.000010 0.000010 0.000010 0.142698 0.000010 0.000010 0.857252
0.035145 0.000010 0.153204 0.000010 0.000010 0.037262 0.774359
0.000010 0.000010 0.000010 0.430866 0.000010 0.000010 0.569084
0.000010 0.000010 0.000010 0.309267 0.000010 0.000010 0.690683
0.032188 0.000010 0.346125 0.000010 0.000010 0.142068 0.479589
0.019500 0.000010 0.000010 0.000010 0.000010 0.000010 0.980450
0.000010 0.355702 0.000010 0.197362 0.019864 0.000010 0.427043
0.000013 0.000010 0.000010 0.000010 0.000010 0.000010 0.999937
0.000014 0.000010 0.000010 0.000011 0.000010 0.000010 0.999935
0.001172 0.000010 0.040359 0.000010 0.079471 0.000010 0.878968
0.000010 0.000010 0.000010 0.146911 0.000010 0.000010 0.853039
0.000010 0.000010 0.066206 0.000010 0.000010 0.000010 0.933744
0.000010 0.000010 0.000010 0.801261 0.000010 0.000010 0.198689
0.000010 0.000010 0.347440 0.000010 0.226858 0.000010 0.425662
0.999940 0.000010 0.000010 0.000010 0.000010 0.000010 0.000010
0.090670 0.000010 0.000014 0.000010 0.000010 0.590370 0.318915
0.999938 0.000010 0.000012 0.000010 0.000010 0.000010 0.000010
0.999927 0.000013 0.000014 0.000016 0.000010 0.000010 0.000010
0.000010 0.000010 0.000010 0.006702 0.408822 0.057677 0.526769
0.000019 0.000010 0.516184 0.000010 0.160849 0.000010 0.322918
0.000010 0.000010 0.000010 0.000010 0.491581 0.000010 0.508369
0.000012 0.000010 0.000010 0.000010 0.529461 0.000010 0.470486
0.000010 0.000010 0.000010 0.000010 0.512851 0.000010 0.487099
0.044797 0.000010 0.352534 0.000010 0.000010 0.193895 0.408744
0.004062 0.000010 0.000010 0.000010 0.572870 0.000010 0.423028
0.153835 0.000010 0.000010 0.000010 0.000010 0.511077 0.335047
0.069545 0.351077 0.000010 0.000010 0.000010 0.179334 0.400013
0.120901 0.000010 0.000010 0.000010 0.000010 0.557154 0.321905
0.000010 0.000010 0.000010 0.000010 0.000010 0.051475 0.948475
0.055796 0.016440 0.000010 0.075520 0.148942 0.243503 0.459790
0.029891 0.000010 0.076203 0.000010 0.114599 0.298474 0.480814
0.062951 0.050617 0.266896 0.000010 0.000010 0.216331 0.403185
0.002780 0.000010 0.000010 0.074529 0.405827 0.039431 0.477412
0.546123 0.000010 0.041486 0.000010 0.000010 0.074675 0.337686
0.078256 0.045171 0.000151 0.000010 0.158363 0.169742 0.548308
0.000010 0.023977 0.010897 0.000010 0.266314 0.114366 0.584426
0.000010 0.086858 0.000010 0.098268 0.000010 0.126981 0.687863
0.000010 0.368618 0.000010 0.000010 0.000010 0.044248 0.587095
0.100317 0.000010 0.006993 0.000010 0.207790 0.184540 0.500341
0.003324 0.045954 0.040589 0.000010 0.040356 0.305190 0.564578
0.424888 0.000010 0.000013 0.000010 0.168171 0.000010 0.406898
0.211663 0.000010 0.000010 0.219357 0.055550 0.051190 0.462220
0.000010 0.000010 0.000010 0.000010 0.000010 0.734389 0.265561
0.000010 0.039636 0.000010 0.253374 0.000010 0.000010 0.706951
0.000010 0.103995 0.000010 0.000010 0.000010 0.586394 0.309571
0.000135 0.261383 0.000010 0.156504 0.000010 0.042431 0.539527
0.000010 0.000010 0.219956 0.000010 0.561469 0.000010 0.218535
0.451388 0.000010 0.000019 0.000010 0.000010 0.305632 0.242930
0.049040 0.000010 0.453404 0.000010 0.000010 0.067623 0.429903
