0	231749	217305	183057	209398	213705	199979	218620	218946	204650	198652	212962	217543	219529	204308	210345	218371	229684	227708	28728.9	150831	24902.6	25258.7	216935	235835	225441	235142	234103	182629	216472	137941	166663	136958	197308	181590	182935	180699	213636	92966	182317	217027	206955	206115	181365	188419	130942	170074	163521	220608	167609	201946	247355	100112	194115	225666	179097	207179	242260	198368	197540	228765	241686	236269	177457	206754	206206	196307	243382	235932	203932	202824	245645	218336	243066	167127	157825	205215	155732	208338	207041	164678	169364	243606	177852	224159	124499	190642	177929	174345	244061	199122	133821	220111	230751	240599	215551	246198	137882	206314	230562	202093	204244	181695	204194	244684	244024	180990	218606	210098	202487	55672	206220	239046	181469	220795	202573	217574	151846	168444	156714	39788.5	38892	183812	137273	156119	133139	187425	203069	209560	159139	129385	160711	175437	189160	196958	175871	246697	103604	190250	209479	234926	183807	148940	216224	239240	236346	233435	245181	70084	193094	39560.2	228274	144757	189847	111961	138305	185447	212429	215790	219232	235041	205951	167209	225174	251831	195970	174150	219269	191801	98604	178576	216314	203171	216004	225556	210457	209482	235155	191197	200912	208780	243740	206996	213686	238909	227624	184244	242813	238023	205757	179208	244499	205582	241694	182277	43350	223304	187741	209238	183137	224414	199437	223860	214161	212689	205566	227715	189712	200992	150598	191022	241542	156677	169353	165476	154668	154183	196377	166535	157804	148588	185264	253208
231749	0	115015	83093.1	166506	143152	191048	83990.7	105967	218687	185517	150558	184875	184405	182821	137118	180715	27956.6	198122	233623	227833	232107	231960	175969	200415	169136	181019	174884	217683	189008	220829	212822	220700	176397	178647	213408	214932	158493	222275	194963	195116	164068	203944	204024	213844	196920	142933	236311	117434	231900	154721	196272	224269	206121	213065	221915	208558	33638.3	196604	195592	217635	33191.1	193870	210018	221028	221598	224880	185928	207260	221660	220904	193739	215337	205035	250577	240846	237237	237356	228957	231398	239856	225535	36177.5	216814	216098	229845	193712	232760	234987	35831.4	177816	203492	80528	146259	113611	130591	114305	144272	123955	119450	183924	223597	234000	179585	37132.5	37602.9	216516	212182	131115	138337	239040	113255	183183	216645	207371	236904	178051	242025	228739	240435	243988	243519	229748	208882	248228	218494	223770	160869	211555	240701	188169	243532	161951	209879	176114	249055	181087	229404	246203	227097	134196	238644	233302	197540	45202.6	185766	225062	193419	242100	229672	243614	226498	237245	247418	239385	232242	240945	226131	219483	142711	103230	155577	246049	207767	202229	214157	246995	184470	228133	235681	226554	208968	168409	213223	209565	212866	211726	226885	225215	217512	200309	35793	235285	128123	29888.5	136448	234940	37309.4	96329.7	224305	222172	36485.3	236612	36800.4	233633	240761	217420	236084	137723	239308	110842	223820	218172	238296	231186	233754	203577	239692	208639	236408	201882	182268	242589	220734	218833	239896	239498	210080	231443	240915	230272	225252	201537
217305	115015	0	147638	191945	182376	200909	146387	157768	210854	202347	179858	193661	192792	199160	145933	196116	116096	204308	219306	209290	217605	217866	175743	204054	169789	177931	176133	216658	186927	205766	204533	205561	194507	182955	204819	202669	179956	209878	190007	194326	182939	212918	202006	213090	195022	169915	225845	157499	218212	183043	207907	207667	201033	213322	222213	215500	124596	191091	190198	211559	124172	189729	203537	212109	214602	220729	185877	213484	212589	211772	201343	213049	207688	239642	226470	227293	215545	225632	224197	225977	215656	126377	210510	217212	219600	190739	220837	222578	126541	188830	214744	149546	186241	165299	176865	165692	189401	160926	172271	195662	211867	221822	189929	127530	127568	206903	224051	167329	189423	225508	155620	173344	200934	202743	231442	198636	228547	211324	225921	229996	229610	221318	205432	230044	216535	215278	184438	209303	228654	202570	231963	189183	209091	196535	238346	179013	217040	234267	222760	165824	222272	220554	193434	128828	182094	220422	200913	228446	221048	229683	219230	219625	234395	228634	220314	228826	226356	222934	175827	163306	181389	237376	205555	210879	210018	242488	193276	212499	225694	218921	210477	202066	210620	207576	197145	195624	225191	214407	211682	200636	126302	229167	174325	120765	183696	218352	126842	159533	222464	204650	127184	226927	126041	219822	226955	216387	227655	182863	229861	159927	206264	214195	231919	226407	227746	207581	228009	202946	225284	200467	180571	224341	215062	211752	222813	223142	205289	217187	227288	219574	222025	214060
183057	83093.1	147638	0	178122	156803	192275	117038	133860	215833	185866	159156	190872	190656	191789	151492	188633	84502.6	200712	184826	209383	183324	183596	184242	203001	189484	194789	192153	206109	201519	204546	196886	204269	181232	179027	210198	200815	178613	196113	190700	198184	171497	203181	203036	205805	179974	150619	220952	143942	215635	160479	210681	190429	203729	211170	207768	203049	92684.8	205948	204886	216526	92219	212255	201682	219166	220951	216881	206514	209760	219429	218631	213977	214274	208374	234346	226243	228345	219641	219734	222025	226055	210901	94361.8	213038	216184	200028	192827	227619	220493	94795.1	192473	177994	121449	167116	147171	151532	141951	142885	142097	151025	188500	228996	223354	186861	95688.3	95832.6	209562	208567	160141	152978	198841	145624	194344	213482	216310	229513	189103	224243	209894	225794	195788	195536	224234	189126	227151	214851	214676	181393	214002	222925	185791	227187	176028	207539	181368	233251	205078	207779	229881	217323	160971	226984	216097	198665	98852.9	206766	228164	213599	199874	218955	195638	228316	210344	234906	214385	214335	228936	217120	215115	160697	143443	170334	230404	211997	216353	209795	230718	191564	216825	212076	214922	210609	192546	217300	215819	217462	216546	226884	208232	208613	203432	94638.5	224421	145260	88882.4	157321	224939	95356	128674	215474	211889	95434.4	228055	94693.7	224048	193961	216772	223334	166146	229023	157067	228980	219360	228288	223318	223156	210272	225972	204916	217420	209189	203745	226574	206791	200815	225574	216918	217827	219994	223539	212118	219706	216168
209398	166506	191945	178122	0	88188.5	113480	125398	109875	217324	109769	194194	130205	130118	104400	71491.8	93109.8	166779	205672	211915	210853	209714	210143	188657	202038	183600	189847	195254	209938	200024	203418	201219	211216	87302.9	197804	208830	207885	185544	204725	187335	185689	157362	175166	193973	190101	185621	187174	215485	124785	214621	178890	207033	206597	210203	207824	207349	206212	177072	205715	204748	219521	176800	211526	211406	222180	220535	206299	204814	215031	224596	223477	208069	224430	208454	228052	226169	214290	219475	207778	206089	214838	212839	178874	208346	208838	215944	203470	230352	219116	179099	194633	214839	187635	181995	192723	188466	191440	206415	189775	192962	203176	220808	218231	200342	179858	179677	217855	206185	194545	189422	219127	186640	203920	214982	215815	212843	92427.3	226742	216730	225492	222606	222344	218903	198763	227981	217382	215524	202843	213978	222789	203396	226669	201978	212705	214478	227666	207570	216750	222251	214535	118766	225954	219706	212318	178195	200613	223832	207621	223778	217509	222536	222402	221946	228601	218865	211168	221138	203736	204139	207645	200180	214196	213325	204958	207682	215635	216070	201781	218150	223737	218459	208401	207501	212177	208514	217471	216758	225632	217375	207973	208626	179039	209672	203539	173499	182612	221089	178892	191460	213053	211329	179557	214171	177782	220037	220074	206520	219783	206041	220067	200238	229320	215034	219904	218308	208910	196091	226271	201697	218475	203191	202102	222103	205462	204996	217762	222790	207101	211569	224622	218751	208798	213103
213705	143152	182376	156803	88188.5	0	139656	120825	110137	214860	117617	166075	144409	143199	141725	111386	131769	143035	199928	215401	213549	213997	214032	187095	192620	176592	184888	188975	206240	196109	207368	199086	212597	100564	178243	203399	195266	177211	203334	178588	172244	149078	166190	198932	179659	190459	182780	216688	119702	208564	165948	196761	207949	205446	195214	202154	198266	153975	202245	200909	213721	153826	207389	208186	216831	218584	206467	201007	209607	221045	220194	203800	212548	198809	236016	228125	219782	223862	208943	207901	220173	219793	156015	212044	208250	205553	201054	229418	221982	156233	189592	208613	163439	173689	177557	178042	162896	200323	182425	168988	196688	225316	219902	190842	157010	156856	213360	196444	191115	188910	224158	174424	197997	216548	206539	214979	115851	231440	221907	227586	226436	225972	217968	203418	232251	220765	210616	201135	216253	226745	198428	230976	196209	211173	210767	229173	200025	216808	228370	212662	131439	228410	222803	202325	153938	199597	219269	203365	227933	216252	226217	219608	226558	226340	219569	206509	220662	205485	197367	195758	182896	201178	212701	199922	197299	213958	221591	190733	223604	226162	218760	203132	202215	211155	202731	210067	208762	220798	204457	200988	203909	155978	211211	187631	150684	181016	225385	155776	170606	213893	212849	156902	219610	154818	225477	223210	198839	223236	200289	217016	179329	228796	206564	218821	215034	209743	195533	223152	202309	225575	207530	202056	228536	210903	204432	224204	226864	208233	214016	228464	218808	212406	202962
199979	191048	200909	192275	113480	139656	0	165202	163178	177056	150961	183532	172252	172509	157947	136789	151367	190286	202623	202390	191941	200161	200445	197702	198918	194645	194841	203573	200954	194125	183265	186407	197116	133647	185678	198819	186915	198931	184274	188197	181901	175515	183779	191024	183925	189929	190519	196699	158316	189202	181311	212306	188532	182935	196609	204899	208794	201942	212946	211686	196966	201298	219250	208859	191649	194611	203402	210365	211355	195807	194557	215475	217951	204810	215623	215568	212641	196368	212125	207289	211069	200826	203333	205561	195990	185451	204890	212462	214662	203669	197990	220826	203473	207381	206812	206012	211389	209100	204055	203074	205716	210538	207959	198390	204394	203971	211424	214785	195964	201335	209274	199162	209403	207657	207862	210613	152722	209743	210538	214823	213218	212835	205290	200471	213103	209415	212338	208542	219063	205449	200278	210304	199912	204713	200066	209216	213269	209337	209810	208619	167012	215204	201972	205979	198302	212330	197657	215029	210955	208151	212776	202426	206938	211616	213988	198461	214666	207741	208391	210587	210619	211314	208760	199835	215218	214684	205915	207781	203928	210843	211585	200769	201923	208788	210712	212137	212219	209928	186182	195828	204213	203267	207758	214117	198148	211155	214716	202889	211923	212032	204532	204167	212744	201570	219044	210303	204268	208798	206464	215767	203089	219118	203523	219771	215605	206631	212195	210907	208348	209192	197487	211908	211726	206971	205392	213215	210269	212630	209677	215433	195349	198274	218212
218620	83990.7	146387	117038	125398	120825	165202	0	57174.3	214418	143190	164681	155557	154806	171862	112173	151241	85396.7	198151	220159	216626	219271	219159	184794	197199	172979	184397	187285	210959	194994	211650	204959	214244	134715	185416	212888	203992	170416	213109	186770	190040	150792	187997	203326	199935	193320	171370	228131	123483	221513	161009	201665	214476	208569	208445	208747	202124	93681.6	203548	202445	219034	93450.4	197963	209312	222242	222090	215281	198858	207328	225303	224403	199476	223016	202194	242205	233558	220024	225205	221596	219624	231143	221133	95980	208745	214281	220505	200403	229725	224332	95791.4	189943	198147	118644	169349	138329	153310	138382	160437	158752	143034	177629	227628	227597	180356	96906.7	97174.9	214428	208604	147577	155268	228629	146873	190713	216195	215093	225003	143636	231634	222286	232952	231372	231259	224799	204184	237271	214900	219621	182832	210806	233250	187322	238315	180133	206786	183278	240398	193468	223625	234464	219939	137772	229279	223356	200576	99998.6	194644	225227	199140	231451	218630	231134	223445	229681	233266	226738	220881	225996	218114	213300	164385	147048	188997	227494	210991	208365	223961	232041	188861	227493	226488	219088	213443	191779	213186	212185	214349	213109	225236	219474	208700	201537	95761	216804	160728	90338.4	157437	226712	96490.7	143572	216457	219354	96506.6	219786	95990.8	225869	228399	215293	233634	161482	225476	149337	235154	215164	224192	227533	215349	206866	226869	209984	226291	204392	191625	232638	213797	208184	231514	230708	217564	222326	230315	224834	216818	206932
218946	105967	157768	133860	109875	110137	163178	57174.3	0	215894	123808	175226	137539	136144	162947	102137	141847	107631	203296	220053	216774	219440	219476	189340	200144	175847	185376	188242	215510	199686	211960	206833	215898	121643	187889	218931	205875	177732	214141	186692	193123	154530	189672	205526	201959	193897	176086	224782	121262	223125	171374	205194	216956	210648	209694	212939	206709	115776	198828	198002	220726	115362	205596	208241	223240	223370	220288	197330	212831	228602	227713	206500	223059	205610	240149	235495	223806	227552	222473	219073	232617	220882	117734	214051	212734	222714	206134	231119	225570	117801	186645	206015	133076	175184	155008	165373	152260	175345	167600	160499	175918	232230	223080	190678	118768	118934	212337	209704	157215	167423	228180	159253	190037	214793	216950	225638	132653	234628	226710	234867	231445	231194	224782	208182	237614	221097	219274	187477	216194	231968	195576	236830	188897	209116	186889	237023	193870	224953	236526	218934	125604	232110	226864	205294	121009	198750	224759	206191	231141	218425	231046	226810	231640	233003	227572	221546	223491	217680	217264	172980	169359	201546	228859	206300	209400	221747	231181	191773	225138	228886	224362	216181	200841	217574	210643	215424	213971	224654	222725	207993	203508	117768	219863	176429	112238	168584	230240	118366	154257	220439	219887	118374	223386	117820	228556	228439	217743	230090	175927	225174	164897	236287	217917	223060	225920	218525	202282	227093	206481	228063	207849	191310	232980	218711	207720	231591	233594	214685	222573	233178	225046	215816	211480
204650	218687	210854	215833	217324	214860	177056	214418	215894	0	189792	209067	201868	202084	213733	216381	209911	217203	203796	206695	198232	204784	204899	201489	196550	210673	205774	209559	195356	205410	203639	203617	194141	210198	204893	191014	195216	212259	188715	203354	202384	207971	205924	207192	207693	209731	202188	201554	214032	197661	209301	217435	203192	181223	210164	222022	211307	228115	212738	212119	175490	227612	221662	211970	192092	193395	223130	209871	212245	194791	194013	221604	206368	201591	215436	207971	215017	215958	221614	227883	209856	209893	229618	214003	174712	183123	212876	212662	214220	229766	217386	213335	220209	221765	228438	226664	224493	220787	229023	228356	219504	212476	222236	220656	230437	229773	211574	217672	224478	221095	217155	217447	217448	212311	213524	217602	226132	218740	213016	206953	216835	216251	219398	219135	210301	216204	216088	217639	207704	206742	214878	212634	209455	213751	220585	213436	222693	212060	213370	221349	224711	209108	211479	205684	224198	218868	153173	221337	218857	217597	216226	166421	218874	213952	216974	210064	213345	222559	220638	227459	228345	219398	218252	214889	222834	213395	213073	213949	212099	215622	216672	221607	225146	206339	214827	218538	217815	195043	202022	215432	208313	229362	218100	215193	225044	230769	210874	228941	230417	218211	218798	229992	215022	227680	212766	214223	219996	217500	215887	212875	224025	203859	217696	216126	206890	217049	224730	216469	218287	207512	211055	218661	208700	217235	212104	206714	219162	219695	204199	209238	193093	199472	222507
198652	185517	202347	185866	109769	117617	150961	143190	123808	189792	0	196307	123374	121017	151578	132310	148029	185010	208093	200658	208785	198687	199005	199022	203544	196689	201797	203049	210921	212989	200034	195614	201536	112050	195645	206645	201388	195115	188007	189137	194170	172954	178431	199665	189037	190721	202221	213557	155115	208779	181288	211002	200831	189867	207855	203125	207388	195782	195515	194941	208448	195417	220977	204143	201884	202162	210958	213484	217178	203047	202047	220512	216739	209572	227351	213921	207748	214606	208874	202846	209410	213223	197558	207133	205379	206665	212743	220619	206937	197648	195805	207630	193050	192707	205884	197584	201892	210125	195760	198355	204342	223780	208794	201199	198352	198095	207358	206156	206937	200832	211297	195591	211901	213663	219261	212925	136631	221137	217445	213426	211133	210806	217351	207108	219587	224029	196391	208818	217709	220690	193652	222879	205544	210946	214456	225453	219487	205387	226062	210937	159758	219790	214104	210903	194877	203287	211842	220315	214196	207457	210933	217859	218043	221440	207763	207995	214322	198512	209039	214716	217836	221103	210763	215761	220904	214098	220800	203436	224424	211201	216167	218348	214911	220688	210477	213305	211903	218038	214371	212985	211717	197382	207784	212225	192264	190668	213413	197210	204750	206201	207032	198242	207842	196129	210450	208389	215295	212387	220426	201653	212290	225547	222301	208902	220462	206810	201532	216281	203717	214508	209511	216181	213902	203543	198241	208891	217068	208566	206998	219646	215448	214375	217268
212962	150558	179858	159156	194194	166075	183532	164681	175226	209067	196307	0	200813	199826	198269	187401	200419	148919	209255	215766	204221	213402	213562	179884	202950	196119	190326	198531	204856	198493	199200	147311	194384	170701	156118	203266	172315	180753	191478	187367	157536	162034	142409	202283	162048	201597	176764	211204	139789	166128	128887	212781	193405	208072	204850	216076	210212	161857	207541	206246	222296	161350	214076	211246	219909	222572	224668	204981	218614	219818	218907	215441	217122	209882	225666	211975	164035	217031	167207	158306	193496	211668	163729	208373	222344	186875	201522	218836	197065	163951	194066	199147	171356	173298	187132	198141	186010	197179	184232	163497	185275	214750	194155	184698	164781	164375	211380	215794	188029	189008	222090	179852	210063	212170	216627	186339	204412	221652	216349	211277	226854	226178	218003	213557	221028	225095	211342	199233	211637	210424	199795	218562	193598	210085	199324	225752	212884	215773	197075	186379	184702	185687	208946	207084	157251	209879	226918	215039	224106	210624	226325	229680	217006	198816	196551	181589	195290	190197	222604	158921	187538	179175	224746	204038	219907	183277	228912	207691	217764	216507	194127	202144	201697	217073	214537	181082	180297	228535	186001	204413	209185	163614	168068	190291	157745	160969	184360	162779	165015	159493	190876	164529	164025	161255	188614	220732	219358	198758	188366	190636	182989	208427	218033	168862	224218	166943	193327	194546	210190	215727	203035	212256	214490	211841	207517	202359	221107	219198	207088	219717	215602	214469	218907
217543	184875	193661	190872	130205	144409	172252	155557	137539	201868	123374	200813	0	26065.7	160691	148853	159496	184367	187616	219786	221815	218142	218212	195879	194376	194298	190951	194629	223161	202304	214136	205864	217343	134519	208030	212154	204316	190940	211563	202066	189226	184524	192863	208348	199302	199872	205166	231620	155785	225511	183956	200586	215872	202901	207853	220549	218980	195491	202914	201973	208206	195104	211865	214300	213915	214672	224305	209740	196852	214449	213561	210562	215143	200063	241970	237453	222773	229492	208246	213137	228936	228332	197059	219008	202740	216053	212166	235680	225524	197393	216404	218464	195438	197044	211454	210964	195550	221566	209293	204872	219056	230252	224213	211010	198196	198095	218820	215447	210941	207136	227270	201786	202423	216595	215568	225423	162689	236757	227045	236666	230601	230132	235047	214516	236129	226575	219564	217150	217905	234740	211950	240076	211816	218743	220946	243896	214233	223760	235234	216105	163076	232232	229318	204203	194403	195822	208408	210083	231207	218428	230447	211918	231198	233864	222483	218878	226607	207025	204791	219058	218564	227514	231470	215070	212849	221043	232378	206704	229664	230700	223614	220411	228471	215472	208486	211393	209494	185238	216827	213589	209293	197298	218781	218916	191738	189279	222318	197094	207766	213746	217725	197683	222982	195839	224051	227848	213168	227888	227537	224016	218244	229529	218415	219142	221420	218049	198214	229551	206492	229366	210494	203388	234648	214884	211062	227258	230163	218194	222146	233100	223067	200032	207040
219529	184405	192792	190656	130118	143199	172509	154806	136144	202084	121017	199826	26065.7	0	160653	150187	159105	183846	187714	221641	223145	219544	219808	195311	193740	193153	190003	194244	223354	201663	215675	206023	218771	133845	207479	212701	204889	190675	212604	202231	189319	184194	192376	209160	199265	200525	205752	232835	153980	226075	183806	199274	217115	203695	208028	220680	218489	194673	201633	200913	207946	194641	210644	213707	214263	215201	224255	208399	196841	214936	214153	208869	213839	199286	243047	238419	222614	230654	208194	213336	229826	228967	196668	219664	202434	216340	212519	236171	225628	196713	216253	219360	194822	197107	211063	211514	194903	221840	209313	204350	218090	229917	223296	210366	197371	197266	218582	214306	210945	207005	228625	201336	201592	217214	215064	225360	162376	237771	227446	237615	232092	231771	235810	214973	237429	226370	219321	217922	218023	236328	213083	241405	211425	218538	220979	244928	213239	224266	236361	215812	161687	232464	230240	203731	193682	195244	207764	208733	232855	219447	231999	211975	232200	235116	223820	219480	226452	206692	205729	218314	218105	227375	232596	213914	211234	221526	233606	205504	228805	231975	224069	220160	228511	215440	208373	209938	208166	185368	216704	212828	209855	196451	219549	218768	191134	188144	222192	196298	206482	212893	218325	197128	222853	195207	223777	229260	213943	228074	227288	223529	218491	229291	218037	218041	221932	218765	197412	230238	206234	230307	210753	202004	235531	216157	211178	228521	231813	218649	223312	234373	223914	200947	205563
204308	182821	199160	191789	104400	141725	157947	171862	162947	213733	151578	198269	160691	160653	0	130056	125269	181936	211668	206791	208480	204650	204806	186046	196647	181789	187725	193642	196534	198171	194835	201014	209889	133786	197229	199156	207225	190324	198960	195883	188106	189097	190181	192191	187823	189363	190935	219787	145227	213887	181405	193180	200292	204658	196311	206949	194340	193145	200185	199180	217401	192598	209586	201230	213910	214194	204073	197726	220776	218203	217295	199183	158112	202908	221403	222780	224150	209866	212276	213972	220038	214028	194900	210335	212832	208214	198069	225046	218739	195142	196684	211160	192893	183521	204773	205810	189680	214267	191572	209160	224495	219621	218069	208939	196015	195648	205899	189103	212279	201114	210748	193464	210827	210740	203920	220214	148361	214307	213512	222186	217561	217008	218542	203746	220591	215418	215712	202005	208218	216306	197634	223141	202158	204339	215718	231864	205428	211635	223097	215027	149330	223463	207982	210388	192859	204098	218677	198590	213086	216611	217242	215767	215395	226584	217318	212847	228354	199150	186733	209549	196996	221271	213538	204012	196191	200583	214990	205165	221955	219580	218560	196867	209208	203262	195800	218394	217079	224061	211159	205423	205700	194989	224051	218549	189446	189430	216485	194709	197688	214480	209100	195564	223974	192957	216073	214966	196207	220024	227138	226777	197483	220325	213614	224476	218963	223508	199206	226520	204291	207097	197021	194020	218554	196812	204083	218007	211300	211961	215134	209094	214327	206937	200749
210345	137118	145933	151492	71491.8	111386	136789	112173	102137	216381	132310	187401	148853	150187	130056	0	124551	137672	207910	212982	211216	210369	210651	191495	201793	175315	187422	191504	208045	203068	205078	204896	213378	112563	192435	212182	206777	183293	201768	183502	190025	158778	189460	198370	197307	186729	179341	221427	127340	216535	181241	211274	208372	209137	206133	213170	207444	147487	204106	203348	219445	147143	210230	206095	224078	223713	209136	206232	217279	225830	224798	212641	221264	207776	235804	230060	224257	218887	224217	218972	225697	212897	149569	209781	209001	216757	198688	226875	225312	149813	191010	211738	161060	187021	180675	171898	174275	194918	168935	180102	197542	219704	221920	198927	150549	150605	222284	206545	180633	179112	221607	170547	194653	213919	215312	217278	111898	228531	216606	229157	223740	223245	219628	200808	229951	221659	218618	194472	213581	223703	197165	226060	190289	208825	199486	234235	202965	217275	228276	222041	123270	227123	221074	209079	150571	199823	225173	212242	225491	217369	223269	223079	224665	232969	223746	215341	227978	211963	205464	194358	185468	207570	222877	205262	210349	219153	221145	198153	215491	223603	218070	207505	205495	209897	209130	219311	218440	226250	216862	209582	203348	149547	220818	186114	143721	188743	228082	149900	175604	222074	213054	150023	224178	148934	227307	220909	207012	229388	194348	223734	178400	225800	212979	223692	217246	219447	211270	230933	206500	221903	207944	198296	224720	210775	207162	224227	224471	206200	216631	228663	220505	209246	217928
218371	180715	196116	188633	93109.8	131769	151367	151241	141847	209911	148029	200419	159496	159105	125269	124551	0	179798	201988	220419	221291	218840	219223	189872	186030	185789	181363	189599	199784	200641	212314	206878	220463	132670	203672	206127	203237	191612	210820	194887	187674	174292	184276	196587	198062	196412	195321	219841	153762	218797	185689	198554	212947	208328	191833	208931	195423	191820	213756	212571	211473	191262	218124	214823	218375	218658	204351	202464	212389	222075	221386	209094	170151	191847	231426	238258	218365	224905	213005	214023	226075	221654	193509	218726	210706	213666	203392	240166	232757	193797	210287	216252	195562	189634	203927	201277	191924	217784	201359	202295	213440	227306	229136	211171	194509	194145	223505	199764	205510	198749	228755	204199	200777	222504	211090	219418	146164	230640	216103	237979	231951	231577	222472	209560	232948	223899	228703	209820	218608	230183	216395	236375	213324	209614	213048	232557	203313	225462	223791	208660	155139	230595	223297	207027	190950	202782	214330	208435	229916	215914	231769	209278	227598	228274	227483	216243	227818	205041	194598	215356	207555	228472	225016	206240	203416	217063	221058	202501	218400	235058	224334	208124	216242	216052	201002	221211	220512	214864	210957	199201	204856	193397	217391	219704	188274	194991	227099	193467	203049	223275	219717	194258	218413	192036	223466	228885	196921	224856	227133	233861	200955	240489	201854	222895	216420	216498	201684	226862	204748	222544	208074	198342	235441	206881	212203	234271	224410	217475	224829	225653	222235	208132	205250
229684	27956.6	116096	84502.6	166779	143035	190286	85396.7	107631	217203	185010	148919	184367	183846	181936	137672	179798	0	196714	231687	226548	230288	230245	174444	197830	167458	179165	173464	215522	187582	219506	211064	219595	175445	176528	212035	212818	157589	220395	193706	192910	162965	202093	202565	211688	195247	142669	234881	117110	229592	153388	195139	222114	205222	211816	221020	207329	37176.1	196263	195222	216742	36580.4	193564	209073	220384	220875	224260	185523	206560	221036	220268	193290	214289	202785	249379	239940	236756	236437	228243	230758	238986	224689	39355	216235	215298	227750	193458	231888	234054	39237	177998	202661	82596.1	146872	115417	131746	115906	145052	125323	121003	184028	222744	233564	179880	40350.2	40625	215811	210961	132535	139682	237878	114644	183049	216190	206617	236379	178659	240875	227786	239527	242605	242247	228982	207934	246854	217591	223020	161513	211011	239940	188169	242766	161994	208924	176190	247869	181153	228189	244937	226071	135038	237916	232157	196844	47536.7	185148	224344	193009	240753	228806	242348	226070	236029	246614	238445	231058	240159	225258	218567	143502	104798	156692	245168	206552	201635	213629	245755	184086	227345	234674	225806	207705	168788	212445	208638	212330	211373	226297	223347	216607	199420	39087.4	234552	129526	33189.9	137651	234558	40466.6	98414.6	223729	221323	39835.2	236410	39750.2	232801	239432	216698	235179	139271	238744	112059	223004	217312	237873	230558	233263	203086	238763	207915	235257	201060	181992	241427	219610	218009	239027	238192	209419	230650	239983	229291	224640	201071
227708	198122	204308	200712	205672	199928	202623	198151	203296	203796	208093	209255	187616	187714	211668	207910	201988	196714	0	224054	224072	227941	228630	190626	167589	179949	172136	173715	204297	183315	223616	217876	228018	206121	205530	199994	200545	194782	221659	203229	193912	210390	210935	204439	213922	207704	199890	234880	198471	232568	204539	187856	217297	202914	191179	213459	212897	204717	209673	207942	191654	204831	195466	215993	208202	210439	216664	196886	32856.5	208475	207823	194068	207929	170915	243062	243957	231671	234359	223693	227188	244299	225396	205740	215812	195373	215816	221639	234349	238218	206079	229190	222776	208557	210968	207220	221777	191279	215813	215833	208027	220108	211615	230036	214135	206111	205620	220513	203132	218195	218869	234220	217694	187062	214832	207923	227946	214158	235329	226824	244188	236291	236366	232231	213940	237132	221308	220006	227946	216464	239500	226734	237883	213156	206136	214734	243399	196795	227015	235390	212203	203790	237992	228021	191311	201230	193191	196625	193959	237681	218011	236194	196525	227044	237998	231632	223017	232012	213131	206790	216114	200134	224294	236016	203393	195919	217788	233176	190243	218515	237540	225193	204238	232265	200988	200167	217195	215824	171813	208278	204698	187262	205379	226139	222121	203280	219974	233041	205080	213090	223019	220992	206537	231446	205134	236217	234341	207836	236408	222121	230608	208061	223458	201360	227868	221288	225286	211867	234497	199986	234238	205211	196327	239111	220605	213720	244383	233470	225162	236322	234750	218328	193939	191612
28728.9	233623	219306	184826	211915	215401	202390	220159	220053	206695	200658	215766	219786	221641	206791	212982	220419	231687	224054	0	147626	28532.1	29225.1	218256	228783	225504	230615	233763	184769	217296	140582	168760	139889	200393	183909	184510	176859	216364	95588.9	184314	218888	209166	208396	183035	190898	133029	171163	166671	221480	170861	202564	249177	101885	195653	222672	176237	205026	240837	196934	195910	225966	240882	234950	175323	205271	203874	192908	241519	233008	201831	200723	243369	215974	235467	165271	155499	203751	153696	206301	205587	163373	167772	241601	176446	222868	125040	189450	176869	172365	242259	197447	130955	220611	229669	238357	213526	243198	135735	205001	228747	199421	202342	179917	201282	242583	241651	178638	216369	209626	200900	54305.9	204954	237097	179899	219521	201448	216068	150119	165761	155292	36965.7	37055.1	182412	136047	155125	131921	185845	202471	207493	158014	129214	159951	173041	185998	194704	174334	244298	100783	189002	208405	232208	182915	147013	213465	237244	234864	231576	243365	66846.5	191481	37502.1	226413	143421	189269	110889	135814	184427	209832	213636	217218	234047	206297	166498	223235	249716	194830	173033	216638	190537	97802.9	175949	214605	202283	215292	223253	209362	208219	234690	189844	198647	205605	241666	206034	212973	239123	225239	183070	240705	236232	203573	178030	243024	203869	240484	179903	41646.6	221880	187503	208385	182632	222218	197751	222046	212499	210726	204571	225768	187721	200060	150692	191352	239959	156304	168750	163285	153919	152900	194141	167068	156946	148099	183557	251785
150831	227833	209290	209383	210853	213549	191941	216626	216774	198232	208785	204221	221815	223145	208480	211216	221291	226548	224072	147626	0	150722	151192	212672	222311	221634	220344	228880	174551	211952	66140	158252	125787	198414	172323	175079	166911	218474	155827	186798	204977	198752	190671	187968	181474	185740	184372	150412	214750	148009	194028	247074	141807	190022	222888	176873	199535	235081	199671	198437	223144	235040	231795	177976	196317	201747	197386	230384	234361	199436	198346	240253	214152	229697	156269	130820	183731	86171.9	189821	192735	137481	152099	235817	171288	221121	185816	177749	162760	153054	236444	180709	196010	216527	218035	228692	207266	243914	199769	189044	222915	192862	167517	158642	189178	236864	236040	178752	217979	198267	179515	156056	195401	235277	175294	217145	185827	216254	150528	167442	131061	159380	159306	178662	193068	141757	200641	169924	194778	193493	135235	169719	138304	187219	183020	192403	157811	232800	165691	172795	197733	226668	154921	146821	205723	231454	226841	224971	240086	155542	188411	159758	224508	149667	171051	176001	176232	173064	199418	217624	210315	224701	188120	162763	214772	251435	185163	165150	219923	172163	145073	169555	214947	191876	194872	226271	200336	199875	233621	186597	194817	205224	235796	184337	198331	233554	214801	168342	234863	226628	185179	157130	237104	183842	234389	162692	158380	223782	173486	194588	158844	215538	171021	219018	196875	191492	183390	217792	173726	193616	141715	184960	233982	132183	169317	166757	133068	152856	182852	149715	146330	174369	179929	250080
24902.6	232107	217605	183324	209714	213997	200161	219271	219440	204784	198687	213402	218142	219544	204650	210369	218840	230288	227941	28532.1	150722	0	24869.8	216986	236191	225299	235082	234346	182723	216814	138239	166531	136923	197452	181974	183075	180878	213928	92739.5	182618	217109	207250	206038	181313	188374	130347	170188	163668	220804	167862	201981	247570	99989.2	193958	225748	178830	207162	242756	198209	197719	228802	242356	236834	177682	206740	206079	196407	243259	235914	203759	202529	245927	218515	243332	166959	157846	205167	155799	208091	207077	164649	169247	244098	177870	224300	124514	190523	177996	174380	244479	199351	133834	220525	231052	240919	215795	246836	137827	206574	230952	202174	204311	181727	204505	245193	244365	180730	218619	210625	202708	55506.6	206512	239227	181359	221086	202410	217964	151699	168253	156844	39178.5	38548.9	183936	137264	155979	132753	187505	203428	209538	159219	129656	160760	175689	189137	197469	176023	246706	103431	190416	209748	235177	183932	148927	216490	239805	236613	233744	245299	69635	193445	39282.9	228388	144700	190129	111903	138551	185555	212668	215897	219432	235587	206267	167163	225238	251937	195884	174297	219386	191827	98464.5	178238	216391	203246	215828	225509	210486	209676	235561	191452	200953	209120	244336	206915	214104	239340	227643	184198	243278	238495	205711	179196	245020	205310	242510	182070	43084.9	223623	187478	209794	183204	224769	199517	224092	214248	212694	205683	227809	189950	200985	150997	191429	241220	156833	169292	165499	154693	154016	196443	166779	157717	148706	185583	253619
25258.7	231960	217866	183596	210143	214032	200445	219159	219476	204899	199005	213562	218212	219808	204806	210651	219223	230245	228630	29225.1	151192	24869.8	0	216950	236849	225666	235895	234321	182978	217291	138069	167087	136809	197516	182031	183078	180966	214184	93048.8	182428	217536	207441	206355	181608	188795	130741	170890	163550	221184	167616	202174	247391	99891.4	193906	225604	178370	206841	242139	197693	197007	228623	241629	236171	176662	206078	205582	196037	243153	235691	203214	201973	245328	218006	243454	166572	157240	204602	154981	207793	206618	164052	168685	243656	177077	223709	123432	189987	177263	173695	244102	198663	133426	219765	230435	240541	214949	246319	137196	205811	230601	201687	203584	181051	203990	244695	244083	180228	218219	209854	202041	54595.8	205634	238594	180712	220316	202171	217357	150866	167969	155930	38891.3	37970.6	183292	136606	155089	132323	186742	202608	208990	158412	128549	159774	174966	188762	196700	174995	246111	102892	189620	208877	234884	182898	148208	215797	239132	236129	233275	244848	69343.6	192621	38408.6	227827	143876	189230	111086	137884	185080	212140	215497	218774	234841	205381	166310	224980	251719	195304	173442	218940	190961	97724.7	177885	215953	202508	215367	225358	209785	209020	235005	190963	200471	208804	243735	206436	212999	238902	227352	183692	242746	238079	205151	178369	244489	204813	241763	181629	42459.8	222940	186768	208860	182186	224173	198833	223659	213585	212491	205249	227630	189074	200353	149946	190652	241167	155888	168395	164905	153889	153309	195886	165967	157015	147839	184924	252973
216935	175969	175743	184242	188657	187095	197702	184794	189340	201489	199022	179884	195879	195311	186046	191495	189872	174444	190626	218256	212672	216986	216950	0	182164	160789	167456	166139	202902	186424	211331	192213	202857	190148	186658	202324	190665	188944	202508	191294	181571	194247	192849	191811	198893	184344	185355	215912	169822	207064	179655	196571	203329	195958	200896	220042	196234	186085	183008	182081	205409	185493	192842	202091	206518	205934	221266	132954	200513	204406	203301	184634	197519	188482	229650	225058	218627	228128	211532	206653	223870	211838	187700	196002	211001	210910	207448	213973	225008	187904	199432	203889	190014	188735	185100	211229	195688	207295	199190	203065	209997	197980	220341	196530	188940	188450	199202	208703	207838	209809	224811	192490	171596	196380	193007	215794	202350	229734	213547	224344	229244	228815	224760	194669	222441	211334	212619	204051	186691	225072	215848	223058	206060	209309	215530	228348	175278	218910	221467	209450	182655	216111	220512	198518	184021	172283	214769	184308	227438	210433	229054	218040	216972	226491	222214	209774	218202	208567	208589	193101	194487	204298	225861	201178	194240	194562	225566	185331	220174	224630	213283	195305	215164	191211	191863	201605	200513	216350	204683	206346	192488	187999	214978	200026	182551	197385	213145	187441	196564	209951	203790	188570	218366	186295	214400	225813	210646	219423	199375	219232	199083	208338	207601	213084	208517	213973	186073	224735	186751	215893	182018	178062	219397	211544	208652	221662	221840	208491	213873	214470	219521	215593	202358
235835	200415	204054	203001	202038	192620	198918	197199	200144	196550	203544	202950	194376	193740	196647	201793	186030	197830	167589	228783	222311	236191	236849	182164	0	184717	155533	172098	199690	172687	225506	211277	231574	203143	202498	184890	180739	203858	218371	194719	188967	199835	203164	204168	208783	212519	206468	232638	191989	226294	188247	187900	219636	196657	168647	214291	198785	206130	208844	206249	170768	206379	190004	205577	203723	208019	204769	190402	183353	206046	205096	197116	188744	25421	242712	240740	220521	235889	221867	216429	244903	228996	207083	221289	189513	216317	213402	235855	235084	207701	223664	218973	207242	202205	200800	221063	184411	225066	220232	207545	215007	220388	228692	214369	207985	207066	217213	187349	222169	220062	240955	217041	182684	219069	204816	222734	212490	237111	218639	241659	242246	242694	228050	218248	237126	227208	222291	220520	212284	236020	227985	239141	214839	193067	207850	239845	195620	225075	229047	200854	197328	228518	223489	154455	196543	196298	192501	197512	238724	202120	242175	195535	230210	229686	232153	211147	228524	202180	187731	214099	201295	225953	236068	192489	188548	217062	230193	186125	213484	240601	217992	205814	229320	206934	188160	214113	213044	193974	197341	189361	151839	206967	223921	219824	205227	212898	226594	205650	208778	215552	225363	208439	220575	205522	225650	237768	188285	232615	222129	231493	207152	226356	183033	216177	204181	222690	204761	226327	204293	228774	207264	196496	241776	212954	202274	243789	228531	218364	233779	230336	222065	211354	188099
