0.169344 0.046608 0.000010 0.009241 0.015162 0.005605 0.014954 0.739075
0.000010 0.350598 0.000010 0.150707 0.000010 0.069312 0.000010 0.429343
0.210106 0.224088 0.044621 0.048569 0.000010 0.007251 0.014104 0.451252
0.000010 0.000010 0.999930 0.000010 0.000010 0.000010 0.000010 0.000010
0.498159 0.405842 0.034610 0.012990 0.000010 0.000010 0.048370 0.000010
0.499037 0.402490 0.033896 0.013646 0.000010 0.000010 0.050901 0.000010
0.108114 0.085504 0.027916 0.017766 0.025601 0.048443 0.039084 0.647572
0.000010 0.000010 0.999930 0.000010 0.000010 0.000010 0.000010 0.000010
0.988846 0.011094 0.000010 0.000010 0.000010 0.000010 0.000010 0.000010
0.179633 0.355258 0.059405 0.131722 0.000010 0.080912 0.025699 0.167361
0.000010 0.303966 0.000010 0.031159 0.000010 0.000010 0.000010 0.664825
0.000010 0.272752 0.000010 0.065345 0.000010 0.000010 0.000010 0.661852
0.000010 0.078356 0.000010 0.152952 0.000010 0.113876 0.000010 0.654776
0.724705 0.000010 0.073892 0.000010 0.105659 0.034555 0.000010 0.061160
0.359973 0.000010 0.033872 0.019368 0.045945 0.000010 0.000010 0.540813
0.000010 0.263750 0.000010 0.072149 0.000010 0.000010 0.000010 0.664051
0.000010 0.262513 0.000010 0.072907 0.000010 0.000010 0.000010 0.664530
0.999930 0.000010 0.000010 0.000010 0.000010 0.000010 0.000010 0.000010
0.273079 0.145130 0.000010 0.056036 0.000010 0.012981 0.000010 0.512744
0.239878 0.000010 0.000010 0.000010 0.000010 0.000010 0.000010 0.760062
0.000010 0.079638 0.000010 0.085742 0.000010 0.834570 0.000010 0.000010
0.000010 0.999930 0.000010 0.000010 0.000010 0.000010 0.000010 0.000010
0.000010 0.000010 0.000010 0.000010 0.999930 0.000010 0.000010 0.000010
0.000010 0.932187 0.000010 0.067753 0.000010 0.000010 0.000010 0.000010
0.000010 0.000010 0.000010 0.000010 0.999930 0.000010 0.000010 0.000010
0.000010 0.000010 0.000010 0.000010 0.999930 0.000010 0.000010 0.000010
0.000018 0.730761 0.000010 0.000019 0.269157 0.000010 0.000017 0.000010
0.101729 0.593449 0.039828 0.070101 0.046260 0.097423 0.023159 0.028050
0.000010 0.000010 0.999930 0.000010 0.000010 0.000010 0.000010 0.000010
0.253925 0.451405 0.031314 0.096207 0.042753 0.070066 0.024105 0.030226
0.073646 0.099736 0.011521 0.022693 0.000010 0.041981 0.082553 0.667861
0.014479 0.050644 0.000010 0.530769 0.000010 0.018411 0.016916 0.368762
0.000010 0.485484 0.174602 0.008474 0.000010 0.000010 0.011499 0.319911
0.123120 0.462737 0.013230 0.000010 0.000010 0.400873 0.000010 0.000010
0.000010 0.691234 0.000010 0.000010 0.308705 0.000010 0.000011 0.000010
0.000010 0.000010 0.999930 0.000010 0.000010 0.000010 0.000010 0.000010
0.071209 0.494147 0.286811 0.000010 0.000419 0.053956 0.093439 0.000010
0.068355 0.000010 0.162068 0.500649 0.203901 0.000010 0.000010 0.064997
0.069763 0.148366 0.761020 0.020812 0.000010 0.000010 0.000010 0.000010
0.127247 0.000010 0.387063 0.000014 0.285868 0.000010 0.087453 0.112334
0.299814 0.080711 0.544566 0.000010 0.000010 0.000010 0.000010 0.074870
0.000010 0.000010 0.562711 0.000010 0.000010 0.437229 0.000010 0.000010
0.000010 0.000010 0.571652 0.000010 0.000010 0.000010 0.000010 0.428288
0.000010 0.000010 0.478277 0.521663 0.000010 0.000010 0.000010 0.000010
0.000010 0.416170 0.583770 0.000010 0.000010 0.000010 0.000010 0.000010
0.000010 0.000010 0.578340 0.000010 0.421600 0.000010 0.000010 0.000010
0.000010 0.028239 0.247740 0.076860 0.380402 0.158644 0.011866 0.096240
0.390784 0.532323 0.003365 0.000010 0.000010 0.073488 0.000010 0.000010
0.000010 0.574316 0.000010 0.002170 0.423464 0.000010 0.000010 0.000010
0.108063 0.271081 0.247690 0.014607 0.311023 0.000010 0.025189 0.022337
0.000010 0.000010 0.999930 0.000010 0.000010 0.000010 0.000010 0.000010
0.000010 0.000010 0.999930 0.000010 0.000010 0.000010 0.000010 0.000010
0.194279 0.504543 0.051488 0.101159 0.007216 0.017204 0.000010 0.124101
0.032201 0.138122 0.000010 0.019912 0.000010 0.000010 0.000010 0.809725
0.000010 0.000010 0.540187 0.000010 0.000010 0.459753 0.000010 0.000010
0.000010 0.503475 0.496465 0.000010 0.000010 0.000010 0.000010 0.000010
0.000010 0.000010 0.000010 0.999930 0.000010 0.000010 0.000010 0.000010
0.000010 0.343371 0.620410 0.036169 0.000010 0.000010 0.000010 0.000010
0.656793 0.000010 0.097260 0.000010 0.000010 0.000010 0.033137 0.212770
0.303869 0.515895 0.027375 0.065503 0.000010 0.027623 0.000010 0.059715
0.482639 0.105751 0.043194 0.029941 0.000010 0.102957 0.000010 0.235497
0.000010 0.104120 0.000010 0.000010 0.706119 0.067704 0.000010 0.122017
0.000010 0.000010 0.026454 0.000010 0.000010 0.126836 0.846660 0.000010
0.000010 0.978354 0.000010 0.021586 0.000010 0.000010 0.000010 0.000010
0.000010 0.358317 0.000010 0.176927 0.012254 0.126124 0.000010 0.326348
0.000010 0.999930 0.000010 0.000010 0.000010 0.000010 0.000010 0.000010
0.000010 0.000010 0.000010 0.999930 0.000010 0.000010 0.000010 0.000010
0.000010 0.000010 0.000010 0.999930 0.000010 0.000010 0.000010 0.000010
0.112595 0.000010 0.021289 0.030523 0.000010 0.757287 0.000010 0.078275
0.322363 0.000010 0.071622 0.553011 0.018169 0.000010 0.034805 0.000010
0.000010 0.722938 0.000010 0.001247 0.000010 0.275765 0.000010 0.000010
0.474123 0.000010 0.000010 0.525817 0.000010 0.000010 0.000010 0.000010
0.267325 0.732615 0.000010 0.000010 0.000010 0.000010 0.000010 0.000010
0.000010 0.000010 0.420623 0.000010 0.000014 0.579314 0.000010 0.000010
0.613962 0.345172 0.000010 0.013749 0.010509 0.016577 0.000010 0.000010
0.000010 0.736442 0.000010 0.000010 0.000010 0.263498 0.000010 0.000010
0.000010 0.154446 0.235625 0.456111 0.000010 0.153778 0.000010 0.000010
0.000010 0.522545 0.000010 0.000010 0.000010 0.477395 0.000010 0.000010
0.150554 0.255910 0.356048 0.219165 0.010427 0.000010 0.007876 0.000010
0.052836 0.337760 0.056581 0.098044 0.055618 0.000010 0.000010 0.399141
0.000010 0.053817 0.291019 0.072247 0.045280 0.319846 0.000010 0.217771
0.000010 0.000010 0.000010 0.000010 0.000010 0.999930 0.000010 0.000010
0.753248 0.040983 0.151375 0.000010 0.000010 0.000010 0.000010 0.054354
0.000010 0.193510 0.004961 0.630154 0.025555 0.000010 0.000010 0.145791
0.000010 0.000010 0.000010 0.000010 0.461482 0.538458 0.000010 0.000010
0.097677 0.112582 0.000010 0.000010 0.609871 0.048988 0.000010 0.130852
0.076796 0.000010 0.362797 0.000010 0.000010 0.000010 0.560357 0.000010
0.000010 0.542823 0.000010 0.000010 0.457117 0.000010 0.000010 0.000010
0.000010 0.965545 0.000010 0.034395 0.000010 0.000010 0.000010 0.000010
0.528962 0.160315 0.016626 0.000443 0.000010 0.001198 0.000010 0.292436
0.037845 0.000010 0.962095 0.000010 0.000010 0.000010 0.000010 0.000010
0.745680 0.034118 0.073919 0.000010 0.000010 0.000010 0.071324 0.074929
0.071547 0.093960 0.000010 0.001896 0.055100 0.004973 0.043617 0.728897
0.999930 0.000010 0.000010 0.000010 0.000010 0.000010 0.000010 0.000010
0.000010 0.000010 0.000010 0.999930 0.000010 0.000010 0.000010 0.000010
0.000010 0.398429 0.000010 0.001080 0.244212 0.000010 0.000010 0.356239
0.000010 0.000010 0.000010 0.999930 0.000010 0.000010 0.000010 0.000010
0.038731 0.115764 0.000010 0.025424 0.000010 0.000010 0.041378 0.778673
0.000010 0.851855 0.000010 0.148085 0.000010 0.000010 0.000010 0.000010
0.000010 0.000010 0.000010 0.000010 0.497486 0.502454 0.000010 0.000010
0.000017 0.000010 0.000019 0.557414 0.442510 0.000010 0.000010 0.000010
0.086771 0.035869 0.000010 0.424407 0.412439 0.000010 0.000010 0.040485
0.000010 0.000010 0.000010 0.000010 0.534450 0.465490 0.000010 0.000010
0.104638 0.088405 0.000010 0.000010 0.569145 0.000010 0.063658 0.174124
0.000010 0.000010 0.000010 0.097994 0.000010 0.000010 0.023002 0.878954
0.000010 0.000010 0.454696 0.000010 0.545244 0.000010 0.000010 0.000010
0.436343 0.000010 0.563597 0.000010 0.000010 0.000010 0.000010 0.000010
0.000010 0.228009 0.417122 0.000010 0.187238 0.167592 0.000010 0.000010
0.000010 0.146401 0.000010 0.092703 0.000010 0.689335 0.024368 0.047164
0.560230 0.132964 0.000010 0.000010 0.000010 0.031550 0.000010 0.275217
0.770639 0.000010 0.000010 0.000010 0.000010 0.000010 0.000010 0.229301
0.246114 0.197522 0.058316 0.026833 0.456209 0.014986 0.000010 0.000010
0.000010 0.015483 0.000010 0.055472 0.000010 0.779321 0.000010 0.149683
0.478193 0.087981 0.148135 0.063420 0.022452 0.000010 0.049762 0.150047
0.078324 0.517556 0.017956 0.000723 0.000010 0.111430 0.000010 0.273992
0.000010 0.538768 0.000010 0.461172 0.000010 0.000010 0.000010 0.000010
0.000010 0.194827 0.000010 0.139079 0.426587 0.085067 0.000010 0.154409
0.431013 0.079150 0.006442 0.078333 0.000010 0.070291 0.000010 0.334751
0.000010 0.000010 0.344985 0.000010 0.000010 0.654955 0.000010 0.000010
0.699237 0.279575 0.000010 0.000010 0.000010 0.021139 0.000010 0.000010
0.314385 0.057570 0.004513 0.041231 0.000010 0.046330 0.022988 0.512974
0.298795 0.087722 0.005599 0.000010 0.566315 0.000010 0.000010 0.041538
0.300858 0.086598 0.004695 0.000010 0.565072 0.000010 0.000010 0.042748
0.126675 0.051544 0.000010 0.026744 0.031340 0.025851 0.065544 0.672292
0.117130 0.392029 0.000010 0.046757 0.000010 0.015091 0.000010 0.428963
0.167018 0.214088 0.000010 0.063209 0.057681 0.000010 0.005736 0.492247
0.405223 0.139147 0.002075 0.020328 0.000010 0.023196 0.000010 0.410011
0.000010 0.000010 0.999930 0.000010 0.000010 0.000010 0.000010 0.000010
0.000010 0.000010 0.000010 0.000010 0.999930 0.000010 0.000010 0.000010
0.000010 0.000010 0.561726 0.000010 0.000010 0.438214 0.000010 0.000010
0.000010 0.000010 0.999930 0.000010 0.000010 0.000010 0.000010 0.000010
0.000010 0.000010 0.473248 0.000010 0.526692 0.000010 0.000010 0.000010
0.000010 0.467019 0.000010 0.000017 0.532913 0.000011 0.000010 0.000010
0.000010 0.000010 0.999930 0.000010 0.000010 0.000010 0.000010 0.000010
0.000010 0.000010 0.719862 0.000010 0.280078 0.000010 0.000010 0.000010
0.000010 0.000010 0.000010 0.000010 0.999930 0.000010 0.000010 0.000010
0.185625 0.547723 0.024453 0.028164 0.214006 0.000010 0.000010 0.000010
0.000010 0.000010 0.999930 0.000010 0.000010 0.000010 0.000010 0.000010
0.000010 0.000010 0.000010 0.000010 0.999930 0.000010 0.000010 0.000010
0.000010 0.000010 0.999930 0.000010 0.000010 0.000010 0.000010 0.000010
0.000010 0.580922 0.000010 0.000010 0.419018 0.000010 0.000010 0.000010
0.000010 0.000010 0.000010 0.999930 0.000010 0.000010 0.000010 0.000010
0.000010 0.000010 0.000010 0.038753 0.000010 0.000010 0.000010 0.961187
0.000010 0.000010 0.000010 0.000011 0.436027 0.563913 0.000010 0.000010
0.000010 0.000010 0.499456 0.000010 0.000010 0.500484 0.000010 0.000010
0.000010 0.497059 0.000010 0.000010 0.502881 0.000010 0.000010 0.000010
0.000010 0.072779 0.627853 0.014767 0.000010 0.058147 0.000010 0.226424
0.331443 0.652856 0.000483 0.000010 0.015177 0.000010 0.000010 0.000010
0.000010 0.106092 0.000010 0.000010 0.000010 0.036897 0.000010 0.856961
0.000010 0.000010 0.000010 0.000010 0.999930 0.000010 0.000010 0.000010
0.000010 0.376688 0.000010 0.000010 0.000010 0.012755 0.000010 0.610507
0.000010 0.000010 0.000010 0.000010 0.999930 0.000010 0.000010 0.000010
0.674851 0.000017 0.000010 0.000010 0.325077 0.000010 0.000016 0.000010
0.000010 0.000010 0.000010 0.000010 0.501771 0.498169 0.000010 0.000010
0.394897 0.314202 0.015780 0.042733 0.005936 0.016493 0.108064 0.101894
0.000010 0.999930 0.000010 0.000010 0.000010 0.000010 0.000010 0.000010
0.400514 0.272719 0.040343 0.094187 0.046996 0.047867 0.027872 0.069503
0.768221 0.041401 0.120401 0.000010 0.000010 0.010977 0.043842 0.015139
0.000010 0.999930 0.000010 0.000010 0.000010 0.000010 0.000010 0.000010
0.067183 0.516392 0.005868 0.131359 0.022045 0.002722 0.066837 0.187594
0.052705 0.495994 0.000010 0.140662 0.030419 0.000010 0.068737 0.211463
0.000010 0.955744 0.000010 0.000010 0.044196 0.000010 0.000010 0.000010
0.000010 0.921519 0.000010 0.072162 0.000010 0.006270 0.000010 0.000010
0.383052 0.554512 0.045854 0.000010 0.000010 0.000010 0.016541 0.000010
0.000010 0.792073 0.000010 0.000010 0.076396 0.090777 0.040714 0.000010
0.000010 0.999930 0.000010 0.000010 0.000010 0.000010 0.000010 0.000010
0.006402 0.241963 0.019975 0.379922 0.031722 0.029463 0.000010 0.290544
0.071988 0.367276 0.000010 0.087383 0.039591 0.082716 0.070559 0.280476
0.656886 0.000010 0.000010 0.000010 0.000010 0.000010 0.000010 0.343054
0.000010 0.000010 0.000010 0.999930 0.000010 0.000010 0.000010 0.000010
0.000010 0.000010 0.999930 0.000010 0.000010 0.000010 0.000010 0.000010
0.240917 0.133952 0.497478 0.015107 0.000010 0.000010 0.061457 0.051070
0.000010 0.000010 0.700813 0.250888 0.000010 0.000010 0.048249 0.000010
0.000010 0.000010 0.000010 0.000010 0.000010 0.000010 0.999930 0.000010
0.000010 0.000010 0.170888 0.000010 0.000010 0.000010 0.829052 0.000010
0.000010 0.069974 0.000010 0.028087 0.000010 0.074946 0.596629 0.230333
0.000010 0.000010 0.543907 0.000010 0.000010 0.000010 0.456033 0.000010
0.000010 0.000010 0.390043 0.000010 0.000010 0.000010 0.609897 0.000010
0.055487 0.161479 0.000010 0.035411 0.020073 0.113766 0.103960 0.509814
0.000010 0.000010 0.000010 0.004498 0.000010 0.000010 0.995442 0.000010
0.082383 0.000010 0.334711 0.000010 0.491857 0.008417 0.061263 0.021349
0.000010 0.000010 0.000010 0.000010 0.000010 0.000010 0.999930 0.000010
0.000010 0.000010 0.000014 0.000010 0.000010 0.000010 0.999926 0.000010
0.130633 0.041043 0.000010 0.015457 0.000010 0.000010 0.721278 0.091559
0.000010 0.000010 0.170336 0.000010 0.000010 0.000010 0.829604 0.000010
0.000010 0.000010 0.000010 0.000010 0.000010 0.000010 0.756920 0.243020
0.000010 0.000010 0.999930 0.000010 0.000010 0.000010 0.000010 0.000010
0.349233 0.000010 0.012872 0.017560 0.015140 0.000010 0.084744 0.520432
0.000010 0.000010 0.000010 0.999930 0.000010 0.000010 0.000010 0.000010
0.000010 0.852718 0.000010 0.055346 0.000010 0.065653 0.026244 0.000010
0.000010 0.000010 0.000010 0.999930 0.000010 0.000010 0.000010 0.000010
0.000010 0.000010 0.000010 0.999930 0.000010 0.000010 0.000010 0.000010
0.546045 0.070307 0.078381 0.000010 0.084436 0.031002 0.087454 0.102365
0.237714 0.000010 0.000010 0.000010 0.000010 0.000010 0.004722 0.757515
0.704638 0.000010 0.057804 0.000010 0.000010 0.000010 0.160796 0.076721
0.659756 0.000010 0.035105 0.000015 0.000010 0.000010 0.107211 0.197884
0.687531 0.000010 0.069250 0.000010 0.000010 0.000010 0.072250 0.170929
0.000010 0.231848 0.000010 0.084884 0.000010 0.105429 0.011021 0.566788
0.773812 0.000010 0.000010 0.009943 0.013074 0.040472 0.001681 0.160998
0.000010 0.841789 0.000010 0.110792 0.000016 0.000010 0.047363 0.000010
0.000010 0.335750 0.000010 0.080679 0.484750 0.000010 0.053410 0.045382
0.000010 0.816401 0.000010 0.131393 0.000010 0.000010 0.038306 0.013860
0.000010 0.037069 0.000010 0.000010 0.006440 0.076345 0.880106 0.000010
0.248538 0.341028 0.160259 0.043845 0.060244 0.048647 0.075296 0.022143
0.173354 0.280918 0.018996 0.050901 0.052472 0.052652 0.060618 0.310090
0.020858 0.345923 0.000010 0.062746 0.097016 0.000010 0.050695 0.422742
0.560709 0.021376 0.181583 0.040361 0.014549 0.052840 0.128572 0.000010
0.000010 0.200612 0.000010 0.583960 0.000010 0.000360 0.033290 0.181749
0.225073 0.198485 0.011911 0.057702 0.098084 0.076265 0.189158 0.143322
0.367266 0.076853 0.010201 0.000010 0.064664 0.087396 0.218889 0.174722
0.000010 0.000010 0.207846 0.000010 0.141978 0.235650 0.414486 0.000010
0.060820 0.000010 0.031018 0.000010 0.496734 0.126522 0.265532 0.019354
0.292692 0.203646 0.000010 0.116238 0.000010 0.131252 0.119441 0.136710
0.119272 0.163394 0.000010 0.016169 0.114295 0.243789 0.217146 0.125925
0.286825 0.000010 0.058737 0.525110 0.004374 0.000010 0.124923 0.000010
0.184267 0.180121 0.361292 0.226108 0.000010 0.013190 0.035003 0.000010
0.000010 0.000010 0.000010 0.000010 0.000010 0.999930 0.000010 0.000010
0.000010 0.000010 0.375657 0.000010 0.129423 0.000010 0.494870 0.000010
0.000010 0.217385 0.000010 0.000010 0.224736 0.557829 0.000010 0.000010
0.000010 0.105584 0.250146 0.000010 0.403616 0.000010 0.130715 0.109908
0.651634 0.000010 0.000010 0.000010 0.000010 0.000010 0.000010 0.348306
0.000010 0.561301 0.000010 0.438639 0.000010 0.000010 0.000010 0.000010
0.000010 0.294119 0.003045 0.051788 0.000010 0.000010 0.042137 0.608880
