0.000010 0.000016 0.000010 0.000016 0.000010 0.000010 0.999929
0.000010 0.000013 0.000010 0.999937 0.000010 0.000010 0.000010
0.181073 0.126303 0.000010 0.470865 0.096565 0.109852 0.015333
0.000010 0.070102 0.000011 0.685021 0.000010 0.000010 0.244837
0.000010 0.999940 0.000010 0.000010 0.000010 0.000010 0.000010
0.000010 0.829985 0.000010 0.169965 0.000010 0.000010 0.000010
0.000010 0.611413 0.000019 0.000010 0.071995 0.311538 0.005015
0.000010 0.462500 0.000010 0.537450 0.000010 0.000010 0.000010
0.000010 0.624788 0.000010 0.375162 0.000010 0.000010 0.000010
0.026342 0.116377 0.000010 0.000010 0.138156 0.702127 0.016979
0.000010 0.915704 0.000010 0.000010 0.000010 0.083525 0.000732
0.092072 0.114290 0.485484 0.308123 0.000010 0.000010 0.000010
0.000010 0.999940 0.000010 0.000010 0.000010 0.000010 0.000010
0.000010 0.999940 0.000010 0.000010 0.000010 0.000010 0.000010
0.202415 0.744793 0.000010 0.000010 0.005062 0.000010 0.047701
0.000010 0.841109 0.000010 0.158841 0.000010 0.000010 0.000010
0.159395 0.840555 0.000010 0.000010 0.000010 0.000010 0.000010
0.000010 0.023723 0.000010 0.976227 0.000010 0.000010 0.000010
0.440358 0.114149 0.000010 0.001128 0.000010 0.444334 0.000010
0.000010 0.000010 0.000010 0.000010 0.000010 0.000010 0.999940
0.000012 0.084165 0.000010 0.000010 0.845840 0.006177 0.063786
0.000010 0.000010 0.000010 0.000010 0.000010 0.000010 0.999940
0.000010 0.000014 0.000010 0.000010 0.000010 0.000010 0.999936
0.469667 0.169930 0.052738 0.080681 0.084578 0.142396 0.000010
0.535785 0.058143 0.000015 0.000010 0.000013 0.406024 0.000010
0.634816 0.205060 0.000010 0.073470 0.000010 0.086625 0.000010
0.653855 0.178885 0.000010 0.031724 0.000010 0.135506 0.000010
0.655660 0.142296 0.000010 0.067732 0.000010 0.134282 0.000010
0.431023 0.072739 0.000010 0.000010 0.373048 0.050442 0.072728
0.822436 0.066786 0.000010 0.000010 0.078043 0.026563 0.006153
0.000010 0.096939 0.000010 0.000010 0.764887 0.011940 0.126204
0.000010 0.106389 0.484149 0.000010 0.309828 0.035454 0.064160
0.000010 0.063133 0.020990 0.000010 0.773757 0.017462 0.124638
0.000010 0.920003 0.000010 0.000010 0.079947 0.000010 0.000010
0.213495 0.130521 0.052811 0.151730 0.369058 0.037475 0.044911
0.273633 0.113018 0.005865 0.017099 0.395290 0.163534 0.031559
0.251579 0.076958 0.101129 0.000010 0.333421 0.184943 0.051961
0.516203 0.168592 0.018850 0.178100 0.103710 0.000010 0.014535
0.000014 0.049514 0.000010 0.000010 0.110362 0.249300 0.590791
0.266009 0.220191 0.095699 0.016490 0.255405 0.078392 0.067815
0.409928 0.252997 0.066897 0.005643 0.168361 0.096164 0.000010
0.000010 0.429452 0.155417 0.196078 0.219023 0.000010 0.000010
0.073116 0.295266 0.494354 0.033880 0.103364 0.000010 0.000010
0.364191 0.151459 0.000010 0.000010 0.310540 0.078047 0.095743
0.207105 0.242127 0.109080 0.000010 0.405045 0.030736 0.005897
0.265478 0.196641 0.000010 0.020543 0.000010 0.000010 0.517308
0.137258 0.118276 0.000010 0.346534 0.165523 0.014301 0.218097
0.000010 0.045036 0.000010 0.000010 0.954914 0.000010 0.000010
0.000010 0.544359 0.107000 0.348600 0.000010 0.000010 0.000010
0.000010 0.051312 0.202948 0.000010 0.745701 0.000010 0.000010
0.026889 0.183587 0.387668 0.249986 0.087239 0.064621 0.000010
0.999940 0.000010 0.000010 0.000010 0.000010 0.000010 0.000010
0.000010 0.027456 0.000010 0.000010 0.522398 0.000010 0.450105
0.000010 0.000010 0.000010 0.000010 0.000010 0.999940 0.000010
0.641907 0.008971 0.009920 0.000010 0.084386 0.239612 0.015194
0.363657 0.000010 0.000010 0.000010 0.457774 0.052904 0.125635
0.514395 0.014145 0.000010 0.036032 0.271376 0.119696 0.044347
0.000010 0.000010 0.000010 0.999940 0.000010 0.000010 0.000010
0.368749 0.087724 0.000010 0.077843 0.342639 0.074417 0.048618
0.372561 0.088213 0.000010 0.076573 0.336930 0.076769 0.048945
0.166430 0.000010 0.000010 0.000010 0.000010 0.833520 0.000010
0.000010 0.000010 0.000010 0.999940 0.000010 0.000010 0.000010
0.913947 0.000010 0.000010 0.012166 0.073847 0.000010 0.000010
0.233301 0.011506 0.000010 0.057869 0.415975 0.160371 0.120967
0.000010 0.000010 0.000010 0.000010 0.000016 0.999934 0.000010
0.000010 0.000010 0.000010 0.000010 0.000010 0.999940 0.000010
0.451748 0.000010 0.000010 0.000010 0.331979 0.128009 0.088234
0.653013 0.042855 0.097339 0.094334 0.001465 0.110984 0.000010
0.470319 0.000010 0.000010 0.033059 0.000010 0.496582 0.000010
0.000010 0.000010 0.000010 0.000010 0.000010 0.999940 0.000010
0.000010 0.000010 0.000010 0.000010 0.000010 0.999940 0.000010
0.999940 0.000010 0.000010 0.000010 0.000010 0.000010 0.000010
0.538158 0.009688 0.000010 0.000010 0.160109 0.255626 0.036399
0.576788 0.000010 0.000010 0.000019 0.000010 0.423153 0.000010
0.000010 0.000010 0.000010 0.000010 0.999940 0.000010 0.000010
0.000010 0.000010 0.000010 0.000010 0.999940 0.000010 0.000010
0.000010 0.000010 0.999940 0.000010 0.000010 0.000010 0.000010
0.000010 0.000010 0.000010 0.000010 0.889186 0.028739 0.082035
0.000010 0.000010 0.999940 0.000010 0.000010 0.000010 0.000010
0.000010 0.000010 0.999940 0.000010 0.000010 0.000010 0.000010
0.000010 0.000010 0.322000 0.000010 0.677950 0.000010 0.000010
0.116739 0.000010 0.026015 0.036572 0.700916 0.049238 0.070510
0.000010 0.000010 0.000010 0.999940 0.000010 0.000010 0.000010
0.253988 0.029116 0.019907 0.039165 0.518726 0.054959 0.084138
0.145552 0.056255 0.000010 0.000010 0.000010 0.798153 0.000010
0.074457 0.000010 0.000010 0.000010 0.000010 0.412953 0.512550
0.205058 0.031804 0.006919 0.153159 0.453524 0.120455 0.029081
0.100534 0.000010 0.000010 0.030352 0.869073 0.000010 0.000010
0.000010 0.000010 0.328420 0.000010 0.671530 0.000010 0.000010
0.000010 0.000010 0.000010 0.999940 0.000010 0.000010 0.000010
0.073456 0.115575 0.000010 0.271533 0.539406 0.000010 0.000010
0.136384 0.000010 0.198122 0.155888 0.000010 0.000010 0.509575
0.046965 0.038773 0.000010 0.749245 0.129762 0.004906 0.030339
0.234867 0.114297 0.285558 0.365247 0.000010 0.000010 0.000010
0.337795 0.000010 0.000010 0.567552 0.073823 0.020800 0.000010
0.000010 0.000010 0.000010 0.555834 0.444116 0.000010 0.000010
0.463216 0.000010 0.000010 0.536733 0.000010 0.000010 0.000010
0.000010 0.000010 0.000010 0.480876 0.000010 0.000010 0.519074
0.000010 0.000010 0.000010 0.579862 0.420088 0.000010 0.000010
0.000010 0.000010 0.415923 0.584027 0.000010 0.000010 0.000010
0.052784 0.035417 0.377589 0.246908 0.249419 0.000010 0.037873
0.322533 0.000010 0.000010 0.028857 0.568231 0.080350 0.000010
0.000010 0.000010 0.447011 0.000010 0.534639 0.009105 0.009214
0.116041 0.019046 0.321882 0.250221 0.228237 0.047626 0.016947
0.000010 0.000010 0.000010 0.999940 0.000010 0.000010 0.000010
0.000010 0.000010 0.000010 0.999939 0.000010 0.000011 0.000010
0.207518 0.000010 0.014275 0.055471 0.494372 0.149924 0.078431
0.706709 0.000010 0.000010 0.000010 0.195836 0.072866 0.024559
0.000010 0.000010 0.000010 0.533682 0.466268 0.000010 0.000010
0.000010 0.000010 0.000010 0.512054 0.487896 0.000010 0.000010
0.000010 0.000010 0.000010 0.000010 0.000010 0.000010 0.999940
0.000010 0.000010 0.003133 0.627618 0.313787 0.015545 0.039897
0.636016 0.049688 0.000010 0.112210 0.000012 0.202054 0.000010
0.258612 0.018479 0.000010 0.032741 0.522852 0.110377 0.056930
0.627750 0.000010 0.000010 0.036500 0.218505 0.083595 0.033629
0.109519 0.000010 0.705868 0.000010 0.184573 0.000010 0.000010
0.000010 0.847842 0.000010 0.067217 0.084901 0.000010 0.000010
0.000010 0.000010 0.000010 0.000010 0.926830 0.000010 0.073120
0.218065 0.000010 0.015778 0.000010 0.564219 0.056992 0.144925
0.000010 0.000010 0.000010 0.000010 0.999940 0.000010 0.000010
0.000010 0.000010 0.000010 0.000010 0.000010 0.000010 0.999940
0.000010 0.000010 0.000010 0.000010 0.000010 0.000010 0.999940
0.141775 0.000010 0.000010 0.038019 0.802322 0.017854 0.000010
0.316584 0.072566 0.024090 0.034494 0.000010 0.000010 0.552245
0.000010 0.000010 0.000010 0.000010 0.985368 0.000010 0.014582
0.452974 0.000010 0.000010 0.000010 0.000010 0.000010 0.546976
0.235876 0.001767 0.000010 0.016713 0.680581 0.065044 0.000010
0.000010 0.000010 0.000010 0.397977 0.601973 0.000010 0.000010
0.609988 0.000014 0.006790 0.007342 0.354804 0.000010 0.021052
0.000010 0.000010 0.000012 0.000010 0.999938 0.000010 0.000010
0.000010 0.000010 0.000010 0.237474 0.327398 0.000010 0.435088
0.000010 0.000010 0.000010 0.000010 0.999940 0.000010 0.000010
0.147622 0.026328 0.012352 0.339673 0.236984 0.012454 0.224587
0.244816 0.000010 0.070454 0.033578 0.316827 0.250006 0.084310
0.136613 0.000010 0.012823 0.286562 0.468920 0.081543 0.013530
0.000010 0.000010 0.000010 0.000010 0.999940 0.000010 0.000010
0.625757 0.024594 0.000011 0.155878 0.016727 0.177022 0.000010
0.072672 0.000010 0.012146 0.000010 0.193903 0.087361 0.633898
0.000010 0.000010 0.447868 0.000010 0.552082 0.000010 0.000010
0.131552 0.000013 0.603697 0.000010 0.142907 0.121811 0.000010
0.031520 0.586851 0.015420 0.366173 0.000010 0.000016 0.000010
0.000010 0.000010 0.497156 0.000010 0.502794 0.000010 0.000010
0.008759 0.000010 0.000015 0.000010 0.901649 0.011940 0.077617
0.554399 0.000010 0.000010 0.053454 0.159341 0.210726 0.022059
0.045969 0.000010 0.000010 0.953981 0.000010 0.000010 0.000010
0.632603 0.079711 0.000010 0.095492 0.000010 0.192164 0.000010
0.000010 0.000010 0.000010 0.000010 0.000010 0.999940 0.000010
0.999940 0.000010 0.000010 0.000010 0.000010 0.000010 0.000010
0.000010 0.000010 0.000010 0.000010 0.000010 0.000010 0.999940
0.122375 0.000010 0.261703 0.000010 0.391732 0.213656 0.010514
0.000010 0.000010 0.000010 0.000010 0.000010 0.000010 0.999940
0.139328 0.000010 0.000010 0.000010 0.000010 0.860622 0.000010
0.000010 0.000010 0.000010 0.000010 0.823012 0.000010 0.176938
0.000010 0.000010 0.459982 0.000010 0.539968 0.000010 0.000010
0.000010 0.000010 0.440852 0.000010 0.000010 0.000010 0.559098
0.113250 0.000010 0.420808 0.000010 0.021796 0.012176 0.431951
0.000010 0.000010 0.491063 0.000010 0.508887 0.000010 0.000010
0.174286 0.031180 0.560184 0.000010 0.115341 0.118990 0.000010
0.660995 0.021065 0.000010 0.000010 0.160370 0.094495 0.063056
0.000010 0.000010 0.546811 0.453139 0.000010 0.000010 0.000010
0.391766 0.000010 0.000010 0.588225 0.019968 0.000010 0.000010
0.000010 0.000010 0.185667 0.406952 0.407341 0.000010 0.000010
0.082450 0.035754 0.000012 0.000010 0.859466 0.000010 0.022299
0.735127 0.000010 0.000010 0.000010 0.197841 0.066992 0.000010
0.999932 0.000018 0.000010 0.000010 0.000010 0.000010 0.000010
0.216951 0.000010 0.467310 0.050660 0.229528 0.002875 0.032667
0.102679 0.038737 0.000010 0.000010 0.848897 0.009658 0.000010
0.470649 0.043132 0.023604 0.137089 0.045712 0.226472 0.053341
0.177764 0.000010 0.000010 0.002793 0.573284 0.246130 0.000010
0.000010 0.000010 0.000010 0.000010 0.512908 0.000010 0.487042
0.105343 0.000010 0.447804 0.000010 0.341998 0.000010 0.104825
0.721980 0.000010 0.000010 0.000010 0.203235 0.024981 0.049774
0.000010 0.000010 0.000010 0.375029 0.624921 0.000010 0.000010
0.683781 0.000010 0.000010 0.000010 0.316169 0.000010 0.000010
0.687049 0.011950 0.000010 0.000010 0.114157 0.154732 0.032092
0.233916 0.000010 0.599519 0.031925 0.000010 0.134611 0.000010
0.239605 0.000010 0.597659 0.029775 0.000010 0.132931 0.000010
0.230856 0.041892 0.000010 0.000010 0.000010 0.727212 0.000010
0.275018 0.000010 0.000010 0.000010 0.358932 0.313032 0.052988
0.447012 0.009255 0.038552 0.000010 0.247270 0.202092 0.055809
0.521285 0.000010 0.000010 0.038840 0.193204 0.226066 0.020585
0.000010 0.000010 0.000010 0.999940 0.000010 0.000010 0.000010
0.000010 0.000010 0.999940 0.000010 0.000010 0.000010 0.000010
0.000010 0.000010 0.000010 0.550211 0.449739 0.000010 0.000010
0.000010 0.000010 0.000010 0.999940 0.000010 0.000010 0.000010
0.000010 0.000010 0.513743 0.486207 0.000010 0.000010 0.000010
0.000010 0.000010 0.586778 0.000010 0.413172 0.000010 0.000010
0.000010 0.000010 0.000010 0.999940 0.000010 0.000010 0.000010
0.000012 0.000010 0.296837 0.703104 0.000010 0.000017 0.000010
0.000010 0.000010 0.999940 0.000010 0.000010 0.000010 0.000010
0.151994 0.000010 0.236130 0.031527 0.518824 0.033602 0.027913
0.000010 0.000010 0.000010 0.999940 0.000010 0.000010 0.000010
0.000010 0.000010 0.999940 0.000010 0.000010 0.000010 0.000010
0.000010 0.000011 0.000010 0.999937 0.000010 0.000011 0.000010
0.000010 0.000010 0.475899 0.000010 0.524051 0.000010 0.000010
0.000010 0.000010 0.000010 0.000010 0.000010 0.000010 0.999940
0.705110 0.000010 0.000010 0.000010 0.155035 0.118126 0.021698
0.000010 0.000010 0.409162 0.000010 0.590788 0.000010 0.000010
0.000010 0.000010 0.000010 0.503305 0.496645 0.000010 0.000010
0.000010 0.000010 0.540165 0.000010 0.459785 0.000010 0.000010
0.240083 0.000010 0.000010 0.585611 0.171297 0.000491 0.002498
0.275197 0.000010 0.044153 0.025492 0.642076 0.013062 0.000010
0.575729 0.000010 0.000010 0.000010 0.204409 0.219822 0.000010
0.000010 0.000010 0.999940 0.000010 0.000010 0.000010 0.000010
0.433916 0.000010 0.000010 0.000010 0.424305 0.141739 0.000010
0.000010 0.000010 0.999940 0.000010 0.000010 0.000010 0.000010
0.658012 0.000010 0.341938 0.000010 0.000010 0.000010 0.000010
0.000010 0.000010 0.482472 0.000010 0.517478 0.000010 0.000010
0.367649 0.117953 0.002323 0.029207 0.295493 0.146873 0.040502
0.000010 0.000012 0.000010 0.000010 0.961244 0.000010 0.038705
0.354449 0.069293 0.016676 0.055546 0.303184 0.122562 0.078290
0.647652 0.076020 0.000010 0.124139 0.000010 0.152159 0.000010
0.000010 0.000010 0.000010 0.000010 0.999940 0.000010 0.000010
0.167068 0.039805 0.025724 0.000010 0.524549 0.129037 0.113806
0.149433 0.036646 0.027495 0.002855 0.515942 0.152835 0.114794
0.000010 0.000010 0.108406 0.000010 0.891544 0.000010 0.000010
0.000010 0.000010 0.000010 0.000010 0.844200 0.043291 0.112469
0.300126 0.039920 0.000010 0.053061 0.531377 0.075496 0.000010
0.000010 0.036847 0.072631 0.000010 0.846734 0.043758 0.000010
0.000010 0.000010 0.000010 0.000010 0.996611 0.000010 0.003339
0.000010 0.000010 0.008383 0.000010 0.196005 0.454021 0.341560
0.159753 0.069175 0.033635 0.000010 0.395098 0.286594 0.055735
0.999940 0.000010 0.000010 0.000010 0.000010 0.000010 0.000010
