0.139931 0.860059 0.000010
0.618888 0.365389 0.015723
0.349059 0.607567 0.043374
0.000010 0.000010 0.999980
0.461127 0.401686 0.137187
0.453069 0.411924 0.135007
0.236424 0.682317 0.081260
0.000010 0.000010 0.999980
0.013388 0.881972 0.104640
0.549694 0.351521 0.098786
0.433552 0.520460 0.045989
0.437526 0.500536 0.061938
0.450294 0.549696 0.000010
0.160895 0.693745 0.145359
0.150280 0.759551 0.090169
0.469267 0.495146 0.035587
0.465573 0.498687 0.035740
0.000010 0.997397 0.002593
0.266398 0.718259 0.015343
0.000010 0.999980 0.000010
0.999980 0.000010 0.000010
0.999980 0.000010 0.000010
0.867574 0.132416 0.000010
0.999980 0.000010 0.000010
0.751763 0.244216 0.004022
0.730999 0.266936 0.002064
0.999980 0.000010 0.000010
0.823053 0.118440 0.058507
0.000015 0.000010 0.999975
0.683402 0.262511 0.054086
0.242173 0.673028 0.084800
0.645131 0.354859 0.000010
0.488851 0.348547 0.162602
0.865720 0.064120 0.070159
0.970628 0.000010 0.029362
0.000010 0.000010 0.999980
0.607440 0.093975 0.298585
0.623104 0.179240 0.197656
0.166631 0.016580 0.816789
0.229225 0.353177 0.417598
0.062778 0.353387 0.583835
0.410367 0.000010 0.589623
0.000010 0.430731 0.569259
0.541915 0.000010 0.458075
0.411726 0.000010 0.588264
0.243362 0.162551 0.594087
0.589402 0.173384 0.237214
0.635426 0.331657 0.032917
0.897726 0.102264 0.000010
0.496840 0.205338 0.297822
0.000016 0.000010 0.999974
0.000010 0.000010 0.999980
0.619491 0.311060 0.069450
0.221822 0.778168 0.000010
0.457089 0.000010 0.542901
0.486098 0.000010 0.513892
0.999980 0.000010 0.000010
0.380240 0.000010 0.619750
0.058819 0.785670 0.155511
0.644799 0.314399 0.040802
0.310295 0.637315 0.052391
0.757575 0.242415 0.000010
0.292471 0.499365 0.208164
0.999980 0.000010 0.000010
0.753500 0.239177 0.007323
0.999980 0.000010 0.000010
0.999980 0.000010 0.000010
0.999980 0.000010 0.000010
0.784960 0.189783 0.025257
0.567445 0.323659 0.108896
0.999980 0.000010 0.000010
0.518676 0.442100 0.039224
0.725833 0.247347 0.026820
0.621368 0.000010 0.378622
0.426370 0.534725 0.038905
0.999980 0.000010 0.000010
0.769913 0.000010 0.230077
0.999975 0.000015 0.000010
0.464878 0.128225 0.406897
0.492185 0.435386 0.072428
0.529235 0.181016 0.289748
0.999980 0.000010 0.000010
0.080415 0.663648 0.255937
0.848836 0.139666 0.011498
0.950675 0.049315 0.000010
0.587476 0.412514 0.000010
0.058437 0.471742 0.469821
0.989314 0.010676 0.000010
0.980994 0.018996 0.000010
0.159258 0.749873 0.090869
0.000010 0.038973 0.961017
0.065537 0.763256 0.171207
0.233235 0.741366 0.025399
0.000010 0.997915 0.002075
0.999980 0.000010 0.000010
0.606631 0.393359 0.000010
0.999980 0.000010 0.000010
0.229540 0.723198 0.047262
0.999980 0.000010 0.000010
0.874478 0.125512 0.000010
0.941100 0.058890 0.000010
0.761846 0.238144 0.000010
0.904871 0.095119 0.000010
0.495080 0.504910 0.000010
0.189890 0.810100 0.000010
0.419120 0.050963 0.529917
0.000010 0.387868 0.612122
0.578114 0.000010 0.421876
0.928632 0.071358 0.000010
0.185423 0.766357 0.048220
0.000010 0.999980 0.000010
0.624594 0.288782 0.086624
0.881798 0.118192 0.000010
0.174420 0.586389 0.239191
0.655261 0.294512 0.050226
0.999980 0.000010 0.000010
0.827438 0.127926 0.044636
0.287017 0.675915 0.037068
0.622504 0.000010 0.377486
0.312144 0.687846 0.000010
0.181362 0.800208 0.018430
0.506102 0.399132 0.094765
0.504636 0.401917 0.093448
0.240308 0.734295 0.025397
0.482062 0.511738 0.006200
0.347757 0.652233 0.000010
0.216516 0.743664 0.039819
0.000010 0.000010 0.999980
0.794037 0.205953 0.000010
0.419578 0.000010 0.580412
0.000017 0.000010 0.999973
0.311080 0.160361 0.528559
0.939271 0.060719 0.000010
0.000011 0.000010 0.999979
0.099202 0.120630 0.780168
0.775496 0.171895 0.052609
0.774740 0.183302 0.041957
0.000019 0.000010 0.999971
0.864560 0.135430 0.000010
0.000010 0.000010 0.999980
0.937258 0.000010 0.062732
0.999980 0.000010 0.000010
0.159332 0.840658 0.000010
0.917271 0.082719 0.000010
0.530877 0.000010 0.469113
0.974236 0.025754 0.000010
0.170504 0.183386 0.646109
0.687991 0.242455 0.069554
0.212993 0.786997 0.000010
0.764430 0.235560 0.000010
0.454262 0.545728 0.000010
0.788826 0.211164 0.000010
0.178093 0.753620 0.068287
0.949510 0.050480 0.000010
0.420480 0.522432 0.057088
0.970636 0.025070 0.004294
0.473316 0.437001 0.089683
0.076784 0.743012 0.180204
0.999980 0.000010 0.000010
0.695899 0.296526 0.007575
0.689213 0.301889 0.008898
0.999980 0.000010 0.000010
0.940886 0.059104 0.000010
0.526079 0.348662 0.125259
0.918512 0.040312 0.041176
0.946917 0.053073 0.000010
0.709252 0.283897 0.006852
0.598032 0.385679 0.016288
0.000010 0.999980 0.000010
0.999980 0.000010 0.000010
0.000010 0.000010 0.999980
0.117102 0.316749 0.566148
0.266847 0.013095 0.720058
0.143935 0.679018 0.177046
0.087348 0.608748 0.303904
0.308558 0.588366 0.103076
0.037854 0.286915 0.675231
0.042869 0.403048 0.554083
0.406537 0.577319 0.016144
0.262717 0.628851 0.108432
0.393396 0.254088 0.352516
0.131917 0.782547 0.085536
0.123446 0.790351 0.086202
0.180184 0.723113 0.096703
0.108181 0.506047 0.385772
0.065250 0.842446 0.092304
0.000010 0.000010 0.999980
0.097813 0.825800 0.076387
0.999980 0.000010 0.000010
0.961304 0.038686 0.000010
0.999980 0.000010 0.000010
0.999980 0.000010 0.000010
0.207774 0.659558 0.132668
0.000010 0.999980 0.000010
0.000010 0.834156 0.165834
0.004344 0.888898 0.106758
0.000010 0.856414 0.143576
0.467904 0.532086 0.000010
0.064579 0.924714 0.010707
0.953124 0.046095 0.000781
0.773823 0.198006 0.028172
0.952977 0.047013 0.000010
0.295061 0.573361 0.131578
0.450966 0.336613 0.212421
0.461861 0.519088 0.019051
0.477210 0.522780 0.000010
0.126250 0.596736 0.277014
0.804623 0.195367 0.000010
0.409039 0.514464 0.076497
0.286510 0.641212 0.072278
0.399101 0.330725 0.270174
0.537630 0.414284 0.048086
0.411079 0.561247 0.027674
0.562502 0.432041 0.005457
0.513483 0.378001 0.108516
0.402619 0.158491 0.438890
0.999980 0.000010 0.000010
0.076138 0.447011 0.476851
0.965749 0.034241 0.000010
0.331005 0.367533 0.301462
0.000010 0.999980 0.000010
0.988119 0.011871 0.000010
0.412960 0.524882 0.062159
