0.000010 0.000010 0.000010 0.999930 0.000010 0.000010 0.000010 0.000010
0.000010 0.000010 0.999930 0.000010 0.000010 0.000010 0.000010 0.000010
0.134093 0.007921 0.451072 0.007319 0.277201 0.122374 0.000010 0.000010
0.000010 0.000010 0.684551 0.243931 0.000010 0.071468 0.000010 0.000010
0.000010 0.000010 0.000010 0.000010 0.000010 0.999930 0.000010 0.000010
0.000010 0.000010 0.168271 0.000010 0.000010 0.831669 0.000010 0.000010
0.065547 0.255445 0.000010 0.018162 0.000010 0.608185 0.000010 0.052631
0.000010 0.000017 0.536064 0.000010 0.000010 0.463869 0.000010 0.000010
0.000010 0.000010 0.373666 0.000010 0.000010 0.626274 0.000010 0.000010
0.117315 0.610278 0.000010 0.037829 0.019519 0.133522 0.000010 0.081517
0.000010 0.000013 0.000010 0.009116 0.000010 0.990821 0.000010 0.000010
0.000010 0.036205 0.305618 0.000010 0.067061 0.113041 0.478044 0.000010
0.000010 0.000010 0.000010 0.000010 0.000010 0.999930 0.000010 0.000010
0.000010 0.000010 0.000010 0.000011 0.000010 0.999929 0.000010 0.000010
0.033926 0.128087 0.000010 0.015435 0.090154 0.732368 0.000010 0.000010
0.000010 0.000010 0.157808 0.000010 0.000010 0.842132 0.000010 0.000010
0.000010 0.200769 0.000010 0.000010 0.000010 0.799171 0.000010 0.000010
0.000010 0.000010 0.972439 0.000017 0.000010 0.027494 0.000010 0.000010
0.000010 0.572155 0.000010 0.000010 0.311704 0.116091 0.000010 0.000010
0.000010 0.000010 0.000010 0.999930 0.000010 0.000010 0.000010 0.000010
0.843411 0.000010 0.000010 0.035241 0.000010 0.081691 0.000010 0.039617
0.000010 0.000010 0.000010 0.999930 0.000010 0.000010 0.000010 0.000010
0.000010 0.000010 0.000010 0.999930 0.000010 0.000010 0.000010 0.000010
0.068826 0.084479 0.053445 0.000010 0.557871 0.155198 0.049431 0.030739
0.000010 0.758944 0.000010 0.000010 0.190364 0.050642 0.000010 0.000010
0.000010 0.033574 0.037751 0.000010 0.730830 0.197805 0.000010 0.000010
0.000012 0.188004 0.006414 0.000010 0.648154 0.157386 0.000010 0.000010
0.000010 0.163010 0.035645 0.000010 0.674093 0.127212 0.000010 0.000010
0.200784 0.590017 0.000018 0.053294 0.000010 0.058204 0.000010 0.097664
0.000010 0.061987 0.000010 0.008277 0.832534 0.052655 0.000010 0.044517
0.828388 0.000010 0.000010 0.080272 0.000010 0.091290 0.000010 0.000010
0.346818 0.025992 0.000010 0.046690 0.000010 0.111228 0.469242 0.000010
0.825139 0.000010 0.000010 0.096854 0.000010 0.076931 0.000010 0.001036
0.000010 0.000010 0.000010 0.000010 0.000010 0.921208 0.000010 0.078732
0.346104 0.015641 0.138540 0.033961 0.243716 0.130215 0.049492 0.042332
0.359648 0.251763 0.011219 0.024051 0.196443 0.111579 0.000010 0.045287
0.354188 0.433006 0.000010 0.031592 0.016735 0.079441 0.085018 0.000010
0.020739 0.000010 0.152442 0.025104 0.564050 0.160366 0.015440 0.061848
0.164927 0.182254 0.000010 0.584065 0.000010 0.068714 0.000010 0.000010
0.210412 0.128058 0.007900 0.058129 0.233471 0.215341 0.088803 0.057887
0.062945 0.174565 0.000010 0.000010 0.364032 0.241179 0.071461 0.085799
0.000010 0.000010 0.195675 0.000010 0.000010 0.416160 0.153056 0.235069
0.000010 0.024829 0.035566 0.000010 0.038787 0.289348 0.490678 0.120772
0.218293 0.171204 0.000012 0.091084 0.296938 0.138525 0.000010 0.083934
0.150295 0.179665 0.000010 0.007741 0.090987 0.229493 0.114726 0.227084
0.000010 0.000010 0.004635 0.510412 0.305960 0.178951 0.000012 0.000010
0.170555 0.000010 0.333387 0.209331 0.174284 0.105821 0.000010 0.006602
0.000010 0.000010 0.000010 0.000010 0.000010 0.000010 0.000010 0.999930
0.000010 0.000010 0.348119 0.000010 0.000010 0.544559 0.107272 0.000010
0.212119 0.000010 0.000010 0.000012 0.000010 0.017749 0.228464 0.541626
0.109861 0.081346 0.249820 0.000010 0.000010 0.183499 0.375443 0.000010
0.000010 0.371368 0.000010 0.000010 0.628572 0.000010 0.000010 0.000010
0.565210 0.000010 0.000010 0.417624 0.000010 0.017117 0.000010 0.000010
0.219303 0.658563 0.000017 0.022787 0.000012 0.099299 0.000010 0.000010
0.040188 0.838499 0.000010 0.000010 0.121263 0.000010 0.000010 0.000010
0.330442 0.518759 0.000010 0.105122 0.000010 0.000010 0.000010 0.045636
0.221418 0.490086 0.034033 0.025163 0.227317 0.000010 0.000010 0.001963
0.000010 0.000019 0.999911 0.000010 0.000010 0.000017 0.000014 0.000010
0.390331 0.000010 0.026189 0.014518 0.500091 0.068842 0.000010 0.000010
0.385000 0.000010 0.025299 0.015389 0.504221 0.070061 0.000010 0.000010
0.036022 0.902485 0.003519 0.000010 0.051616 0.000010 0.006198 0.000140
0.000010 0.000013 0.999924 0.000010 0.000010 0.000013 0.000010 0.000010
0.000010 0.000010 0.000010 0.000010 0.999930 0.000010 0.000010 0.000010
0.381673 0.230027 0.052707 0.109750 0.164386 0.009231 0.000010 0.052216
0.223967 0.775973 0.000010 0.000010 0.000010 0.000010 0.000010 0.000010
0.229551 0.758726 0.000010 0.011673 0.000010 0.000010 0.000010 0.000010
0.104747 0.739574 0.000016 0.078808 0.000010 0.000010 0.000010 0.076825
0.000010 0.064585 0.063463 0.000010 0.759851 0.000010 0.072433 0.039638
0.000010 0.643693 0.029786 0.000010 0.325074 0.000010 0.001407 0.000010
0.222815 0.764896 0.000010 0.012240 0.000010 0.000010 0.000010 0.000010
0.219681 0.764787 0.000010 0.015482 0.000010 0.000010 0.000010 0.000010
0.000010 0.000010 0.000010 0.000010 0.999930 0.000010 0.000010 0.000010
0.142494 0.587521 0.000010 0.022857 0.247088 0.000010 0.000010 0.000010
0.000010 0.792945 0.000010 0.000010 0.206995 0.000010 0.000010 0.000010
0.149427 0.000011 0.000010 0.027605 0.000014 0.000010 0.000010 0.822913
0.999916 0.000010 0.000018 0.000010 0.000016 0.000010 0.000010 0.000010
0.000010 0.000010 0.000010 0.000010 0.000010 0.000010 0.999930 0.000010
0.959906 0.000010 0.000010 0.040034 0.000010 0.000010 0.000010 0.000010
0.000010 0.000010 0.000010 0.000010 0.000010 0.000010 0.999930 0.000010
0.000010 0.000010 0.000010 0.000010 0.000010 0.000010 0.999930 0.000010
0.691796 0.000010 0.000012 0.000010 0.000010 0.000010 0.308142 0.000010
0.661961 0.048621 0.026430 0.052239 0.123840 0.000010 0.010163 0.076737
0.000010 0.000018 0.999922 0.000010 0.000010 0.000010 0.000010 0.000010
0.466503 0.023397 0.022880 0.073504 0.311223 0.011906 0.015513 0.075074
0.034163 0.897570 0.000010 0.000010 0.007242 0.060985 0.000010 0.000010
0.000811 0.469877 0.000010 0.528302 0.000010 0.000010 0.000010 0.000970
0.483293 0.333807 0.161629 0.000010 0.000010 0.021231 0.000010 0.000010
0.454553 0.000010 0.000010 0.000010 0.125125 0.000010 0.000010 0.420271
0.701887 0.000010 0.000010 0.000010 0.000010 0.000010 0.298053 0.000010
0.000010 0.000010 0.999921 0.000010 0.000010 0.000012 0.000017 0.000010
0.482835 0.000010 0.259262 0.000010 0.092171 0.106834 0.000010 0.058868
0.000010 0.111862 0.164453 0.497844 0.030137 0.000010 0.195674 0.000010
0.144210 0.000010 0.739465 0.017016 0.076275 0.023003 0.000010 0.000010
0.000010 0.127411 0.366993 0.000010 0.125313 0.110090 0.270163 0.000010
0.067467 0.070901 0.554206 0.000014 0.307377 0.000016 0.000010 0.000010
0.000010 0.000010 0.557702 0.000010 0.000010 0.000010 0.000010 0.442238
0.000010 0.437898 0.562036 0.000010 0.000014 0.000012 0.000010 0.000010
0.000010 0.000010 0.481470 0.518470 0.000010 0.000010 0.000010 0.000010
0.428613 0.000010 0.571320 0.000012 0.000015 0.000010 0.000010 0.000010
0.000010 0.000010 0.583431 0.000010 0.000010 0.000019 0.416499 0.000010
0.045039 0.121164 0.250479 0.045703 0.000010 0.000010 0.379402 0.158192
0.552669 0.000010 0.000010 0.000010 0.407780 0.000010 0.000010 0.039501
0.565419 0.000010 0.000010 0.000010 0.000010 0.000010 0.434521 0.000010
0.280765 0.023664 0.244509 0.000010 0.122790 0.021455 0.306796 0.000010
0.000010 0.000010 0.999922 0.000010 0.000010 0.000010 0.000018 0.000010
0.000010 0.000010 0.999924 0.000013 0.000010 0.000013 0.000010 0.000010
0.540049 0.129359 0.044358 0.058679 0.217225 0.000010 0.002369 0.007950
0.098014 0.901926 0.000010 0.000010 0.000010 0.000010 0.000010 0.000010
0.000018 0.000010 0.534403 0.000010 0.000010 0.000017 0.000010 0.465521
0.497481 0.000010 0.502459 0.000010 0.000010 0.000010 0.000010 0.000010
0.000012 0.000010 0.000010 0.999928 0.000010 0.000010 0.000010 0.000010
0.345671 0.000010 0.626967 0.027312 0.000010 0.000010 0.000010 0.000010
0.000010 0.168670 0.076957 0.000010 0.717516 0.036816 0.000010 0.000010
0.529287 0.051185 0.016762 0.041700 0.327612 0.000010 0.000010 0.033434
0.116749 0.289290 0.011165 0.031759 0.493199 0.000010 0.000010 0.057817
0.116656 0.169951 0.000017 0.000010 0.000012 0.000010 0.694475 0.018869
0.000010 0.000019 0.067310 0.000016 0.000010 0.836153 0.000010 0.096472
0.999930 0.000010 0.000010 0.000010 0.000010 0.000010 0.000010 0.000010
0.400878 0.351233 0.000010 0.130658 0.000010 0.000010 0.000010 0.117191
0.999909 0.000015 0.000018 0.000010 0.000018 0.000010 0.000010 0.000010
0.000017 0.000010 0.000010 0.999920 0.000011 0.000012 0.000010 0.000010
0.000016 0.000010 0.000010 0.999915 0.000014 0.000015 0.000010 0.000010
0.000010 0.052959 0.000010 0.000010 0.134086 0.000010 0.000010 0.812905
0.000010 0.000010 0.019907 0.547766 0.358532 0.053757 0.020009 0.000010
0.723978 0.000010 0.000010 0.000010 0.000010 0.000010 0.000010 0.275962
0.000010 0.000010 0.000010 0.532262 0.467678 0.000010 0.000010 0.000010
0.719349 0.000010 0.000010 0.000010 0.280591 0.000010 0.000010 0.000010
0.000012 0.000017 0.401187 0.000010 0.000013 0.000010 0.000010 0.598742
0.352313 0.000010 0.000010 0.002787 0.643163 0.000010 0.000010 0.001696
0.770415 0.000010 0.000010 0.000010 0.000010 0.000010 0.000010 0.229525
0.160041 0.000010 0.237932 0.444456 0.000013 0.000011 0.000010 0.157527
0.529428 0.000010 0.000010 0.000010 0.000013 0.000010 0.000010 0.470510
0.256724 0.000010 0.332535 0.215632 0.168331 0.021184 0.005574 0.000010
0.332456 0.487058 0.032000 0.058799 0.034907 0.000010 0.054760 0.000010
0.096573 0.246329 0.292373 0.033488 0.000010 0.000010 0.000010 0.331207
0.000014 0.000010 0.000010 0.000010 0.000011 0.000010 0.000010 0.999925
0.022593 0.062123 0.127763 0.000010 0.787482 0.000010 0.000010 0.000010
0.212822 0.167595 0.000010 0.619534 0.000010 0.000010 0.000010 0.000010
0.000010 0.000010 0.000010 0.000010 0.000012 0.000010 0.482905 0.517032
0.105386 0.196684 0.000010 0.000010 0.057868 0.000010 0.598826 0.041206
0.000010 0.000013 0.352114 0.000010 0.073201 0.572784 0.001858 0.000010
0.517761 0.000010 0.000011 0.000010 0.000010 0.000010 0.482177 0.000010
0.978339 0.000010 0.000010 0.021601 0.000010 0.000010 0.000010 0.000010
0.169655 0.264307 0.031901 0.014368 0.519739 0.000010 0.000010 0.000010
0.000010 0.009448 0.950842 0.000010 0.039660 0.000010 0.000010 0.000010
0.027883 0.053121 0.050958 0.000010 0.799925 0.068083 0.000010 0.000010
0.000010 0.992847 0.000010 0.000010 0.000010 0.000010 0.007093 0.000010
0.000010 0.000010 0.000010 0.000010 0.999930 0.000010 0.000010 0.000010
0.000010 0.000010 0.000010 0.999930 0.000010 0.000010 0.000010 0.000010
0.425984 0.331934 0.000010 0.000010 0.000010 0.000010 0.242031 0.000010
0.000018 0.000010 0.000010 0.999918 0.000012 0.000010 0.000011 0.000010
0.000010 0.999930 0.000010 0.000010 0.000010 0.000010 0.000010 0.000010
0.880219 0.000010 0.000010 0.119721 0.000010 0.000010 0.000010 0.000010
0.000010 0.000010 0.000010 0.000010 0.000010 0.000010 0.464867 0.535073
0.000010 0.000010 0.000010 0.558973 0.000010 0.000010 0.440967 0.000010
0.029091 0.055895 0.000010 0.422045 0.078769 0.000010 0.414170 0.000010
0.000010 0.000010 0.000010 0.000010 0.000010 0.000010 0.528345 0.471595
0.092906 0.258114 0.000010 0.000010 0.056879 0.028543 0.554182 0.009355
0.000010 0.937580 0.000010 0.062360 0.000010 0.000010 0.000010 0.000010
0.000010 0.000010 0.453529 0.000010 0.000010 0.000010 0.546411 0.000010
0.000010 0.000010 0.564940 0.000010 0.434998 0.000013 0.000010 0.000010
0.238461 0.000010 0.404072 0.000010 0.000010 0.000010 0.187399 0.170028
0.156011 0.115564 0.000010 0.066576 0.000010 0.000010 0.000010 0.661809
0.146923 0.336585 0.000010 0.000010 0.516441 0.000010 0.000010 0.000010
0.000010 0.267578 0.000019 0.000010 0.732353 0.000010 0.000010 0.000010
0.237217 0.000010 0.035450 0.019073 0.253579 0.000010 0.454651 0.000010
0.051578 0.176722 0.000010 0.028301 0.000010 0.000010 0.000010 0.743359
0.081878 0.229626 0.119707 0.046084 0.464648 0.038418 0.019630 0.000010
0.543700 0.351039 0.002240 0.000010 0.058908 0.000010 0.000010 0.044083
0.546771 0.000010 0.000010 0.453169 0.000010 0.000010 0.000010 0.000010
0.216837 0.173336 0.000010 0.099141 0.000010 0.000010 0.432615 0.078041
0.072125 0.420747 0.000010 0.043180 0.424573 0.000010 0.000010 0.039345
0.000010 0.000010 0.360910 0.000010 0.000014 0.000010 0.000010 0.639026
0.278038 0.000010 0.000010 0.000010 0.708065 0.000013 0.000010 0.013845
0.043698 0.652003 0.000010 0.028351 0.270549 0.000010 0.000010 0.005369
0.045619 0.042824 0.008328 0.000010 0.311746 0.000010 0.591453 0.000010
0.043931 0.043349 0.005126 0.000010 0.317313 0.000010 0.590252 0.000010
0.000010 0.827398 0.000010 0.000010 0.083619 0.060353 0.025686 0.002914
0.383298 0.490416 0.000010 0.030326 0.095919 0.000010 0.000010 0.000010
0.237230 0.558866 0.000010 0.032914 0.156461 0.000010 0.014499 0.000010
0.159963 0.348708 0.017437 0.017299 0.430932 0.000010 0.000010 0.025642
0.000010 0.000016 0.999924 0.000010 0.000010 0.000010 0.000010 0.000010
0.000010 0.000010 0.000010 0.000010 0.000010 0.000010 0.999930 0.000010
0.000010 0.000011 0.553920 0.000011 0.000011 0.000010 0.000010 0.446018
0.000010 0.000010 0.999930 0.000010 0.000010 0.000010 0.000010 0.000010
0.000014 0.000010 0.486684 0.000010 0.000010 0.000010 0.513252 0.000010
0.439242 0.000010 0.000010 0.000014 0.000010 0.000010 0.560694 0.000010
0.000013 0.000011 0.999926 0.000010 0.000010 0.000010 0.000010 0.000010
0.000010 0.000010 0.702706 0.000010 0.000010 0.000010 0.297234 0.000010
0.000010 0.000010 0.000010 0.000010 0.000010 0.000010 0.999930 0.000010
0.567292 0.000010 0.017000 0.000010 0.198968 0.000010 0.216699 0.000010
0.000010 0.000010 0.999927 0.000010 0.000013 0.000010 0.000010 0.000010
0.000010 0.000010 0.000010 0.000010 0.000010 0.000010 0.999930 0.000010
0.000010 0.000010 0.999930 0.000010 0.000010 0.000010 0.000010 0.000010
0.547982 0.000010 0.000010 0.000010 0.000010 0.000010 0.451958 0.000010
0.000010 0.000010 0.000010 0.999926 0.000010 0.000010 0.000014 0.000010
0.000014 0.999926 0.000010 0.000010 0.000010 0.000010 0.000010 0.000010
0.000010 0.000010 0.000010 0.000010 0.000010 0.000010 0.435113 0.564827
0.000010 0.000019 0.510090 0.000011 0.000014 0.000010 0.000010 0.489836
0.479657 0.000010 0.000010 0.000010 0.000010 0.000010 0.520283 0.000010
0.049419 0.321723 0.593620 0.000014 0.000010 0.000010 0.000010 0.035194
0.669483 0.000010 0.000010 0.000010 0.330457 0.000010 0.000010 0.000010
0.092465 0.880049 0.000010 0.000010 0.000010 0.000010 0.000010 0.027436
0.000010 0.000010 0.000010 0.000010 0.000010 0.000010 0.999930 0.000010
0.348447 0.645710 0.000010 0.000010 0.000010 0.000010 0.000010 0.005793
0.000010 0.000010 0.000010 0.000010 0.000010 0.000010 0.999930 0.000010
0.000010 0.000010 0.000010 0.000010 0.670865 0.000010 0.329075 0.000010
0.000010 0.000010 0.000010 0.000010 0.000010 0.000010 0.509459 0.490481
0.319309 0.124904 0.013617 0.029481 0.402738 0.106151 0.000010 0.003791
0.987172 0.000010 0.000010 0.000010 0.000010 0.000010 0.000010 0.012768
0.284368 0.103838 0.036609 0.075763 0.395623 0.055514 0.014400 0.033884
0.010942 0.039573 0.089312 0.000010 0.804519 0.055625 0.000010 0.000010
0.999930 0.000010 0.000010 0.000010 0.000010 0.000010 0.000010 0.000010
0.547662 0.267822 0.000010 0.088769 0.038705 0.038356 0.007328 0.011349
0.558421 0.263843 0.002421 0.087792 0.043525 0.032100 0.011888 0.000010
0.936469 0.000017 0.000016 0.000010 0.000010 0.000010 0.063458 0.000010
0.942031 0.000010 0.000010 0.057909 0.000010 0.000010 0.000010 0.000010
0.567276 0.000010 0.014957 0.000010 0.386846 0.030881 0.000010 0.000010
0.768822 0.000010 0.000010 0.000010 0.002681 0.039841 0.071679 0.116946
0.999930 0.000010 0.000010 0.000010 0.000010 0.000010 0.000010 0.000010
0.240027 0.404880 0.000010 0.338221 0.000010 0.000010 0.005789 0.011052
0.351906 0.361080 0.000010 0.049534 0.064096 0.065555 0.030759 0.077060
0.000010 0.366189 0.000010 0.000010 0.633750 0.000010 0.000010 0.000010
