0.617572 0.303509 0.078919
0.265266 0.686911 0.047823
0.434108 0.447585 0.118307
0.000010 0.000010 0.999980
0.332566 0.501123 0.166311
0.354500 0.485537 0.159963
0.526010 0.370499 0.103492
0.000010 0.000010 0.999980
0.622432 0.164886 0.212682
0.285241 0.613516 0.101242
0.413806 0.526959 0.059235
0.370825 0.548443 0.080732
0.395111 0.568617 0.036272
0.588213 0.190480 0.221306
0.576665 0.263113 0.160222
0.364957 0.572156 0.062886
0.383727 0.558227 0.058046
0.754687 0.000010 0.245303
0.542688 0.365293 0.092018
0.733838 0.143256 0.122906
0.000010 0.999980 0.000010
0.000013 0.999977 0.000010
0.000010 0.999980 0.000010
0.000010 0.999980 0.000010
0.115018 0.862372 0.022610
0.064722 0.916038 0.019240
0.000012 0.999978 0.000010
0.080273 0.863691 0.056036
0.000018 0.000010 0.999972
0.202177 0.718379 0.079444
0.587234 0.332426 0.080340
0.310719 0.686225 0.003057
0.271109 0.549746 0.179145
0.047027 0.898769 0.054204
0.000010 0.999980 0.000010
0.000010 0.000010 0.999980
0.113278 0.575986 0.310736
0.121027 0.689058 0.189914
0.132718 0.127163 0.740119
0.304628 0.265419 0.429954
0.246413 0.112021 0.641566
0.000010 0.437682 0.562308
0.369636 0.000010 0.630354
0.000010 0.529586 0.470404
0.000010 0.419030 0.580960
0.038498 0.332388 0.629115
0.076511 0.645202 0.278288
0.254457 0.670113 0.075430
0.042309 0.943896 0.013795
0.125966 0.566937 0.307097
0.000010 0.000010 0.999980
0.000010 0.000010 0.999980
0.203152 0.704727 0.092121
0.604008 0.323985 0.072007
0.000010 0.480408 0.519582
0.000010 0.479729 0.520261
0.000010 0.999980 0.000010
0.000010 0.359561 0.640429
0.627243 0.134180 0.238576
0.227617 0.698983 0.073399
0.480356 0.381286 0.138359
0.162658 0.837332 0.000010
0.445745 0.284729 0.269526
0.000010 0.999980 0.000010
0.170406 0.821991 0.007603
0.000011 0.999979 0.000010
0.000010 0.999980 0.000010
0.000010 0.999980 0.000010
0.093889 0.849371 0.056740
0.292254 0.607697 0.100049
0.000014 0.999976 0.000010
0.316429 0.600190 0.083381
0.199833 0.749384 0.050784
0.000010 0.603160 0.396830
0.408164 0.486053 0.105783
0.000010 0.999980 0.000010
0.030163 0.752510 0.217328
0.000013 0.999977 0.000010
0.132093 0.511329 0.356577
0.287581 0.619173 0.093246
0.117731 0.575723 0.306546
0.000012 0.999978 0.000010
0.518525 0.179833 0.301642
0.084033 0.902084 0.013884
0.000010 0.999980 0.000010
0.287102 0.709019 0.003879
0.409647 0.081069 0.509285
0.000010 0.999980 0.000010
0.018969 0.981021 0.000010
0.534130 0.317872 0.147998
0.000010 0.000010 0.999980
0.562686 0.181570 0.255745
0.551473 0.373649 0.074878
0.762817 0.000010 0.237173
0.000010 0.999980 0.000010
0.255418 0.739813 0.004769
0.000010 0.999980 0.000010
0.575285 0.365996 0.058719
0.000011 0.999979 0.000010
0.016469 0.983521 0.000010
0.000010 0.999980 0.000010
0.115869 0.884121 0.000010
0.039801 0.960189 0.000010
0.291325 0.685134 0.023541
0.614010 0.344532 0.041458
0.000010 0.496538 0.503452
0.325511 0.033274 0.641216
0.000010 0.577064 0.422926
0.099905 0.900085 0.000010
0.598609 0.302435 0.098957
0.791249 0.000010 0.208741
0.222183 0.684153 0.093665
0.132173 0.867817 0.000010
0.460981 0.283426 0.255593
0.239376 0.714215 0.046410
0.000010 0.999980 0.000010
0.062017 0.905460 0.032523
0.495085 0.377079 0.127836
0.000010 0.611671 0.388319
0.539810 0.397246 0.062944
0.595075 0.282840 0.122085
0.253428 0.626614 0.119957
0.273591 0.613415 0.112995
0.592406 0.338705 0.068888
0.373068 0.600250 0.026683
0.450561 0.502552 0.046888
0.509474 0.372590 0.117936
0.000010 0.000010 0.999980
0.032114 0.966105 0.001781
0.000010 0.434740 0.565250
0.000010 0.000010 0.999980
0.018317 0.411025 0.570658
0.000010 0.999980 0.000010
0.000010 0.000010 0.999980
0.014214 0.213323 0.772463
0.036459 0.921563 0.041977
0.133407 0.808142 0.058451
0.000017 0.000010 0.999973
0.000010 0.999980 0.000010
0.000010 0.000010 0.999980
0.000010 0.998298 0.001692
0.000010 0.999980 0.000010
0.664369 0.301684 0.033947
0.030048 0.969942 0.000010
0.000010 0.502549 0.497441
0.000011 0.999979 0.000010
0.180865 0.187767 0.631368
0.188130 0.735978 0.075892
0.540295 0.400747 0.058958
0.107098 0.892892 0.000010
0.415286 0.554814 0.029900
0.052897 0.947093 0.000010
0.517345 0.344467 0.138188
0.000010 0.999980 0.000010
0.435666 0.472845 0.091489
0.061259 0.938731 0.000010
0.456098 0.453429 0.090472
0.560983 0.154692 0.284325
0.000010 0.999980 0.000010
0.218202 0.748658 0.033140
0.198674 0.768397 0.032929
0.000014 0.999976 0.000010
0.000010 0.999980 0.000010
0.272444 0.601841 0.125715
0.087762 0.908711 0.003527
0.026575 0.973415 0.000010
0.242925 0.739289 0.017785
0.286701 0.676173 0.037127
0.800323 0.000010 0.199667
0.259238 0.740752 0.000010
0.096936 0.000010 0.903054
0.555586 0.060830 0.383583
0.324057 0.125346 0.550597
0.938106 0.000010 0.061884
0.814882 0.000010 0.185108
0.839189 0.152045 0.008766
0.501378 0.000010 0.498612
0.618515 0.000010 0.381475
0.736201 0.263789 0.000010
0.908445 0.079056 0.012499
0.477662 0.290128 0.232211
0.993663 0.000010 0.006327
0.994276 0.000010 0.005714
0.982693 0.000010 0.017297
0.781488 0.000010 0.218502
0.988067 0.000010 0.011923
0.127949 0.000010 0.872041
0.996888 0.000010 0.003102
0.213826 0.786164 0.000010
0.290042 0.709948 0.000010
0.262683 0.737307 0.000010
0.243384 0.756606 0.000010
0.835109 0.092316 0.072575
0.999980 0.000010 0.000010
0.934783 0.000010 0.065207
0.976139 0.000010 0.023851
0.944621 0.000010 0.055369
0.689374 0.310616 0.000010
0.959967 0.040023 0.000010
0.323360 0.676630 0.000010
0.411556 0.588434 0.000010
0.277751 0.722239 0.000010
0.856422 0.094874 0.048704
0.577793 0.323632 0.098575
0.643953 0.352589 0.003458
0.611115 0.388875 0.000010
0.792887 0.060732 0.146381
0.422837 0.577153 0.000010
0.695581 0.304409 0.000010
0.829873 0.164523 0.005603
0.623037 0.236075 0.140888
0.614549 0.367236 0.018215
0.715704 0.284286 0.000010
0.614666 0.385324 0.000010
0.631235 0.359360 0.009406
0.517123 0.246378 0.236498
0.251248 0.748742 0.000010
0.679648 0.000010 0.320342
0.270229 0.729761 0.000010
0.553944 0.245465 0.200591
0.941031 0.000010 0.058959
0.300528 0.699462 0.000010
0.724375 0.275615 0.000010
