0.143007 0.006178 0.000010 0.020746 0.050362 0.053189 0.010282 0.716226
0.014060 0.294864 0.011801 0.186492 0.000010 0.154758 0.000010 0.338004
0.067006 0.223457 0.039079 0.052905 0.000010 0.067928 0.003048 0.546567
0.000010 0.000010 0.999930 0.000010 0.000010 0.000010 0.000010 0.000010
0.009181 0.443755 0.108862 0.027663 0.000010 0.000010 0.081860 0.328659
0.009188 0.434649 0.105954 0.028466 0.000010 0.000010 0.087915 0.333808
0.440379 0.029368 0.037978 0.019332 0.021157 0.022095 0.002433 0.427257
0.000010 0.000010 0.999930 0.000010 0.000010 0.000010 0.000010 0.000010
0.000010 0.067922 0.070665 0.000010 0.000010 0.000010 0.002490 0.858883
0.089707 0.294269 0.088320 0.145358 0.000010 0.081099 0.020640 0.280597
0.999930 0.000010 0.000010 0.000010 0.000010 0.000010 0.000010 0.000010
0.999930 0.000010 0.000010 0.000010 0.000010 0.000010 0.000010 0.000010
0.084797 0.062711 0.000010 0.131916 0.004137 0.241767 0.000010 0.474653
0.000010 0.000010 0.135448 0.000010 0.123283 0.091591 0.000010 0.649638
0.247884 0.000010 0.063296 0.028301 0.077093 0.000012 0.000010 0.583394
0.999930 0.000010 0.000010 0.000010 0.000010 0.000010 0.000010 0.000010
0.999930 0.000010 0.000010 0.000010 0.000010 0.000010 0.000010 0.000010
0.000010 0.000010 0.000010 0.000010 0.000010 0.000010 0.000010 0.999930
0.152237 0.158869 0.011869 0.043647 0.000010 0.029774 0.000010 0.603584
0.168555 0.000010 0.000010 0.000010 0.000010 0.000010 0.015509 0.815886
0.000010 0.085946 0.000010 0.078232 0.000010 0.835772 0.000010 0.000010
0.000010 0.999930 0.000010 0.000010 0.000010 0.000010 0.000010 0.000010
0.000010 0.000010 0.000010 0.000010 0.999930 0.000010 0.000010 0.000010
0.009095 0.799572 0.000010 0.097452 0.000010 0.093841 0.000010 0.000010
0.000010 0.000010 0.000010 0.000010 0.999930 0.000010 0.000010 0.000010
0.000010 0.000010 0.000010 0.000010 0.999930 0.000010 0.000010 0.000010
0.000010 0.681743 0.000010 0.000010 0.318197 0.000010 0.000010 0.000010
0.000010 0.533047 0.054798 0.076107 0.066405 0.162718 0.000010 0.106905
0.000010 0.000010 0.999930 0.000010 0.000010 0.000010 0.000010 0.000010
0.000010 0.460676 0.053003 0.088885 0.033068 0.101745 0.010371 0.252242
0.419805 0.016938 0.026350 0.008335 0.000010 0.053023 0.073891 0.401648
0.190304 0.013034 0.000010 0.514326 0.000010 0.040720 0.008818 0.232777
0.068958 0.427357 0.148084 0.041153 0.000010 0.000010 0.058670 0.255759
0.000010 0.471783 0.072005 0.000010 0.000010 0.399521 0.000010 0.056651
0.000010 0.724588 0.000010 0.000010 0.275351 0.000010 0.000010 0.000010
0.000010 0.000010 0.999928 0.000010 0.000012 0.000010 0.000010 0.000010
0.000010 0.512611 0.292547 0.000010 0.007723 0.064964 0.081963 0.040171
0.000012 0.000010 0.185569 0.498515 0.196307 0.000010 0.000010 0.119567
0.000010 0.135495 0.788786 0.022873 0.000010 0.000010 0.052806 0.000010
0.000010 0.000010 0.386236 0.000010 0.316392 0.000010 0.070096 0.227235
0.027814 0.076032 0.570285 0.000010 0.000010 0.000010 0.000010 0.325829
0.000010 0.000010 0.592889 0.000010 0.000010 0.407050 0.000011 0.000010
0.000010 0.000010 0.558217 0.000010 0.000010 0.000010 0.025143 0.416590
0.000013 0.000016 0.463202 0.536729 0.000010 0.000010 0.000010 0.000010
0.000010 0.417615 0.582325 0.000010 0.000010 0.000010 0.000010 0.000010
0.000010 0.000010 0.573882 0.000010 0.426058 0.000010 0.000010 0.000010
0.000010 0.046667 0.225809 0.053893 0.433958 0.185853 0.009080 0.044731
0.017081 0.540633 0.027137 0.000010 0.000010 0.109587 0.000010 0.305532
0.000010 0.602567 0.000010 0.016708 0.380675 0.000010 0.000010 0.000010
0.037278 0.243040 0.279277 0.031794 0.307826 0.000010 0.008262 0.092512
0.000010 0.000010 0.999930 0.000010 0.000010 0.000010 0.000010 0.000010
0.000010 0.000010 0.999930 0.000010 0.000010 0.000010 0.000010 0.000010
0.122196 0.479038 0.062677 0.098544 0.000010 0.000014 0.000010 0.237511
0.045191 0.152790 0.000010 0.031778 0.000010 0.047292 0.000010 0.722919
0.000010 0.000010 0.554134 0.000010 0.000010 0.445805 0.000011 0.000010
0.000010 0.488202 0.511738 0.000010 0.000010 0.000010 0.000010 0.000010
0.000010 0.000010 0.000010 0.999930 0.000010 0.000010 0.000010 0.000010
0.000010 0.331885 0.618170 0.049895 0.000010 0.000010 0.000010 0.000010
0.108773 0.052575 0.146362 0.000010 0.000010 0.000010 0.025020 0.667239
0.024441 0.523277 0.043333 0.070010 0.000010 0.047882 0.000010 0.291037
0.016697 0.155056 0.048937 0.037372 0.000010 0.128758 0.000010 0.613161
0.000010 0.093804 0.000010 0.000010 0.701208 0.137997 0.000010 0.066951
0.000010 0.052434 0.111098 0.000010 0.013414 0.106190 0.716833 0.000010
0.000015 0.809521 0.000010 0.064169 0.000010 0.126255 0.000010 0.000010
0.022265 0.322806 0.011113 0.174530 0.055143 0.203290 0.000010 0.210842
0.000010 0.999930 0.000010 0.000010 0.000010 0.000010 0.000010 0.000010
0.000010 0.000010 0.000010 0.999930 0.000010 0.000010 0.000010 0.000010
0.000010 0.000010 0.000010 0.999930 0.000010 0.000010 0.000010 0.000010
0.000010 0.000010 0.000010 0.062983 0.000010 0.734144 0.000010 0.202823
0.000010 0.000010 0.091521 0.505909 0.095212 0.000010 0.053402 0.253926
0.000010 0.682683 0.000010 0.023889 0.000012 0.293376 0.000010 0.000010
0.000010 0.000010 0.000010 0.526791 0.000010 0.000010 0.000010 0.473149
0.068477 0.732367 0.014565 0.000010 0.000010 0.000010 0.000010 0.184551
0.000010 0.000010 0.378415 0.000011 0.000010 0.621525 0.000010 0.000010
0.000010 0.374676 0.025955 0.000010 0.024425 0.048149 0.000010 0.526765
0.000010 0.705989 0.000010 0.000010 0.000014 0.293944 0.000014 0.000010
0.000010 0.151913 0.242231 0.465354 0.000010 0.140461 0.000010 0.000010
0.000010 0.536596 0.000010 0.000010 0.000010 0.463344 0.000010 0.000010
0.003222 0.234044 0.402301 0.215957 0.000010 0.001783 0.035209 0.107475
0.095724 0.274541 0.061736 0.110140 0.048704 0.039315 0.000010 0.369830
0.016494 0.000010 0.301709 0.078113 0.043551 0.412341 0.000010 0.147772
0.000010 0.000010 0.000010 0.000010 0.000010 0.999930 0.000010 0.000010
0.040305 0.083208 0.242950 0.000010 0.000010 0.023529 0.000010 0.609978
0.034383 0.206218 0.017981 0.606092 0.007185 0.000010 0.006129 0.122002
0.000010 0.000010 0.000010 0.000010 0.452268 0.547672 0.000010 0.000010
0.000010 0.120474 0.000010 0.000010 0.534198 0.084393 0.034289 0.226617
0.000010 0.000010 0.424890 0.000010 0.024384 0.000010 0.485900 0.064786
0.000010 0.497178 0.000010 0.000010 0.502762 0.000010 0.000010 0.000010
0.000010 0.775667 0.000010 0.075690 0.005036 0.128777 0.000010 0.014799
0.087662 0.166926 0.083593 0.000010 0.000010 0.000010 0.019876 0.641913
0.000010 0.000011 0.952443 0.000011 0.000012 0.000010 0.000010 0.047492
0.062284 0.106603 0.147270 0.000010 0.000010 0.000010 0.072970 0.610843
0.516064 0.000010 0.000010 0.000010 0.051989 0.000010 0.000010 0.431897
0.000010 0.000010 0.000010 0.000010 0.000010 0.000010 0.000010 0.999930
0.000010 0.000010 0.000010 0.925228 0.000015 0.074706 0.000010 0.000010
0.092786 0.389034 0.000010 0.026311 0.218471 0.000010 0.035976 0.237402
0.000010 0.000010 0.000010 0.999930 0.000010 0.000010 0.000010 0.000010
0.410793 0.000010 0.000010 0.019515 0.005754 0.059954 0.023526 0.480438
0.000010 0.804316 0.000010 0.195624 0.000010 0.000010 0.000010 0.000010
0.000010 0.000010 0.000010 0.000010 0.479773 0.520167 0.000010 0.000010
0.000010 0.000010 0.000010 0.529823 0.470117 0.000010 0.000010 0.000010
0.000010 0.038535 0.000010 0.403225 0.424518 0.000010 0.000010 0.133682
0.000010 0.000010 0.000010 0.000010 0.558238 0.441702 0.000010 0.000010
0.009487 0.063863 0.000010 0.000010 0.541754 0.049353 0.054757 0.280766
0.040594 0.047257 0.000010 0.106977 0.000010 0.071086 0.014880 0.719186
0.000010 0.000010 0.481970 0.000010 0.517970 0.000010 0.000010 0.000010
0.000010 0.019860 0.588542 0.007682 0.000010 0.000010 0.000010 0.383876
0.000018 0.259068 0.398052 0.000010 0.178281 0.164551 0.000010 0.000010
0.000010 0.197036 0.000010 0.082568 0.000010 0.720346 0.000010 0.000010
0.007763 0.183454 0.036120 0.000018 0.000010 0.033324 0.000010 0.739300
0.000010 0.000010 0.000010 0.000010 0.000010 0.000010 0.000010 0.999930
0.000010 0.241827 0.079517 0.034863 0.455117 0.000010 0.000010 0.188647
0.000010 0.000010 0.000010 0.010153 0.000010 0.989787 0.000010 0.000010
0.083444 0.096669 0.218630 0.053358 0.024846 0.000010 0.063383 0.459659
0.111088 0.503131 0.036524 0.000010 0.000010 0.124418 0.000010 0.224808
0.000010 0.518947 0.000010 0.480993 0.000010 0.000010 0.000010 0.000010
0.000010 0.169634 0.018160 0.106850 0.454280 0.194448 0.000010 0.056607
0.000010 0.102092 0.022369 0.096795 0.000010 0.096421 0.000010 0.682293
0.000010 0.000010 0.373616 0.000010 0.000010 0.626324 0.000010 0.000010
0.000010 0.298817 0.000010 0.000010 0.000010 0.038013 0.009678 0.653452
0.077379 0.084032 0.008590 0.052773 0.000010 0.042318 0.004790 0.730108
0.071119 0.092064 0.061809 0.015535 0.502849 0.000010 0.000010 0.256605
0.071858 0.086931 0.061322 0.020636 0.503419 0.000010 0.000010 0.255814
0.397449 0.000010 0.000010 0.000010 0.069618 0.040238 0.067705 0.424959
0.169271 0.344321 0.000010 0.055211 0.000010 0.030874 0.000010 0.400293
0.079787 0.213863 0.000010 0.071310 0.047578 0.009704 0.023915 0.553834
0.083513 0.138153 0.027764 0.049851 0.000010 0.016358 0.058016 0.626335
0.000010 0.000010 0.999930 0.000010 0.000010 0.000010 0.000010 0.000010
0.000010 0.000010 0.000010 0.000010 0.999930 0.000010 0.000010 0.000010
0.000018 0.000010 0.581922 0.000010 0.000010 0.418010 0.000010 0.000010
0.000010 0.000010 0.999930 0.000010 0.000010 0.000010 0.000010 0.000010
0.000010 0.000010 0.493575 0.000011 0.506363 0.000010 0.000010 0.000010
0.000010 0.436914 0.000010 0.000010 0.563026 0.000010 0.000010 0.000010
0.000010 0.000010 0.999930 0.000010 0.000010 0.000010 0.000010 0.000010
0.000010 0.000010 0.758602 0.000010 0.241338 0.000010 0.000010 0.000010
0.000010 0.000010 0.000010 0.000010 0.999930 0.000010 0.000010 0.000010
0.000010 0.567004 0.040410 0.066197 0.197287 0.000010 0.000010 0.129073
0.000010 0.000012 0.999928 0.000010 0.000010 0.000010 0.000010 0.000010
0.000010 0.000010 0.000010 0.000010 0.999930 0.000010 0.000010 0.000010
0.000010 0.000010 0.999930 0.000010 0.000010 0.000010 0.000010 0.000010
0.000010 0.532799 0.000010 0.000010 0.467141 0.000010 0.000010 0.000010
0.000010 0.000010 0.000010 0.999930 0.000010 0.000010 0.000010 0.000010
0.058474 0.024059 0.000010 0.043267 0.008576 0.088278 0.000010 0.777326
0.000010 0.004351 0.000010 0.028282 0.390412 0.576915 0.000010 0.000010
0.000010 0.000010 0.483648 0.000010 0.000010 0.516292 0.000010 0.000010
0.000010 0.489746 0.000010 0.000010 0.510194 0.000010 0.000010 0.000010
0.000010 0.023704 0.640752 0.024583 0.000010 0.126441 0.000010 0.184491
0.000010 0.689957 0.057687 0.000010 0.018781 0.000010 0.000010 0.233536
0.144839 0.074711 0.000010 0.021003 0.000010 0.079685 0.000010 0.679733
0.000010 0.000010 0.000010 0.000010 0.999930 0.000010 0.000010 0.000010
0.091679 0.353928 0.000010 0.000010 0.000010 0.082300 0.000010 0.472052
0.000010 0.000010 0.000010 0.000010 0.999930 0.000010 0.000010 0.000010
0.000010 0.005544 0.038633 0.000010 0.328875 0.000010 0.039826 0.587092
0.000010 0.000010 0.000010 0.000010 0.540543 0.459397 0.000010 0.000010
0.057797 0.345204 0.042405 0.027707 0.012555 0.015159 0.135523 0.363651
0.000010 0.850796 0.000010 0.030181 0.000010 0.118971 0.000012 0.000010
0.023564 0.337438 0.073167 0.065516 0.052869 0.025307 0.080272 0.341866
0.039175 0.092003 0.161556 0.000015 0.000010 0.016994 0.039102 0.651143
0.000010 0.999925 0.000010 0.000014 0.000010 0.000011 0.000010 0.000010
0.040634 0.457101 0.000010 0.180404 0.014047 0.029038 0.050363 0.228403
0.081190 0.476751 0.000010 0.153414 0.013139 0.000010 0.075017 0.200468
0.000010 0.943872 0.000010 0.000010 0.056068 0.000010 0.000010 0.000010
0.001719 0.827244 0.000010 0.106995 0.000010 0.064001 0.000010 0.000010
0.034014 0.561791 0.107142 0.000010 0.000010 0.000010 0.022660 0.274363
0.000010 0.788019 0.030438 0.000010 0.065143 0.081554 0.034815 0.000010
0.000010 0.924137 0.000010 0.000012 0.000010 0.075800 0.000010 0.000010
0.243589 0.186660 0.000010 0.371799 0.032321 0.018559 0.000010 0.147052
0.138903 0.228510 0.000010 0.114283 0.118922 0.095720 0.071983 0.231668
0.000010 0.000010 0.000010 0.000010 0.000010 0.000010 0.000010 0.999930
0.000010 0.000010 0.000010 0.999930 0.000010 0.000010 0.000010 0.000010
0.000010 0.000010 0.986772 0.000010 0.000010 0.000010 0.013167 0.000010
0.083125 0.066508 0.515104 0.014607 0.000010 0.000010 0.162583 0.158053
0.000010 0.000010 0.655605 0.243618 0.000010 0.000010 0.100728 0.000010
0.000010 0.000010 0.000010 0.000010 0.000010 0.000010 0.999930 0.000010
0.000010 0.000010 0.169314 0.000010 0.000012 0.000010 0.830624 0.000010
0.299417 0.000010 0.000011 0.012750 0.000010 0.072955 0.614837 0.000010
0.000010 0.000010 0.524378 0.000010 0.000010 0.000010 0.475562 0.000010
0.000010 0.000010 0.376278 0.000010 0.000012 0.000010 0.623660 0.000010
0.362190 0.074511 0.000010 0.003524 0.004949 0.165481 0.186349 0.202985
0.110829 0.000010 0.000010 0.000010 0.000010 0.000010 0.889111 0.000010
0.000010 0.000010 0.299972 0.000010 0.470576 0.000010 0.153204 0.076209
0.000010 0.000010 0.000012 0.000010 0.000010 0.000010 0.999928 0.000010
0.000011 0.000010 0.000010 0.000010 0.000012 0.000010 0.999928 0.000010
0.000010 0.055271 0.000010 0.029890 0.000010 0.000010 0.693288 0.221512
0.000010 0.000010 0.189782 0.000010 0.000010 0.000010 0.810157 0.000010
0.000010 0.000010 0.000010 0.000010 0.000010 0.000010 0.772625 0.227315
0.000010 0.000010 0.953983 0.000010 0.000012 0.000010 0.045955 0.000010
0.227184 0.000010 0.032176 0.026588 0.013685 0.000010 0.159113 0.541234
0.000010 0.000016 0.000018 0.999916 0.000010 0.000010 0.000010 0.000010
0.000012 0.689611 0.000016 0.072399 0.000010 0.152408 0.085534 0.000010
0.000010 0.000011 0.000018 0.999918 0.000010 0.000011 0.000012 0.000010
0.000010 0.000010 0.000010 0.999930 0.000010 0.000010 0.000010 0.000010
0.043326 0.074645 0.090714 0.000010 0.084989 0.052211 0.217479 0.436626
0.149370 0.000014 0.000010 0.000010 0.000010 0.000010 0.129863 0.720714
0.046465 0.000010 0.115397 0.000010 0.000010 0.000010 0.267792 0.570307
0.024193 0.032480 0.071820 0.000010 0.000010 0.000010 0.200701 0.670777
0.019161 0.000010 0.105670 0.000010 0.000010 0.000010 0.202124 0.673005
0.008931 0.140214 0.000010 0.102442 0.000010 0.236150 0.100650 0.411592
0.000010 0.012282 0.000010 0.047146 0.000010 0.000145 0.129141 0.811256
0.000016 0.674017 0.000014 0.158316 0.000010 0.039292 0.128325 0.000010
0.021149 0.251035 0.000010 0.105818 0.421938 0.011884 0.188157 0.000010
0.005565 0.706294 0.000010 0.154801 0.000010 0.000010 0.133301 0.000010
0.000010 0.003027 0.000010 0.015640 0.000010 0.087947 0.893346 0.000010
0.000010 0.288620 0.177443 0.074128 0.028066 0.041721 0.180174 0.209838
0.051728 0.308060 0.001407 0.040072 0.018076 0.062395 0.213647 0.304615
0.090622 0.279150 0.000010 0.064548 0.089399 0.010634 0.153933 0.311704
0.000010 0.031663 0.214954 0.070127 0.000010 0.018805 0.211128 0.453303
0.253206 0.092784 0.000010 0.564339 0.000010 0.008986 0.080655 0.000010
0.035429 0.189495 0.028613 0.071674 0.049357 0.046359 0.321258 0.257815
0.013897 0.121297 0.024668 0.000010 0.055266 0.102628 0.295267 0.386967
0.000010 0.000010 0.184912 0.000010 0.116993 0.251114 0.446941 0.000010
0.000010 0.000010 0.022954 0.000010 0.478947 0.144451 0.321276 0.032341
0.042986 0.118478 0.000010 0.121185 0.000010 0.130152 0.213275 0.373903
0.007428 0.151102 0.000010 0.011178 0.100122 0.267005 0.280444 0.182712
0.000010 0.000010 0.057666 0.451973 0.055345 0.000010 0.239435 0.195551
0.000010 0.127075 0.390326 0.242294 0.000010 0.004125 0.156278 0.079883
0.000015 0.000019 0.000010 0.000016 0.000015 0.999901 0.000013 0.000010
0.000011 0.000010 0.363853 0.000010 0.083040 0.000010 0.553056 0.000010
0.000010 0.163900 0.000010 0.000010 0.208221 0.569391 0.058449 0.000010
0.028158 0.086677 0.231617 0.000010 0.321669 0.000010 0.272078 0.059782
0.000010 0.000010 0.000010 0.000010 0.000010 0.000010 0.045516 0.954424
0.000016 0.482842 0.000010 0.464724 0.000010 0.000010 0.052378 0.000010
0.999930 0.000010 0.000010 0.000010 0.000010 0.000010 0.000010 0.000010
