0.000015 0.000013 0.298261 0.701678 0.000012 0.000011 0.000010
0.000010 0.000010 0.000010 0.688719 0.124748 0.186494 0.000010
0.000010 0.000010 0.329253 0.380691 0.010457 0.243838 0.035742
0.000010 0.000010 0.000010 0.000010 0.000010 0.000010 0.999940
0.000011 0.000010 0.460570 0.000010 0.026377 0.424891 0.088132
0.010076 0.000010 0.464583 0.016461 0.034878 0.389696 0.084296
0.000010 0.000010 0.089631 0.910319 0.000010 0.000010 0.000010
0.000010 0.000010 0.000010 0.000010 0.000010 0.000010 0.999940
0.000010 0.000010 0.999940 0.000010 0.000010 0.000010 0.000010
0.092077 0.000010 0.202629 0.220981 0.087228 0.323362 0.073714
0.000010 0.000010 0.000010 0.999940 0.000010 0.000010 0.000010
0.000010 0.000010 0.000010 0.999940 0.000010 0.000010 0.000010
0.000010 0.000010 0.000010 0.909101 0.090849 0.000010 0.000010
0.107659 0.113265 0.549349 0.139395 0.000010 0.001866 0.088455
0.000010 0.000010 0.193399 0.785712 0.000010 0.000010 0.020849
0.000010 0.000010 0.000014 0.999936 0.000010 0.000010 0.000010
0.000010 0.000010 0.000010 0.999940 0.000010 0.000010 0.000010
0.000010 0.000010 0.999940 0.000010 0.000010 0.000010 0.000010
0.000010 0.000010 0.373357 0.503438 0.021784 0.101391 0.000010
0.000012 0.000010 0.185315 0.814633 0.000010 0.000010 0.000010
0.000010 0.000010 0.000010 0.055322 0.021601 0.923037 0.000010
0.000010 0.000010 0.000010 0.000010 0.000010 0.999940 0.000010
0.000010 0.999940 0.000010 0.000010 0.000010 0.000010 0.000010
0.000010 0.005031 0.000010 0.185055 0.108587 0.701298 0.000010
0.000010 0.999940 0.000010 0.000010 0.000010 0.000010 0.000010
0.000010 0.999940 0.000010 0.000010 0.000010 0.000010 0.000010
0.000010 0.387567 0.000010 0.000010 0.000010 0.612383 0.000010
0.000010 0.042138 0.049899 0.183719 0.061999 0.638408 0.023827
0.000010 0.000010 0.000010 0.000010 0.000010 0.000010 0.999940
0.000010 0.023576 0.271487 0.111586 0.081508 0.481220 0.030613
0.144399 0.000010 0.126197 0.729364 0.000010 0.000010 0.000010
0.139404 0.000010 0.033497 0.370181 0.436161 0.020738 0.000010
0.125882 0.000010 0.095705 0.218834 0.007081 0.375677 0.176812
0.000010 0.000010 0.101848 0.000010 0.000010 0.876569 0.021543
0.000010 0.340036 0.000010 0.000010 0.000010 0.659914 0.000010
0.000010 0.000010 0.000010 0.000010 0.000010 0.000010 0.999940
0.000010 0.014886 0.121941 0.053752 0.000010 0.509915 0.299487
0.000010 0.193847 0.067804 0.088063 0.487815 0.000010 0.162450
0.270326 0.000010 0.027346 0.000010 0.000010 0.041050 0.661248
0.097491 0.269368 0.199505 0.048229 0.000010 0.000010 0.385387
0.000010 0.000010 0.263582 0.148931 0.000010 0.006078 0.581379
0.000010 0.000010 0.000010 0.000010 0.000010 0.440225 0.559725
0.000010 0.000010 0.154114 0.289048 0.000010 0.000010 0.556799
0.000010 0.000010 0.000010 0.000010 0.529730 0.000010 0.470220
0.000010 0.000010 0.000010 0.000010 0.000010 0.403243 0.596707
0.000010 0.414642 0.000010 0.000010 0.000010 0.000010 0.585308
0.000010 0.357839 0.000010 0.241981 0.018112 0.163860 0.218189
0.000010 0.006251 0.269632 0.208494 0.000010 0.509479 0.006124
0.000010 0.404294 0.000010 0.112674 0.049299 0.433703 0.000010
0.000010 0.321419 0.040259 0.301371 0.028878 0.070788 0.237275
0.000010 0.000010 0.000010 0.000010 0.000010 0.000010 0.999940
0.000010 0.000010 0.000010 0.000010 0.000010 0.000010 0.999940
0.000010 0.000010 0.181626 0.278978 0.090976 0.405684 0.042717
0.012270 0.000010 0.393900 0.493763 0.000010 0.100037 0.000010
0.012294 0.000010 0.000010 0.000010 0.000010 0.465803 0.521863
0.000010 0.000010 0.000010 0.020394 0.000010 0.419465 0.560101
0.000010 0.000010 0.000010 0.000010 0.999940 0.000010 0.000010
0.000010 0.000010 0.000010 0.000010 0.012856 0.316018 0.671086
0.059341 0.000010 0.609128 0.213640 0.000010 0.000010 0.117861
0.000010 0.000010 0.258751 0.141508 0.060506 0.501408 0.037807
0.000542 0.000010 0.451603 0.275057 0.023992 0.212296 0.036500
0.012637 0.676064 0.000010 0.169387 0.000010 0.141882 0.000010
0.063032 0.093785 0.174168 0.287212 0.000010 0.137266 0.244527
0.000013 0.000010 0.000016 0.048904 0.135108 0.815939 0.000010
0.000010 0.000010 0.000010 0.508316 0.148395 0.343249 0.000010
0.000010 0.000010 0.000010 0.000010 0.000010 0.999940 0.000010
0.000010 0.000010 0.000010 0.000010 0.999940 0.000010 0.000010
0.000010 0.000010 0.000010 0.000010 0.999940 0.000010 0.000010
0.000019 0.000010 0.047932 0.213130 0.000010 0.723400 0.015500
0.061243 0.036832 0.353641 0.000010 0.463211 0.027410 0.057654
0.000010 0.000010 0.000010 0.000010 0.018273 0.981677 0.000010
0.000010 0.000010 0.448860 0.000010 0.551090 0.000010 0.000010
0.000010 0.000010 0.245635 0.103405 0.000010 0.625737 0.025193
0.089867 0.000010 0.000010 0.000010 0.000010 0.552514 0.357579
0.000010 0.019277 0.604402 0.000010 0.023437 0.352854 0.000010
0.091787 0.000010 0.000014 0.000010 0.000010 0.908160 0.000010
0.118014 0.000010 0.000010 0.000010 0.379071 0.301145 0.201739
0.000010 0.000010 0.000010 0.000010 0.000010 0.999940 0.000010
0.000010 0.021870 0.126335 0.149822 0.242896 0.143965 0.315101
0.000010 0.048609 0.042449 0.615589 0.072830 0.181053 0.039461
0.000010 0.000010 0.000010 0.339829 0.020302 0.348434 0.291406
0.000010 0.000010 0.000010 0.000010 0.000010 0.999940 0.000010
0.000010 0.000016 0.525638 0.325646 0.000010 0.000010 0.148670
0.000010 0.000010 0.000010 0.268730 0.623309 0.107920 0.000010
0.017350 0.456631 0.000010 0.000010 0.000010 0.525980 0.000010
0.116795 0.526063 0.134458 0.097049 0.000010 0.125615 0.000010
0.000010 0.055392 0.240293 0.215671 0.000010 0.021070 0.467554
0.042411 0.483106 0.000010 0.000010 0.000010 0.474443 0.000010
0.108452 0.000010 0.000010 0.014191 0.103310 0.774017 0.000010
0.049602 0.000010 0.519438 0.241657 0.000010 0.128968 0.060315
0.000010 0.000010 0.000010 0.000010 0.000010 0.000010 0.999940
0.000010 0.000010 0.618929 0.243978 0.000010 0.016677 0.120386
0.000010 0.000010 0.000010 0.999940 0.000010 0.000010 0.000010
0.000010 0.000010 0.999940 0.000010 0.000010 0.000010 0.000010
0.000010 0.000010 0.000010 0.000010 0.999940 0.000010 0.000010
0.065517 0.233246 0.033902 0.282657 0.000010 0.384658 0.000010
0.000010 0.000010 0.000010 0.000010 0.999940 0.000010 0.000010
0.000010 0.000010 0.000010 0.999940 0.000010 0.000010 0.000010
0.001506 0.000010 0.000010 0.095784 0.184716 0.717965 0.000010
0.044249 0.409061 0.000010 0.000010 0.000010 0.546650 0.000010
0.000010 0.428248 0.000010 0.000010 0.571702 0.000010 0.000010
0.000010 0.435234 0.066122 0.029242 0.469372 0.000010 0.000010
0.056797 0.463250 0.000010 0.000010 0.000010 0.479912 0.000010
0.000010 0.499521 0.155228 0.276194 0.000010 0.069027 0.000010
0.036623 0.000012 0.275742 0.655761 0.031842 0.000010 0.000010
0.000010 0.560075 0.000010 0.000010 0.000010 0.000010 0.439875
0.042306 0.000010 0.422300 0.000010 0.000010 0.000010 0.535355
0.108538 0.144603 0.000010 0.000010 0.000010 0.393855 0.352974
0.000010 0.000010 0.000010 0.200079 0.021908 0.777973 0.000010
0.003028 0.000010 0.646093 0.224471 0.000010 0.126378 0.000010
0.000010 0.000010 0.999936 0.000014 0.000010 0.000010 0.000010
0.064451 0.428181 0.212029 0.000010 0.000599 0.259703 0.035027
0.068911 0.000010 0.000010 0.193166 0.000010 0.737883 0.000010
0.000010 0.019234 0.360483 0.402572 0.057685 0.000010 0.160006
0.000010 0.000010 0.119192 0.361375 0.000010 0.509678 0.009725
0.000010 0.000010 0.000010 0.000010 0.478022 0.521928 0.000010
0.000010 0.423089 0.000010 0.298898 0.106043 0.171941 0.000010
0.000010 0.000010 0.405321 0.496326 0.056996 0.041327 0.000010
0.028740 0.000010 0.000010 0.000010 0.000010 0.562375 0.408845
0.073272 0.000010 0.653148 0.000010 0.000010 0.273540 0.000010
0.000010 0.000010 0.455104 0.504068 0.010022 0.005396 0.025391
0.000010 0.565485 0.238772 0.167445 0.000010 0.000010 0.028268
0.008259 0.556655 0.255131 0.152591 0.000010 0.000010 0.027343
0.079179 0.004679 0.151756 0.764357 0.000010 0.000010 0.000010
0.011026 0.000010 0.175836 0.459741 0.048703 0.304675 0.000010
0.000010 0.027597 0.259699 0.515138 0.038536 0.159009 0.000010
0.035666 0.000010 0.360976 0.398645 0.021686 0.151121 0.031895
0.000010 0.000010 0.000010 0.000010 0.000010 0.000010 0.999940
0.000010 0.999940 0.000010 0.000010 0.000010 0.000010 0.000010
0.007782 0.000010 0.000010 0.000010 0.000010 0.428556 0.563622
0.123419 0.000010 0.000010 0.000010 0.000010 0.000010 0.876531
0.000010 0.470393 0.000010 0.000010 0.000010 0.000010 0.529557
0.000010 0.603990 0.000010 0.000010 0.000010 0.395960 0.000010
0.000010 0.000014 0.000010 0.000016 0.000011 0.000010 0.999929
0.000010 0.281057 0.000010 0.000010 0.000010 0.000010 0.718893
0.000010 0.999940 0.000010 0.000010 0.000010 0.000010 0.000010
0.000010 0.215550 0.156708 0.095222 0.031549 0.486767 0.014193
0.000010 0.000010 0.000010 0.000010 0.000010 0.000010 0.999940
0.000010 0.999940 0.000010 0.000010 0.000010 0.000010 0.000010
0.000010 0.000010 0.000010 0.000010 0.000010 0.000010 0.999940
0.000010 0.527071 0.000010 0.000010 0.000010 0.472879 0.000010
0.000010 0.000010 0.000010 0.000010 0.999940 0.000010 0.000010
0.106213 0.000010 0.272650 0.621097 0.000010 0.000010 0.000010
0.051894 0.380732 0.000010 0.000010 0.000010 0.567334 0.000010
0.000010 0.000010 0.000010 0.000010 0.000010 0.498579 0.501371
0.000010 0.503699 0.000015 0.000010 0.000010 0.496246 0.000010
0.000010 0.000010 0.000010 0.418899 0.000010 0.000010 0.581051
0.000010 0.067729 0.247704 0.000010 0.000010 0.659006 0.025531
0.000015 0.000010 0.278850 0.627721 0.000012 0.093382 0.000010
0.000010 0.999940 0.000010 0.000010 0.000010 0.000010 0.000010
0.000010 0.000010 0.198255 0.446362 0.000010 0.355343 0.000010
0.000010 0.999940 0.000010 0.000010 0.000010 0.000010 0.000010
0.000010 0.333403 0.666547 0.000010 0.000010 0.000010 0.000010
0.000010 0.497262 0.000010 0.000010 0.000010 0.502688 0.000010
0.080918 0.001142 0.409851 0.117189 0.020011 0.326525 0.044364
0.217483 0.000010 0.000010 0.000010 0.000010 0.782467 0.000010
0.291465 0.002697 0.341667 0.000010 0.027590 0.304539 0.032033
0.000010 0.000010 0.628489 0.212407 0.000010 0.016390 0.142685
0.000010 0.000010 0.000010 0.000010 0.000010 0.999940 0.000010
0.064230 0.011306 0.152918 0.198801 0.080581 0.487406 0.004758
0.033243 0.005468 0.130272 0.243202 0.086839 0.482113 0.018863
0.000010 0.150463 0.000010 0.000015 0.000010 0.849482 0.000010
0.000010 0.000010 0.000010 0.110864 0.136728 0.752369 0.000010
0.000010 0.000010 0.314987 0.086842 0.000010 0.554223 0.043918
0.167390 0.051121 0.009677 0.000010 0.000010 0.771783 0.000010
0.114932 0.000010 0.000010 0.000010 0.000010 0.885018 0.000010
0.114674 0.000010 0.015507 0.357159 0.282591 0.230049 0.000010
0.000010 0.055330 0.096835 0.456613 0.061176 0.307835 0.022201
0.000010 0.000010 0.999940 0.000010 0.000010 0.000010 0.000010
0.592163 0.000010 0.000010 0.000010 0.407787 0.000010 0.000010
0.560496 0.000010 0.000010 0.000010 0.000010 0.000010 0.439454
0.805015 0.000010 0.000014 0.000010 0.000010 0.000010 0.194931
0.711426 0.000010 0.000010 0.000010 0.028108 0.000010 0.260427
0.972351 0.000010 0.000010 0.000010 0.000010 0.000010 0.027599
0.894377 0.000010 0.000010 0.000010 0.000010 0.000010 0.105573
0.911815 0.000010 0.000010 0.088135 0.000010 0.000010 0.000010
0.755849 0.000010 0.000010 0.000010 0.000010 0.000010 0.244101
0.796581 0.000010 0.000010 0.000010 0.000010 0.000010 0.203369
0.827821 0.000010 0.000010 0.172129 0.000010 0.000010 0.000010
0.960775 0.000010 0.000010 0.039175 0.000010 0.000010 0.000010
0.771666 0.172588 0.000010 0.000010 0.000010 0.000010 0.055706
0.961148 0.000010 0.038802 0.000010 0.000010 0.000010 0.000010
0.954818 0.000010 0.045132 0.000010 0.000010 0.000010 0.000010
0.921145 0.000010 0.078805 0.000010 0.000010 0.000010 0.000010
0.886822 0.000010 0.000010 0.000010 0.000010 0.000010 0.113128
0.982977 0.000010 0.016973 0.000010 0.000010 0.000010 0.000010
0.588030 0.000010 0.000010 0.000010 0.000010 0.000010 0.411920
0.807385 0.000010 0.000010 0.192565 0.000010 0.000010 0.000010
0.534273 0.000010 0.000010 0.000010 0.465673 0.000014 0.000010
0.828419 0.000010 0.000010 0.000010 0.000010 0.171531 0.000010
0.592751 0.000010 0.000010 0.000010 0.407199 0.000010 0.000010
0.555918 0.000010 0.000010 0.000010 0.444032 0.000010 0.000010
0.831438 0.000010 0.168512 0.000010 0.000010 0.000010 0.000010
0.695816 0.000010 0.000010 0.304134 0.000010 0.000010 0.000010
0.827122 0.000010 0.172828 0.000010 0.000010 0.000010 0.000010
0.829242 0.000010 0.170708 0.000010 0.000010 0.000010 0.000010
0.818113 0.000010 0.181837 0.000010 0.000010 0.000010 0.000010
0.859414 0.000010 0.000010 0.091252 0.000010 0.049295 0.000010
0.801865 0.000010 0.198085 0.000010 0.000010 0.000010 0.000010
0.767554 0.000010 0.000010 0.000010 0.000010 0.232396 0.000010
0.802639 0.197311 0.000010 0.000010 0.000010 0.000010 0.000010
0.783477 0.000010 0.000010 0.000010 0.000010 0.216473 0.000010
0.940648 0.000010 0.000010 0.000010 0.000010 0.000010 0.059302
0.863640 0.000010 0.026182 0.000010 0.000010 0.092416 0.017733
0.854424 0.000010 0.000010 0.000010 0.000010 0.145526 0.000010
0.820205 0.012009 0.000010 0.109796 0.000010 0.057960 0.000010
0.790683 0.000010 0.209267 0.000010 0.000010 0.000010 0.000010
0.753591 0.000010 0.000010 0.000010 0.246359 0.000010 0.000010
0.868411 0.015083 0.050871 0.000010 0.000010 0.065606 0.000010
0.876024 0.000010 0.123926 0.000010 0.000010 0.000010 0.000010
0.914788 0.036140 0.000010 0.000010 0.000010 0.000010 0.049032
0.822328 0.177622 0.000010 0.000010 0.000010 0.000010 0.000010
0.876155 0.000010 0.102634 0.000010 0.009027 0.012154 0.000010
0.870082 0.011248 0.000010 0.000010 0.000010 0.118630 0.000010
0.794051 0.000010 0.016555 0.000010 0.189354 0.000010 0.000010
0.891640 0.000010 0.000010 0.000010 0.045762 0.000010 0.062559
0.698414 0.000010 0.000010 0.000010 0.000010 0.301536 0.000010
0.874211 0.000019 0.000010 0.000010 0.000010 0.000010 0.125730
0.737037 0.035979 0.000010 0.000010 0.000010 0.226944 0.000010
0.823159 0.098448 0.000010 0.000010 0.000010 0.000010 0.078353
0.398310 0.000010 0.601640 0.000010 0.000010 0.000010 0.000010
0.748581 0.000010 0.000010 0.000010 0.184036 0.067343 0.000010
0.799855 0.000010 0.000010 0.200095 0.000010 0.000010 0.000010
