0.029183 0.026469 0.013068 0.013170 0.163090 0.001091 0.000010 0.004859 0.733149 0.015911
0.296938 0.101487 0.000010 0.000010 0.000010 0.054857 0.000010 0.129093 0.417575 0.000010
0.280104 0.000010 0.013730 0.000010 0.204847 0.002218 0.049392 0.019983 0.429697 0.000010
0.000010 0.000010 0.000010 0.000010 0.000011 0.000010 0.999909 0.000010 0.000010 0.000010
0.323891 0.107751 0.045779 0.000010 0.483700 0.000010 0.038830 0.000010 0.000010 0.000010
0.323000 0.105941 0.048323 0.000010 0.484583 0.000010 0.038103 0.000010 0.000010 0.000010
0.103527 0.000010 0.031463 0.056671 0.095715 0.045601 0.028481 0.007546 0.630975 0.000010
0.000010 0.000010 0.000010 0.000010 0.000014 0.000010 0.999906 0.000010 0.000010 0.000010
0.000010 0.021465 0.000010 0.000010 0.978455 0.000010 0.000010 0.000010 0.000010 0.000010
0.367804 0.057260 0.028510 0.001437 0.165987 0.065674 0.063325 0.097520 0.152472 0.000010
0.187426 0.130695 0.000010 0.000010 0.000010 0.000010 0.000010 0.022227 0.659592 0.000010
0.127854 0.148631 0.000010 0.000010 0.000010 0.000010 0.000010 0.063547 0.659907 0.000010
0.107831 0.000010 0.000010 0.000010 0.000010 0.089466 0.000010 0.136310 0.626832 0.039511
0.000010 0.000010 0.000010 0.000010 0.724951 0.011278 0.075264 0.000010 0.064812 0.123645
0.000010 0.000010 0.000010 0.000087 0.360879 0.000010 0.033207 0.017914 0.534322 0.053551
0.144616 0.125961 0.000010 0.000010 0.000010 0.000010 0.000010 0.067120 0.662243 0.000010
0.145752 0.124003 0.000010 0.000010 0.000010 0.000011 0.000010 0.067629 0.662555 0.000010
0.000010 0.000010 0.000010 0.000010 0.999910 0.000010 0.000010 0.000010 0.000010 0.000010
0.178402 0.000010 0.000010 0.026239 0.260170 0.003525 0.000010 0.039022 0.490945 0.001667
0.000010 0.000010 0.000010 0.000010 0.237685 0.000010 0.000010 0.000010 0.762235 0.000010
0.059522 0.015405 0.000010 0.000010 0.000010 0.831373 0.000010 0.093640 0.000010 0.000010
0.000010 0.999910 0.000010 0.000010 0.000010 0.000010 0.000010 0.000010 0.000010 0.000010
0.000010 0.000010 0.000010 0.000010 0.000010 0.000010 0.000010 0.000010 0.000010 0.999910
0.789683 0.210237 0.000010 0.000010 0.000010 0.000010 0.000010 0.000010 0.000010 0.000010
0.000010 0.000010 0.000010 0.804575 0.000010 0.000010 0.000010 0.000010 0.000010 0.195345
0.000010 0.000017 0.000010 0.805326 0.000010 0.000010 0.000010 0.000010 0.000010 0.194586
0.000010 0.771511 0.000010 0.000010 0.000010 0.000010 0.000010 0.000010 0.000010 0.228409
0.314415 0.279815 0.021874 0.047234 0.094892 0.100815 0.038149 0.065771 0.030221 0.006813
0.000010 0.000010 0.000013 0.000010 0.000010 0.000010 0.999907 0.000010 0.000010 0.000010
0.417495 0.077250 0.028003 0.000010 0.245538 0.064351 0.035525 0.069023 0.004355 0.058451
0.106646 0.000010 0.070625 0.062993 0.065621 0.036857 0.011193 0.010655 0.635389 0.000010
0.042364 0.012465 0.011552 0.021536 0.012203 0.016225 0.000010 0.525647 0.357988 0.000010
0.335639 0.134553 0.000010 0.072083 0.000010 0.000011 0.169778 0.000010 0.287896 0.000010
0.000010 0.481069 0.000010 0.000010 0.135696 0.383165 0.000010 0.000010 0.000010 0.000010
0.000010 0.773780 0.000010 0.226140 0.000010 0.000010 0.000010 0.000010 0.000010 0.000010
0.000010 0.000010 0.000020 0.000010 0.000010 0.000010 0.999891 0.000020 0.000010 0.000010
0.075986 0.405429 0.091655 0.000010 0.073739 0.067499 0.285653 0.000010 0.000010 0.000010
0.000010 0.000010 0.000010 0.000010 0.066152 0.000010 0.164566 0.495812 0.061816 0.211605
0.149009 0.015316 0.000010 0.000012 0.065909 0.000010 0.760062 0.009653 0.000010 0.000010
0.000010 0.000010 0.086216 0.132267 0.123119 0.000010 0.387467 0.000010 0.106807 0.164084
0.073414 0.011774 0.000010 0.000010 0.295668 0.000012 0.545040 0.000010 0.074053 0.000010
0.000010 0.000010 0.000010 0.000010 0.000010 0.436750 0.563170 0.000010 0.000010 0.000010
0.000010 0.000010 0.000010 0.000010 0.000010 0.000010 0.570208 0.000010 0.429712 0.000010
0.000010 0.000010 0.000010 0.000010 0.000010 0.000010 0.478454 0.521463 0.000013 0.000010
0.377888 0.041917 0.000010 0.000010 0.000010 0.000010 0.580125 0.000010 0.000010 0.000010
0.000010 0.000010 0.000010 0.299502 0.000010 0.000010 0.563865 0.000010 0.000010 0.136563
0.042643 0.000010 0.015480 0.088604 0.000010 0.144941 0.256170 0.073417 0.083235 0.295490
0.396788 0.139034 0.000010 0.008656 0.373022 0.077768 0.004692 0.000010 0.000010 0.000010
0.486987 0.064506 0.000010 0.448436 0.000010 0.000011 0.000010 0.000010 0.000010 0.000010
0.199713 0.066059 0.012502 0.392412 0.076800 0.000010 0.247246 0.005238 0.000010 0.000010
0.000010 0.000018 0.000012 0.000010 0.000010 0.000010 0.999900 0.000010 0.000010 0.000010
0.000010 0.000017 0.000010 0.000010 0.000010 0.000010 0.999903 0.000010 0.000010 0.000010
0.441036 0.080250 0.000010 0.092385 0.169075 0.016755 0.051849 0.064848 0.083782 0.000010
0.186728 0.000010 0.000010 0.000010 0.023537 0.000010 0.000010 0.000010 0.789664 0.000010
0.000010 0.000010 0.000010 0.000010 0.000010 0.459230 0.540690 0.000010 0.000010 0.000010
0.475679 0.033077 0.000010 0.000010 0.000010 0.000010 0.491174 0.000010 0.000010 0.000010
0.000010 0.000010 0.000010 0.000010 0.000010 0.000010 0.000010 0.999910 0.000010 0.000010
0.339760 0.032014 0.000010 0.015887 0.000010 0.000016 0.611795 0.000488 0.000010 0.000010
0.000010 0.000010 0.039280 0.000010 0.648627 0.000010 0.098704 0.000010 0.213328 0.000010
0.458996 0.072107 0.000010 0.084393 0.269754 0.022591 0.030085 0.035081 0.026973 0.000010
0.012294 0.086478 0.000010 0.000010 0.478861 0.091907 0.043476 0.034312 0.237500 0.015151
0.090533 0.000010 0.000010 0.000010 0.000010 0.042564 0.000010 0.000010 0.080392 0.786452
0.000010 0.000010 0.848126 0.000010 0.000010 0.125248 0.025207 0.000010 0.000010 0.001359
0.999910 0.000010 0.000010 0.000010 0.000010 0.000010 0.000010 0.000010 0.000010 0.000010
0.240766 0.132357 0.000010 0.000010 0.000010 0.114572 0.000010 0.161682 0.306585 0.043997
0.000010 0.999910 0.000010 0.000010 0.000010 0.000010 0.000010 0.000010 0.000010 0.000010
0.000010 0.000011 0.000010 0.000010 0.000012 0.000017 0.000011 0.999899 0.000010 0.000010
0.000015 0.000018 0.000010 0.000013 0.000012 0.000016 0.000015 0.999881 0.000010 0.000010
0.000012 0.000010 0.000016 0.086320 0.083271 0.736578 0.013550 0.016755 0.063479 0.000010
0.000010 0.000010 0.036664 0.000010 0.316063 0.000010 0.068103 0.543208 0.000010 0.035912
0.700677 0.040741 0.000010 0.000010 0.000010 0.258512 0.000010 0.000010 0.000010 0.000010
0.000010 0.000010 0.000010 0.000010 0.473421 0.000010 0.000010 0.526499 0.000010 0.000010
0.069347 0.646092 0.000010 0.000010 0.284491 0.000010 0.000010 0.000010 0.000010 0.000010
0.000010 0.000010 0.000010 0.000010 0.000010 0.577327 0.422593 0.000010 0.000010 0.000010
0.203137 0.123197 0.000010 0.000010 0.593020 0.006505 0.000010 0.004061 0.000010 0.070040
0.248197 0.490098 0.000010 0.000010 0.000010 0.261634 0.000010 0.000010 0.000010 0.000010
0.191292 0.000010 0.000010 0.000010 0.000010 0.143293 0.231143 0.434213 0.000010 0.000010
0.378076 0.146642 0.000010 0.000010 0.000010 0.475210 0.000010 0.000010 0.000012 0.000010
0.164319 0.090098 0.005405 0.000010 0.143017 0.000010 0.355328 0.208513 0.000010 0.033289
0.410790 0.000010 0.000010 0.154170 0.023787 0.000018 0.055208 0.032431 0.323565 0.000010
0.118250 0.000010 0.000010 0.000010 0.000010 0.292214 0.292281 0.044474 0.201187 0.051555
0.000010 0.000010 0.000010 0.000010 0.000010 0.999910 0.000010 0.000010 0.000010 0.000010
0.054834 0.000010 0.000010 0.000012 0.740390 0.000010 0.155517 0.000010 0.049197 0.000010
0.188060 0.016411 0.000010 0.055677 0.000010 0.000010 0.003822 0.613458 0.122532 0.000010
0.000012 0.000010 0.000010 0.000010 0.000010 0.525129 0.000010 0.000010 0.000010 0.474789
0.176896 0.000010 0.000010 0.741807 0.042011 0.032030 0.000010 0.000010 0.000010 0.007207
0.000010 0.000010 0.548669 0.020798 0.067711 0.000010 0.362762 0.000010 0.000010 0.000010
0.000010 0.533924 0.000010 0.000010 0.000010 0.000010 0.000010 0.000010 0.000010 0.465996
0.999910 0.000010 0.000010 0.000010 0.000010 0.000010 0.000010 0.000010 0.000010 0.000010
0.130542 0.035570 0.000010 0.020445 0.514459 0.000332 0.017971 0.000014 0.280646 0.000010
0.000010 0.000010 0.000010 0.000010 0.038624 0.000010 0.961296 0.000010 0.000010 0.000010
0.033093 0.000010 0.068534 0.024912 0.725398 0.000014 0.076691 0.000010 0.071327 0.000010
0.022263 0.054230 0.028433 0.116272 0.059690 0.007265 0.000010 0.000012 0.711816 0.000010
0.000010 0.000010 0.000010 0.000010 0.999910 0.000010 0.000010 0.000010 0.000010 0.000010
0.000010 0.000010 0.000010 0.000010 0.000010 0.000010 0.000010 0.999910 0.000010 0.000010
0.000010 0.375681 0.000010 0.311188 0.000010 0.000010 0.000010 0.000010 0.313061 0.000010
0.000010 0.000010 0.000010 0.000010 0.000010 0.000010 0.000010 0.999910 0.000010 0.000010
0.089970 0.034081 0.033027 0.031344 0.034428 0.000010 0.000010 0.015757 0.761363 0.000010
0.999910 0.000010 0.000010 0.000010 0.000010 0.000010 0.000010 0.000010 0.000010 0.000010
0.000010 0.000010 0.000010 0.296150 0.000010 0.496757 0.000010 0.000010 0.000010 0.207024
0.000010 0.000010 0.000010 0.313691 0.000010 0.000010 0.000010 0.556599 0.000010 0.129640
0.000010 0.032296 0.000010 0.378516 0.071313 0.000010 0.000010 0.419829 0.030408 0.067599
0.000010 0.000010 0.000010 0.247242 0.000010 0.454098 0.000010 0.000010 0.000010 0.298591
0.100413 0.000010 0.031944 0.709933 0.053656 0.000010 0.000010 0.000010 0.104004 0.000010
0.028111 0.000010 0.024701 0.000010 0.000010 0.000010 0.000010 0.085905 0.861223 0.000010
0.000010 0.000010 0.000010 0.339485 0.000010 0.000010 0.442217 0.000016 0.000010 0.218222
0.009491 0.000010 0.000010 0.000010 0.426525 0.000010 0.563913 0.000010 0.000010 0.000010
0.078538 0.144169 0.000010 0.159558 0.000010 0.170537 0.409085 0.000010 0.000010 0.038073
0.084858 0.074079 0.025201 0.000010 0.000010 0.674190 0.000010 0.088284 0.053348 0.000010
0.147442 0.003565 0.000010 0.000010 0.551011 0.027888 0.000010 0.000010 0.270045 0.000010
0.000010 0.000010 0.000010 0.000010 0.765814 0.000010 0.000010 0.000010 0.234106 0.000010
0.057609 0.140702 0.000010 0.261860 0.233328 0.016555 0.055256 0.028425 0.000010 0.206245
0.082918 0.000010 0.000010 0.000010 0.000010 0.740063 0.000010 0.033791 0.143168 0.000010
0.075840 0.015079 0.047553 0.045850 0.462986 0.000010 0.149566 0.057678 0.145427 0.000010
0.447879 0.092322 0.000010 0.020479 0.067651 0.100409 0.020240 0.000019 0.250981 0.000010
0.000014 0.517804 0.000010 0.000010 0.000012 0.000010 0.000010 0.482110 0.000010 0.000010
0.191962 0.026313 0.000010 0.000010 0.000010 0.059249 0.000010 0.132489 0.157812 0.432135
0.081936 0.001621 0.000010 0.000010 0.423073 0.056244 0.004961 0.068624 0.321591 0.041930
0.000014 0.000010 0.000010 0.000010 0.000010 0.652956 0.346960 0.000010 0.000010 0.000010
0.114105 0.156368 0.000010 0.000010 0.700529 0.028937 0.000010 0.000010 0.000010 0.000010
0.074838 0.000010 0.015501 0.000010 0.305834 0.018026 0.004371 0.025516 0.494177 0.061716
0.000010 0.096714 0.000010 0.533759 0.247031 0.000010 0.000013 0.000010 0.000010 0.122432
0.000013 0.094186 0.000010 0.536838 0.247514 0.000010 0.000014 0.000010 0.000010 0.121395
0.057149 0.006624 0.060747 0.031220 0.122588 0.024677 0.000010 0.019046 0.660346 0.017593
0.438976 0.024849 0.000010 0.000010 0.113620 0.000807 0.000010 0.016110 0.405597 0.000010
0.206862 0.029225 0.003306 0.068078 0.157267 0.000010 0.000010 0.045121 0.465776 0.024345
0.138720 0.009878 0.000010 0.040090 0.387678 0.019505 0.001946 0.009591 0.392572 0.000010
0.000010 0.000010 0.000016 0.000010 0.000019 0.000010 0.999896 0.000010 0.000010 0.000010
0.000010 0.000010 0.000011 0.469975 0.000010 0.000010 0.000010 0.000010 0.000010 0.529945
0.000010 0.000010 0.000010 0.000010 0.000010 0.437457 0.562463 0.000010 0.000010 0.000010
0.000010 0.000010 0.000010 0.000010 0.000010 0.000010 0.999910 0.000010 0.000010 0.000010
0.000010 0.000010 0.000010 0.558165 0.000010 0.000010 0.441755 0.000010 0.000010 0.000010
0.442216 0.000010 0.000010 0.000010 0.000010 0.000010 0.000010 0.000010 0.000010 0.557704
0.000010 0.000010 0.000010 0.000010 0.000010 0.000010 0.999910 0.000010 0.000010 0.000010
0.000010 0.000010 0.000010 0.297741 0.000010 0.000010 0.702179 0.000010 0.000010 0.000010
0.000010 0.000010 0.000010 0.511695 0.000010 0.000012 0.000010 0.000018 0.000010 0.488215
0.523611 0.020691 0.000010 0.326368 0.112409 0.000010 0.016871 0.000010 0.000010 0.000010
0.000010 0.000010 0.000010 0.000010 0.000016 0.000010 0.999904 0.000010 0.000010 0.000010
0.000010 0.000010 0.000011 0.000010 0.000010 0.000010 0.000010 0.000010 0.000010 0.999908
0.000010 0.000010 0.000010 0.000010 0.000010 0.000010 0.999910 0.000010 0.000010 0.000010
0.501858 0.000010 0.000010 0.000010 0.000010 0.000010 0.000010 0.000010 0.000010 0.498062
0.000011 0.000010 0.000010 0.000010 0.000010 0.000010 0.000010 0.999909 0.000010 0.000010
0.018552 0.000010 0.000010 0.000010 0.000010 0.000010 0.000010 0.033218 0.948160 0.000010
0.000010 0.000010 0.000010 0.439958 0.000010 0.559962 0.000010 0.000010 0.000010 0.000010
0.000010 0.000010 0.000010 0.000010 0.000010 0.499475 0.500445 0.000010 0.000010 0.000010
0.000010 0.527261 0.000010 0.000010 0.000010 0.000010 0.000010 0.000010 0.000010 0.472659
0.060934 0.022905 0.000010 0.000010 0.000010 0.052749 0.626590 0.011354 0.225428 0.000010
0.000010 0.674420 0.000010 0.000010 0.325498 0.000010 0.000012 0.000010 0.000010 0.000010
0.042219 0.067622 0.000010 0.000010 0.000010 0.039004 0.000010 0.000016 0.851088 0.000010
0.000010 0.000010 0.000010 0.000010 0.000010 0.000010 0.000010 0.000010 0.000010 0.999910
0.177908 0.191475 0.000010 0.000010 0.000010 0.019934 0.000010 0.000010 0.610623 0.000010
0.000010 0.000010 0.000014 0.470771 0.000010 0.000010 0.000010 0.000010 0.000010 0.529145
0.000010 0.000017 0.000010 0.373870 0.626043 0.000010 0.000010 0.000010 0.000010 0.000010
0.000010 0.000010 0.000010 0.217208 0.000010 0.489885 0.000010 0.000010 0.000010 0.292838
0.376008 0.000010 0.101995 0.049385 0.374930 0.000012 0.018072 0.004885 0.074694 0.000010
0.999910 0.000010 0.000010 0.000010 0.000010 0.000010 0.000010 0.000010 0.000010 0.000010
0.320456 0.000010 0.019746 0.092297 0.382717 0.034158 0.043378 0.061723 0.045505 0.000010
0.065474 0.000010 0.047181 0.000010 0.758992 0.000010 0.124370 0.000010 0.003933 0.000010
0.379341 0.620574 0.000010 0.000010 0.000010 0.000015 0.000010 0.000010 0.000010 0.000010
0.488524 0.062057 0.054511 0.105814 0.049235 0.000010 0.004114 0.090619 0.145106 0.000010
0.447360 0.093433 0.066004 0.000010 0.048596 0.000010 0.000010 0.106969 0.185932 0.051676
0.000010 0.999910 0.000010 0.000010 0.000010 0.000010 0.000010 0.000010 0.000010 0.000010
0.999908 0.000010 0.000010 0.000010 0.000010 0.000012 0.000010 0.000010 0.000010 0.000010
0.000010 0.537982 0.004905 0.000010 0.412214 0.000010 0.044840 0.000010 0.000010 0.000010
0.100639 0.712041 0.067170 0.000010 0.000010 0.101806 0.000010 0.000010 0.000010 0.018294
0.999910 0.000010 0.000010 0.000010 0.000010 0.000010 0.000010 0.000010 0.000010 0.000010
0.225957 0.043802 0.000010 0.035034 0.001379 0.022410 0.021520 0.360626 0.272038 0.017223
0.309639 0.076046 0.066027 0.000010 0.068297 0.072110 0.000010 0.070213 0.263309 0.074339
0.000010 0.000010 0.000010 0.000010 0.652678 0.000010 0.000010 0.000010 0.347242 0.000010
0.000010 0.000010 0.000010 0.000010 0.000010 0.000010 0.000010 0.999910 0.000010 0.000010
0.000010 0.000010 0.000010 0.000010 0.000010 0.000010 0.999910 0.000010 0.000010 0.000010
0.096680 0.044516 0.062043 0.000010 0.236841 0.000010 0.498079 0.011788 0.050024 0.000010
0.000010 0.000010 0.049799 0.000010 0.000010 0.000010 0.700198 0.249933 0.000010 0.000010
0.000010 0.000010 0.999910 0.000010 0.000010 0.000010 0.000010 0.000010 0.000010 0.000010
0.000010 0.000010 0.829934 0.000019 0.000010 0.000010 0.169972 0.000010 0.000015 0.000010
0.088610 0.000010 0.594499 0.002405 0.000010 0.072574 0.000010 0.018965 0.222907 0.000010
0.000010 0.000010 0.456835 0.000010 0.000010 0.000010 0.543085 0.000010 0.000010 0.000010
0.000019 0.000010 0.610968 0.000010 0.000010 0.000010 0.388943 0.000010 0.000010 0.000010
0.000010 0.141985 0.097814 0.000010 0.055351 0.108809 0.000010 0.039509 0.513002 0.043501
0.000010 0.000010 0.992711 0.000010 0.000010 0.000010 0.000010 0.007209 0.000010 0.000010
0.000010 0.000010 0.058054 0.264227 0.075959 0.005205 0.332990 0.000010 0.014070 0.249465
0.000010 0.000010 0.999906 0.000010 0.000010 0.000010 0.000014 0.000010 0.000010 0.000010
0.000010 0.000010 0.999910 0.000010 0.000010 0.000010 0.000010 0.000010 0.000010 0.000010
0.082551 0.000010 0.720387 0.000010 0.124893 0.000010 0.000010 0.000010 0.072109 0.000010
0.000010 0.000010 0.832372 0.000010 0.000010 0.000010 0.167548 0.000010 0.000010 0.000010
0.000014 0.000010 0.759431 0.000010 0.000010 0.000010 0.000010 0.000010 0.240485 0.000010
0.000010 0.000010 0.000010 0.000010 0.000010 0.000010 0.999910 0.000010 0.000010 0.000010
0.000010 0.000010 0.082157 0.000015 0.349397 0.000010 0.011437 0.014123 0.513060 0.029781
0.000010 0.000010 0.000010 0.000010 0.000010 0.000010 0.000010 0.999910 0.000010 0.000010
0.686670 0.239790 0.000010 0.000011 0.000011 0.065130 0.000010 0.008349 0.000010 0.000010
0.000011 0.000010 0.000010 0.000010 0.000010 0.000010 0.000010 0.999909 0.000010 0.000010
0.000010 0.000010 0.000010 0.000010 0.000010 0.000010 0.000010 0.999910 0.000010 0.000010
0.046465 0.024065 0.088364 0.034838 0.538310 0.027152 0.079498 0.000010 0.100593 0.060704
0.000010 0.000010 0.002609 0.000010 0.236737 0.000018 0.000010 0.000010 0.760576 0.000010
0.000010 0.000010 0.165709 0.000010 0.696905 0.000010 0.059341 0.000010 0.077985 0.000010
0.000010 0.000010 0.110400 0.000010 0.653889 0.000010 0.035590 0.000010 0.200061 0.000010
0.000010 0.000010 0.075405 0.000010 0.679197 0.000010 0.071471 0.000010 0.173867 0.000010
0.240022 0.037522 0.006523 0.000010 0.000010 0.102701 0.000010 0.063233 0.549959 0.000010
0.000010 0.000010 0.000010 0.000010 0.769900 0.033195 0.000010 0.004408 0.149066 0.043381
0.718271 0.205407 0.023243 0.000010 0.000010 0.000017 0.000017 0.053005 0.000010 0.000010
0.242562 0.106401 0.035554 0.334741 0.000010 0.000010 0.000010 0.066210 0.028743 0.185759
0.443797 0.381676 0.020336 0.030505 0.000010 0.004153 0.000012 0.119490 0.000010 0.000010
0.007181 0.018681 0.875324 0.000010 0.000010 0.073045 0.000010 0.000010 0.000010 0.025720
0.257530 0.098479 0.071058 0.101563 0.228890 0.044948 0.160617 0.027010 0.009895 0.000010
0.133863 0.140286 0.058456 0.000010 0.178102 0.055208 0.019348 0.052170 0.307573 0.054985
0.149994 0.192805 0.041866 0.130841 0.008614 0.000010 0.000010 0.060798 0.415051 0.000010
0.000010 0.001813 0.109989 0.063669 0.545831 0.047614 0.183491 0.047563 0.000010 0.000010
0.099671 0.102904 0.030302 0.000010 0.000010 0.001300 0.000010 0.581662 0.181820 0.002310
0.115261 0.101219 0.188126 0.082854 0.217405 0.072070 0.011242 0.049096 0.138113 0.024614
0.038846 0.036988 0.217903 0.050001 0.361856 0.089940 0.009678 0.000010 0.171971 0.022807
0.000010 0.000010 0.417419 0.039583 0.000010 0.232388 0.208607 0.000010 0.000010 0.101952
0.000010 0.000010 0.261750 0.311121 0.051791 0.128783 0.029619 0.000010 0.005705 0.211201
0.284306 0.000010 0.113358 0.000010 0.278763 0.088432 0.000010 0.079344 0.115055 0.040712
0.160654 0.021669 0.213942 0.072731 0.114703 0.237105 0.000010 0.007238 0.116381 0.055569
0.000010 0.000010 0.124765 0.000010 0.280430 0.000010 0.054387 0.514116 0.000010 0.026252
0.122434 0.063874 0.033296 0.000010 0.178389 0.011275 0.362164 0.219217 0.000010 0.009331
0.000010 0.000010 0.000010 0.000010 0.000010 0.999910 0.000010 0.000010 0.000010 0.000010
0.000013 0.000010 0.473715 0.158484 0.000010 0.000010 0.367727 0.000010 0.000010 0.000010
0.000010 0.233167 0.000010 0.000010 0.000010 0.537637 0.000010 0.000010 0.000010 0.229126
0.000010 0.096321 0.109555 0.491763 0.000010 0.000010 0.235073 0.000010 0.067237 0.000010
0.000010 0.000010 0.000010 0.000010 0.647255 0.000010 0.000010 0.000010 0.352664 0.000010
0.630988 0.000013 0.000010 0.000010 0.000010 0.000012 0.000010 0.368928 0.000010 0.000010
0.220008 0.101176 0.035957 0.000010 0.000010 0.000010 0.001872 0.036278 0.604669 0.000010
