0.000010 0.016010 0.866964 0.000010 0.000010 0.116996
0.000010 0.000010 0.447197 0.000010 0.000010 0.552763
0.000010 0.000010 0.605520 0.000010 0.042913 0.351536
0.000010 0.000010 0.000010 0.000010 0.999950 0.000010
0.000010 0.000010 0.432951 0.031935 0.104260 0.430834
0.000010 0.000010 0.443468 0.060470 0.092973 0.403069
0.000010 0.001377 0.806013 0.000010 0.000010 0.192580
0.000010 0.000010 0.000010 0.000010 0.999950 0.000010
0.000010 0.000010 0.876805 0.005296 0.052168 0.065712
0.091426 0.000010 0.372013 0.063474 0.078745 0.394332
0.004843 0.000010 0.591550 0.040601 0.009462 0.353533
0.000010 0.000010 0.596337 0.000010 0.012264 0.391369
0.000010 0.000010 0.600251 0.000010 0.000010 0.399709
0.000010 0.112357 0.658878 0.132583 0.096162 0.000010
0.000010 0.049896 0.824020 0.000010 0.029806 0.096257
0.000010 0.009448 0.583963 0.000010 0.000010 0.406559
0.003605 0.011589 0.601964 0.000010 0.000010 0.382822
0.000010 0.000010 0.999950 0.000010 0.000010 0.000010
0.004729 0.000010 0.768409 0.000010 0.007249 0.219594
0.000010 0.000013 0.999947 0.000010 0.000010 0.000010
0.000010 0.000010 0.000010 0.000010 0.000010 0.999950
0.000010 0.000010 0.000011 0.000010 0.000010 0.999949
0.000010 0.999950 0.000010 0.000010 0.000010 0.000010
0.031593 0.020588 0.077261 0.000010 0.000010 0.870538
0.000010 0.999950 0.000010 0.000010 0.000010 0.000010
0.000010 0.999940 0.000019 0.000010 0.000012 0.000010
0.000010 0.379330 0.000010 0.000010 0.000010 0.620630
0.000010 0.037040 0.153048 0.000010 0.029179 0.780713
0.000010 0.000010 0.000010 0.000010 0.999950 0.000010
0.009685 0.012778 0.335913 0.000010 0.049333 0.592281
0.018274 0.000010 0.704548 0.134549 0.000960 0.141658
0.329506 0.000010 0.390685 0.000010 0.000010 0.279779
0.043072 0.004663 0.257726 0.126138 0.167565 0.400835
0.000010 0.000010 0.101403 0.000010 0.030751 0.867816
0.000010 0.336210 0.000010 0.000015 0.000010 0.663745
0.000010 0.000010 0.000010 0.000010 0.999950 0.000010
0.000010 0.009969 0.130716 0.029892 0.294736 0.534677
0.190336 0.195356 0.190840 0.000010 0.167534 0.255924
0.055657 0.000010 0.000010 0.258684 0.676400 0.009240
0.000010 0.273539 0.224895 0.112539 0.389007 0.000010
0.000010 0.000010 0.362990 0.000010 0.585655 0.051325
0.000010 0.000010 0.000010 0.000010 0.549245 0.450715
0.000010 0.000010 0.450819 0.000010 0.549141 0.000010
0.207177 0.000010 0.000010 0.000010 0.484411 0.308382
0.000010 0.000010 0.000010 0.000010 0.591219 0.408741
0.000010 0.411253 0.000010 0.000010 0.588707 0.000010
0.000010 0.369622 0.085686 0.000010 0.239146 0.305526
0.000010 0.007573 0.397928 0.000010 0.022136 0.572344
0.000010 0.411945 0.026363 0.000010 0.000010 0.561662
0.000010 0.319826 0.199013 0.000010 0.255234 0.225907
0.000010 0.000010 0.000010 0.000010 0.999950 0.000010
0.000010 0.000010 0.000015 0.000010 0.999945 0.000010
0.000010 0.000010 0.364032 0.000010 0.047637 0.588300
0.020256 0.000010 0.806167 0.000010 0.000010 0.173547
0.000010 0.000010 0.000010 0.051473 0.502918 0.445578
0.000010 0.000010 0.000010 0.000010 0.560807 0.439153
0.373749 0.000010 0.000010 0.000010 0.000010 0.626211
0.000010 0.000010 0.000010 0.000010 0.670460 0.329500
0.000010 0.000010 0.761717 0.088093 0.129267 0.020903
0.021490 0.000010 0.328031 0.026510 0.045844 0.578116
0.014787 0.000010 0.635281 0.021444 0.049105 0.279372
0.008481 0.698118 0.131210 0.000010 0.000010 0.162170
0.000010 0.074017 0.341388 0.101096 0.236114 0.247375
0.000010 0.000010 0.000010 0.000010 0.000010 0.999950
0.016858 0.012393 0.290489 0.000010 0.000010 0.680240
0.000010 0.000010 0.000010 0.000010 0.000010 0.999950
0.384782 0.000012 0.000010 0.000010 0.000010 0.615176
0.399932 0.000013 0.000010 0.000010 0.000010 0.600025
0.000010 0.000010 0.161072 0.000010 0.020315 0.818582
0.256108 0.000063 0.397516 0.000010 0.084861 0.261443
0.043859 0.000010 0.000010 0.000011 0.000010 0.956100
0.260749 0.000010 0.489715 0.000010 0.000010 0.249506
0.000010 0.000010 0.299324 0.012669 0.033716 0.654272
0.000010 0.000010 0.000010 0.145489 0.338668 0.515813
0.000010 0.020618 0.584934 0.004305 0.033333 0.356800
0.038676 0.000010 0.000010 0.125986 0.000010 0.835308
0.305696 0.000010 0.000010 0.000010 0.242063 0.452211
0.000010 0.000010 0.000010 0.000010 0.000010 0.999950
0.105314 0.007713 0.230694 0.000010 0.321147 0.335122
0.031454 0.056808 0.478083 0.000010 0.037638 0.396007
0.009450 0.000010 0.219002 0.000010 0.290953 0.480575
0.000010 0.000010 0.000010 0.061201 0.000010 0.938759
0.000010 0.000010 0.749206 0.000010 0.162417 0.088347
0.239808 0.000010 0.174565 0.000010 0.000010 0.585597
0.000010 0.459839 0.000010 0.048341 0.000010 0.491790
0.003759 0.534838 0.206319 0.122801 0.000010 0.132273
0.000010 0.038653 0.377119 0.024970 0.466935 0.092313
0.000010 0.514397 0.000010 0.066865 0.000010 0.418708
0.135505 0.000010 0.000010 0.077837 0.000010 0.786628
0.013930 0.000010 0.694919 0.061818 0.068680 0.160644
0.000010 0.000010 0.000010 0.000010 0.999950 0.000010
0.000010 0.000010 0.783200 0.001848 0.139147 0.075785
0.000010 0.036583 0.789326 0.000010 0.000010 0.174060
0.000011 0.000010 0.999949 0.000010 0.000010 0.000010
0.281906 0.000012 0.000017 0.000010 0.000010 0.718045
0.027366 0.243788 0.231139 0.065304 0.000010 0.432394
0.384092 0.000010 0.000014 0.000010 0.000010 0.615864
0.018953 0.000010 0.771211 0.035627 0.000010 0.174188
0.130264 0.000010 0.003637 0.000010 0.000010 0.866069
0.000010 0.423868 0.000010 0.075592 0.000010 0.500510
0.286335 0.428602 0.000010 0.000010 0.000010 0.285032
0.149513 0.401747 0.108000 0.000010 0.000010 0.340720
0.000010 0.467488 0.000010 0.081950 0.000010 0.450532
0.000010 0.495557 0.364584 0.000010 0.000010 0.139829
0.051886 0.000010 0.803045 0.000010 0.000010 0.145039
0.000010 0.557510 0.000010 0.000010 0.442450 0.000010
0.005536 0.000010 0.371193 0.067530 0.555721 0.000010
0.006114 0.163915 0.000010 0.137827 0.342266 0.349867
0.000010 0.000010 0.092987 0.058627 0.000010 0.848357
0.000010 0.000010 0.802659 0.038364 0.000010 0.158947
0.000010 0.000010 0.999950 0.000010 0.000010 0.000010
0.015982 0.432941 0.190300 0.079989 0.049542 0.231246
0.002632 0.000010 0.094311 0.122566 0.000010 0.780471
0.005602 0.008025 0.665703 0.000010 0.168228 0.152432
0.000010 0.000010 0.359418 0.027720 0.008317 0.604525
0.250607 0.000010 0.000010 0.000010 0.000010 0.749353
0.000010 0.418276 0.143287 0.000010 0.000010 0.438407
0.000010 0.000010 0.747470 0.000010 0.000010 0.252490
0.000010 0.000010 0.000010 0.071648 0.389358 0.538965
0.004016 0.000010 0.601351 0.132370 0.000010 0.262243
0.000010 0.000010 0.844027 0.000010 0.026634 0.129308
0.000011 0.567666 0.366660 0.000010 0.037439 0.028213
0.019196 0.566489 0.376546 0.000010 0.037749 0.000010
0.000010 0.058968 0.719312 0.075026 0.000010 0.146674
0.053169 0.000011 0.518950 0.000010 0.000010 0.427850
0.020177 0.030193 0.638929 0.000010 0.000010 0.310681
0.007830 0.000010 0.649628 0.045578 0.038700 0.258255
0.000010 0.000010 0.000010 0.000010 0.999950 0.000010
0.000010 0.999950 0.000010 0.000010 0.000010 0.000010
0.000010 0.000010 0.000010 0.052483 0.549984 0.397502
0.000010 0.000010 0.000010 0.135701 0.864259 0.000010
0.000010 0.466146 0.000010 0.000010 0.533814 0.000010
0.016203 0.623377 0.000010 0.000071 0.000010 0.360329
0.000010 0.000010 0.000010 0.000010 0.999950 0.000010
0.000010 0.278530 0.000010 0.000010 0.721430 0.000010
0.000010 0.999950 0.000010 0.000010 0.000010 0.000010
0.000010 0.203205 0.203629 0.017956 0.019884 0.555315
0.000010 0.000010 0.000010 0.000010 0.999950 0.000010
0.000010 0.999950 0.000010 0.000010 0.000010 0.000010
0.000010 0.000010 0.000010 0.000013 0.999947 0.000010
0.000010 0.529826 0.000010 0.000010 0.000010 0.470134
0.410119 0.000012 0.000010 0.000010 0.000010 0.589840
0.082943 0.000010 0.809710 0.041316 0.000010 0.066010
0.000010 0.384352 0.000010 0.086426 0.000010 0.529192
0.000010 0.000010 0.000010 0.006197 0.502731 0.491041
0.000010 0.530655 0.000010 0.000010 0.000010 0.469305
0.005401 0.000010 0.291212 0.000010 0.562403 0.140964
0.000010 0.070176 0.248956 0.000010 0.041894 0.638954
0.000010 0.000010 0.766891 0.000010 0.000010 0.233069
0.000010 0.999950 0.000010 0.000010 0.000010 0.000010
0.000010 0.020878 0.529048 0.019503 0.000010 0.430551
0.000010 0.999949 0.000010 0.000010 0.000011 0.000010
0.000010 0.313288 0.686672 0.000010 0.000010 0.000010
0.000010 0.496205 0.000010 0.007876 0.000010 0.495889
0.006254 0.001643 0.467625 0.120469 0.048567 0.355442
0.147361 0.000013 0.000010 0.181496 0.000010 0.671110
0.097469 0.019091 0.315437 0.268985 0.045199 0.253819
0.000010 0.000010 0.779876 0.000010 0.156771 0.063324
0.003940 0.000010 0.000010 0.027893 0.000010 0.968137
0.071684 0.014968 0.293721 0.056277 0.005769 0.557581
0.049465 0.007795 0.295795 0.038788 0.016685 0.591473
0.000010 0.155551 0.000010 0.000010 0.000010 0.844409
0.072149 0.000010 0.044206 0.000010 0.000010 0.883616
0.000010 0.000010 0.362169 0.000010 0.059786 0.578015
0.000010 0.073901 0.000010 0.225080 0.000010 0.700989
0.065718 0.000010 0.000010 0.127149 0.000010 0.807102
0.244305 0.016229 0.330627 0.000010 0.000010 0.408819
0.002472 0.061497 0.410271 0.001390 0.023847 0.500522
0.000010 0.000010 0.999950 0.000010 0.000010 0.000010
0.999950 0.000010 0.000010 0.000010 0.000010 0.000010
0.000010 0.000010 0.000010 0.600588 0.399372 0.000010
0.007161 0.000010 0.000010 0.846364 0.146444 0.000010
0.158284 0.000010 0.000010 0.607385 0.234301 0.000010
0.000010 0.000010 0.000010 0.999950 0.000010 0.000010
0.000010 0.000010 0.000010 0.949392 0.050568 0.000010
0.110700 0.000010 0.000010 0.889260 0.000010 0.000010
0.000010 0.000010 0.000010 0.806096 0.193864 0.000010
0.000010 0.000010 0.000010 0.851045 0.148915 0.000010
0.169864 0.000010 0.076429 0.753677 0.000010 0.000010
0.035145 0.000010 0.000010 0.964815 0.000010 0.000010
0.013588 0.178436 0.000010 0.783972 0.023984 0.000010
0.000015 0.000011 0.000010 0.999944 0.000010 0.000010
0.000010 0.000010 0.000010 0.999950 0.000010 0.000010
0.017825 0.000010 0.000010 0.982135 0.000010 0.000010
0.000010 0.000010 0.000010 0.944032 0.055928 0.000010
0.000015 0.000010 0.000010 0.999945 0.000010 0.000010
0.000010 0.000010 0.000010 0.629415 0.370545 0.000010
0.029225 0.000010 0.169456 0.801290 0.000010 0.000010
0.999950 0.000010 0.000010 0.000010 0.000010 0.000010
0.413744 0.000010 0.000010 0.586216 0.000010 0.000010
0.999950 0.000010 0.000010 0.000010 0.000010 0.000010
0.999950 0.000010 0.000010 0.000010 0.000010 0.000010
0.016510 0.000014 0.091693 0.891763 0.000010 0.000010
0.000010 0.000016 0.302168 0.697787 0.000010 0.000010
0.000010 0.000010 0.082846 0.917114 0.000010 0.000010
0.000010 0.000010 0.112894 0.887066 0.000010 0.000010
0.000010 0.000010 0.104441 0.895519 0.000010 0.000010
0.248904 0.000013 0.060742 0.690321 0.000010 0.000010
0.052831 0.000010 0.092620 0.854519 0.000010 0.000010
0.406096 0.000010 0.000010 0.520399 0.000010 0.073475
0.223820 0.161631 0.000010 0.614519 0.000010 0.000010
0.375997 0.000010 0.000010 0.560098 0.000010 0.063875
0.000010 0.000010 0.000010 0.999950 0.000010 0.000010
0.221856 0.008227 0.000010 0.749802 0.014538 0.005567
0.206800 0.000010 0.000010 0.741332 0.000010 0.051838
0.245165 0.028400 0.061969 0.664446 0.000010 0.000010
0.037593 0.000010 0.087691 0.869448 0.005248 0.000010
0.627492 0.000010 0.000010 0.372468 0.000010 0.000010
0.173813 0.042489 0.000012 0.783666 0.000010 0.000010
0.018763 0.000010 0.050967 0.930240 0.000010 0.000010
0.004632 0.028334 0.000010 0.967005 0.000010 0.000010
0.000010 0.170470 0.000010 0.829490 0.000010 0.000010
0.194973 0.000010 0.042833 0.762165 0.000010 0.000010
0.117184 0.022446 0.000012 0.815154 0.000010 0.045194
0.428548 0.000010 0.000010 0.571412 0.000010 0.000010
0.249017 0.000010 0.000010 0.711953 0.039001 0.000010
0.215353 0.000010 0.000010 0.602480 0.000010 0.182138
0.000010 0.000010 0.000010 0.929690 0.070270 0.000010
0.201929 0.058118 0.000010 0.632711 0.000010 0.107221
0.015576 0.097339 0.000010 0.846088 0.040977 0.000010
0.000010 0.000010 0.541840 0.458120 0.000010 0.000010
0.600230 0.000015 0.000010 0.399725 0.000010 0.000010
0.188396 0.000014 0.064880 0.746690 0.000010 0.000010
