V1	V2	V3	V4	V5	V6	V7	V8	accession
1e-05	0.243713	0.39176	0.053745	0.045103	1e-05	0.265649	1e-05	UNT_038_new
1.5e-05	1e-05	0.410677	1e-05	1e-05	1e-05	0.37068	0.218588	UNT_019_new
1e-05	1e-05	0.456368	1e-05	1e-05	1e-05	0.015384	0.528198	UNT_027_new
1e-05	0.574423	0.303848	0.073962	1e-05	0.047727	1e-05	1e-05	UNT_021_new
1e-05	0.551748	0.321686	0.126516	1e-05	1e-05	1e-05	1e-05	UNT_031_reseq
0.217246	0.064344	0.454499	0.207273	1e-05	1.3e-05	1e-05	0.056605	UNT_052_reseq
1e-05	1e-05	0.398922	0.426504	1e-05	1e-05	1e-05	0.174524	UNT_050_reseq
1e-05	0.342639	0.230216	0.427079	1e-05	1.7e-05	1.9e-05	1e-05	UNT_058_reseq
1.5e-05	1e-05	1e-05	0.999925	1e-05	1e-05	1e-05	1e-05	UNT_020_new
1e-05	0.076716	0.326592	0.542713	1e-05	0.012143	0.041805	1e-05	UNT_040_reseq
1e-05	1e-05	1e-05	0.99993	1e-05	1e-05	1e-05	1e-05	UNT_023_reseq
1.3e-05	1e-05	1e-05	0.999927	1e-05	1e-05	1e-05	1e-05	UNT_001_reseq
1e-05	1e-05	1.8e-05	0.999922	1e-05	1e-05	1e-05	1e-05	UNT_022_reseq
1e-05	0.041539	0.45493	0.038538	1e-05	0.112283	0.35268	1e-05	UNT_010_reseq
1e-05	0.105745	0.424863	0.043634	1e-05	1e-05	0.425718	1e-05	UNT_059_reseq
0.003687	0.005061	0.509844	1e-05	1e-05	0.063529	1e-05	0.41785	UNT_024_reseq
1e-05	1e-05	0.503313	1e-05	1e-05	1e-05	1e-05	0.496627	UNT_026_reseq
1e-05	1e-05	0.479039	1e-05	1e-05	1e-05	1e-05	0.520901	UNT_028_reseq
0.072332	1e-05	0.460515	0.00538	1e-05	0.050206	1e-05	0.411537	UNT_039_reseq
1e-05	1.1e-05	0.758621	0.033436	1e-05	0.064476	0.143426	1e-05	UNT_007_reseq
1e-05	1e-05	0.876973	1e-05	1e-05	1e-05	0.048686	0.074291	UNT_015_reseq
0.139766	1e-05	0.860174	1e-05	1e-05	1e-05	1e-05	1e-05	UNT_006_reseq
1e-05	1e-05	0.922665	1e-05	1e-05	1e-05	0.077275	1e-05	UNT_017_reseq
1e-05	1e-05	0.933152	1e-05	1e-05	0.066788	1e-05	1e-05	UNT_034_reseq
1e-05	1e-05	0.99993	1e-05	1e-05	1e-05	1e-05	1e-05	UNT_005_reseq
0.142308	1e-05	0.857632	1e-05	1e-05	1e-05	1e-05	1e-05	UNT_016_reseq
1e-05	1e-05	0.982438	0.017502	1e-05	1e-05	1e-05	1e-05	UNT_011_reseq
1e-05	1e-05	0.99993	1e-05	1e-05	1e-05	1e-05	1e-05	UNT_013_reseq
1e-05	1e-05	0.99993	1e-05	1e-05	1e-05	1e-05	1e-05	UNT_014_reseq
0.19484	1e-05	0.422335	1e-05	0.357887	1e-05	1e-05	0.024898	UNT_012_reseq
0.153736	0.056889	0.535009	1e-05	0.254326	1e-05	1e-05	1e-05	UNT_056_reseq
0.336522	0.040784	0.458494	0.016596	1e-05	1e-05	1e-05	0.147574	UNT_003_reseq
0.248782	1e-05	0.712178	1e-05	0.03899	1e-05	1e-05	1e-05	UNT_054_reseq
0.425138	1e-05	0.574793	1e-05	1.3e-05	1e-05	1.7e-05	1e-05	UNT_008_reseq
0.303864	1e-05	0.69607	1e-05	1.5e-05	1e-05	1.1e-05	1e-05	UNT_009_reseq
0.506981	1e-05	0.318933	0.174036	1e-05	1e-05	1e-05	1e-05	UNT_004_reseq
0.8207	1e-05	0.17924	1e-05	1e-05	1e-05	1e-05	1e-05	UNT_002_reseq
0.793901	1.2e-05	0.206037	1e-05	1e-05	1e-05	1e-05	1e-05	UNT_018_reseq
1e-05	0.075675	0.387714	0.056119	1e-05	0.128309	0.352153	1e-05	UNT_029_reseq
1e-05	1e-05	0.402298	0.001742	1e-05	0.017034	1e-05	0.578886	UNT_030_reseq
1e-05	0.235249	0.463063	0.028121	1e-05	0.078885	0.082276	0.112386	UNT_037_reseq
1e-05	0.115515	0.483619	0.097464	1e-05	0.084283	0.009704	0.209395	UNT_046_reseq
0.073234	0.222934	0.45187	0.048351	0.013324	0.041456	1e-05	0.148821	UNT_035_reseq
1e-05	0.128291	0.534471	0.070882	0.041159	0.065334	1e-05	0.159843	UNT_042_reseq
0.096722	1e-05	0.645081	1e-05	0.0678	0.190356	1.1e-05	1e-05	UNT_044_reseq
1e-05	1e-05	0.551312	1e-05	0.349953	0.098685	1e-05	1e-05	UNT_045_reseq
1e-05	0.026433	0.559294	1e-05	0.027674	0.095979	0.02131	0.26929	UNT_043_reseq
1e-05	0.093813	0.53456	0.010063	0.051662	0.221247	0.04345	0.045195	UNT_047_reseq
1e-05	1e-05	0.120627	1e-05	1e-05	0.879313	1e-05	1e-05	UNT_053_reseq
1e-05	0.125825	0.26597	1.6e-05	0.122193	0.485966	1e-05	1e-05	UNT_055_reseq
1e-05	0.202735	0.397324	0.057957	0.341944	1e-05	1e-05	1e-05	UNT_032_reseq
1e-05	0.56307	0.314641	0.107217	1e-05	0.015033	1e-05	1e-05	UNT_033_reseq
1e-05	1e-05	1e-05	1e-05	1e-05	1e-05	0.776769	0.223171	CAMPUB_057
1e-05	1e-05	0.306818	1e-05	1e-05	1e-05	0.546066	0.147066	UNT_025_new
0.043226	0.154504	0.00334	0.022546	1e-05	1e-05	0.254565	0.521799	CAMPUB_169
0.021204	0.147424	0.012553	0.020042	1e-05	0.027745	0.371165	0.399857	CAMPUB_226
1e-05	0.014257	0.094268	1e-05	1e-05	1e-05	0.854548	0.036888	CAMPUB_077
1e-05	1.4e-05	1e-05	1e-05	0.017516	1e-05	0.965219	0.017211	CAMPUB_172
1e-05	1e-05	1e-05	1e-05	1e-05	1e-05	0.99993	1e-05	CAMPUB_182
0.009599	0.02579	1e-05	1e-05	0.007509	0.006298	0.864738	0.086045	CAMPUB_031
1e-05	0.226823	1.1e-05	0.334524	0.010211	0.017766	0.410644	1e-05	CAMPUB_276
1e-05	0.196459	1e-05	1e-05	1e-05	1e-05	0.803481	1e-05	CAMPUB_038
1e-05	0.195507	1e-05	1e-05	1e-05	1e-05	0.804433	1e-05	CAMPUB_039
1e-05	0.198726	1e-05	1e-05	1e-05	1e-05	0.801214	1e-05	CAMPUB_049
1e-05	0.194918	1e-05	1e-05	1e-05	1e-05	0.805022	1e-05	CAMPUB_052
1e-05	1e-05	0.056595	1e-05	0.041913	1e-05	0.793285	0.108166	CAMPUB_221
0.036974	1e-05	1e-05	1e-05	0.027873	1e-05	0.636943	0.298169	CAMPUB_045
0.016682	0.327823	0.009708	0.049913	0.061428	0.064735	0.395921	0.073789	CAMPUB_277
0.066401	0.345213	0.025325	0.116074	1e-05	0.054358	0.239952	0.152666	CAMPUB_036
1e-05	0.134179	1e-05	1e-05	1e-05	1e-05	0.354508	0.511263	CAMPUB_203
0.004549	0.511228	1e-05	1e-05	1e-05	0.053583	0.365272	0.065339	CAMPUB_209
0.001911	0.528035	1e-05	1e-05	1e-05	0.069512	1e-05	0.400501	CAMPUB_098
1e-05	0.562653	1e-05	1e-05	0.437287	1e-05	1e-05	1e-05	CAMPUB_099
0.022117	0.562336	1e-05	0.00424	0.213024	1e-05	1e-05	0.198253	CAMPUB_237
0.03364	0.282142	1e-05	0.071299	0.06173	1e-05	0.51786	0.033309	CAMPUB_157
1e-05	0.382393	1e-05	0.120422	1e-05	0.107998	0.389147	1e-05	CAMPUB_136
1e-05	0.208973	1e-05	0.090528	0.42326	0.075292	0.201917	1e-05	CAMPUB_211
1e-05	0.090488	1e-05	0.028372	1e-05	0.017125	0.470159	0.393826	CAMPUB_212
1.1e-05	0.326515	1e-05	0.079607	1e-05	0.023895	0.569942	1e-05	CAMPUB_008
1e-05	0.084392	1e-05	0.071341	1e-05	0.041395	0.802832	1e-05	CAMPUB_040
0.242237	0.032611	1e-05	0.036036	0.382291	0.157451	0.149354	1e-05	CAMPUB_096
0.257144	0.242559	1e-05	1e-05	0.318264	1e-05	0.083713	0.09829	CAMPUB_101
0.0434	0.241905	0.015447	0.011688	0.439158	0.013923	1e-05	0.234469	CAMPUB_205
0.02617	0.051531	1e-05	1e-05	0.576625	1e-05	0.043364	0.30228	CAMPUB_219
0.02236	0.049634	1e-05	1e-05	0.57486	1e-05	0.040982	0.312134	CAMPUB_220
1e-05	0.107228	0.053544	1e-05	0.574952	0.040945	0.155168	0.068142	CAMPUB_164
1e-05	0.083255	1e-05	1e-05	0.554843	0.001806	0.2851	0.074966	CAMPUB_196
1e-05	1e-05	1e-05	1e-05	0.460543	0.539397	1e-05	1e-05	CAMPUB_192
1e-05	1e-05	1.1e-05	1e-05	0.516033	0.483896	2e-05	1e-05	CAMPUB_258
1e-05	1e-05	1e-05	1e-05	0.527369	0.472568	1.3e-05	1e-05	CAMPUB_195
1e-05	1e-05	1e-05	1e-05	0.423491	0.576449	1e-05	1e-05	CAMPUB_246
1e-05	1e-05	1e-05	1.1e-05	0.475574	0.524364	1e-05	1e-05	CAMPUB_162
1e-05	0.443448	1e-05	1e-05	0.556492	1e-05	1e-05	1e-05	CAMPUB_233
1e-05	0.548686	1e-05	1e-05	0.451254	1e-05	1e-05	1e-05	CAMPUB_242
1e-05	0.098855	1e-05	1e-05	0.688983	0.032235	0.179887	1e-05	CAMPUB_131
1e-05	1e-05	1e-05	1e-05	0.99993	1e-05	1e-05	1e-05	CAMPUB_067
1e-05	1.2e-05	1e-05	1.2e-05	0.999926	1e-05	1e-05	1e-05	CAMPUB_068
1e-05	1e-05	1e-05	1e-05	0.99993	1e-05	1e-05	1e-05	CAMPUB_236
1e-05	1e-05	1e-05	1e-05	0.99993	1e-05	1e-05	1e-05	CAMPUB_229
1e-05	1e-05	1e-05	1e-05	0.99993	1e-05	1e-05	1e-05	CAMPUB_256
1e-05	1e-05	1e-05	1e-05	0.99993	1e-05	1e-05	1e-05	CAMPUB_253
1e-05	1e-05	1e-05	1e-05	0.99993	1e-05	1e-05	1e-05	CAMPUB_063
1e-05	1e-05	1e-05	1e-05	0.99993	1e-05	1e-05	1e-05	CAMPUB_240
0.242088	0.15529	1e-05	0.447912	1e-05	0.150872	0.003808	1e-05	CAMPUB_154
0.061349	1e-05	1e-05	0.527406	0.057335	1e-05	1e-05	0.35387	CAMPUB_147
1e-05	0.003597	1e-05	0.521675	1e-05	1e-05	0.474678	1e-05	CAMPUB_078
1e-05	1e-05	1e-05	0.537105	1e-05	1e-05	1e-05	0.462835	CAMPUB_149
1e-05	0.5621	1e-05	0.43782	2e-05	1e-05	2e-05	1e-05	CAMPUB_210
1e-05	0.226674	1e-05	0.575195	0.001662	1e-05	0.196429	1e-05	CAMPUB_161
1e-05	1e-05	1e-05	0.999923	1e-05	1.7e-05	1e-05	1e-05	CAMPUB_138
1e-05	1e-05	1e-05	0.99993	1e-05	1e-05	1e-05	1e-05	CAMPUB_243
1e-05	1e-05	1e-05	0.99993	1e-05	1e-05	1e-05	1e-05	CAMPUB_145
1e-05	1e-05	1e-05	0.99993	1e-05	1e-05	1e-05	1e-05	CAMPUB_180
1e-05	1e-05	1e-05	0.99993	1e-05	1e-05	1e-05	1e-05	CAMPUB_116
1e-05	0.046742	1e-05	0.953198	1e-05	1e-05	1e-05	1e-05	CAMPUB_174
1e-05	1e-05	1e-05	0.558725	0.441215	1e-05	1e-05	1e-05	CAMPUB_193
1.2e-05	0.030716	1e-05	0.404236	0.433819	1e-05	0.06094	0.070256	CAMPUB_194
0.171967	1e-05	1e-05	0.478031	0.200695	1e-05	0.116289	0.032988	CAMPUB_085
0.489534	1.2e-05	1e-05	0.510402	1e-05	1.2e-05	1e-05	1e-05	CAMPUB_091
0.033172	0.467327	1e-05	0.064092	0.018864	0.075119	0.050605	0.290811	CAMPUB_074
1e-05	0.373427	1e-05	1e-05	1e-05	0.00254	1e-05	0.623983	CAMPUB_152
0.049846	0.530533	1e-05	0.048253	1e-05	1e-05	0.176928	0.19441	CAMPUB_110
0.02353	0.517912	1.6e-05	0.040019	1e-05	0.046445	0.066779	0.30529	CAMPUB_123
0.05224	0.425461	1e-05	0.007406	1e-05	1e-05	1e-05	0.514853	CAMPUB_029
0.050688	0.410582	0.000608	0.01435	1e-05	1e-05	1e-05	0.523742	CAMPUB_030
1e-05	0.409217	0.03479	1e-05	0.230113	1e-05	0.325841	1e-05	CAMPUB_175
0.002578	0.529629	0.040285	0.094043	0.005185	1e-05	0.297782	0.030488	CAMPUB_266
0.01269	0.530035	0.020986	0.09225	0.01236	1e-05	0.298348	0.033321	CAMPUB_268
1e-05	0.891333	0.040617	0.031118	1e-05	0.036891	1.2e-05	1e-05	CAMPUB_260
1e-05	0.99993	1e-05	1e-05	1e-05	1e-05	1e-05	1e-05	CAMPUB_273
1e-05	0.982004	1e-05	0.017936	1e-05	1e-05	1e-05	1e-05	CAMPUB_135
1e-05	0.934148	0.002065	0.063738	1e-05	1e-05	1e-05	1e-05	CAMPUB_168
1e-05	0.839433	1e-05	0.160507	1e-05	1e-05	1e-05	1e-05	CAMPUB_187
1e-05	0.896953	1e-05	0.092837	1e-05	1e-05	0.01016	1e-05	CAMPUB_270
1e-05	0.032629	1e-05	0.030675	1e-05	0.744182	0.192474	1e-05	CAMPUB_206
1e-05	0.193315	1e-05	0.048698	1e-05	0.612005	0.145942	1e-05	CAMPUB_201
1e-05	1e-05	1e-05	1e-05	1e-05	0.99993	1e-05	1e-05	CAMPUB_159
1e-05	0.196742	1e-05	1e-05	1e-05	0.803198	1e-05	1e-05	CAMPUB_058
0.001004	1.2e-05	1e-05	1e-05	1e-05	0.790662	0.092235	0.116057	CAMPUB_146
1e-05	0.704896	1e-05	1e-05	1e-05	0.295044	1e-05	1e-05	CAMPUB_148
1e-05	0.516849	1e-05	1e-05	1e-05	0.483091	1e-05	1e-05	CAMPUB_155
0.292515	0.480275	0.046123	1e-05	0.006525	0.057044	1e-05	0.117497	CAMPUB_084
0.030341	0.568868	1.7e-05	1e-05	1e-05	1e-05	1e-05	0.400733	CAMPUB_271
1.4e-05	0.721917	1e-05	1e-05	1e-05	1e-05	1e-05	0.278019	CAMPUB_150
1e-05	0.878696	1e-05	0.084153	1e-05	1e-05	0.037102	1e-05	CAMPUB_066
0.031961	0.641532	1e-05	0.040451	0.031971	0.087196	0.07362	0.093259	CAMPUB_072
1e-05	0.523737	1e-05	1e-05	0.476203	1e-05	1e-05	1e-05	CAMPUB_167
0.006054	0.485027	1.1e-05	1e-05	1e-05	0.38649	1e-05	0.122387	CAMPUB_080
1e-05	0.677268	1e-05	1e-05	0.008422	1e-05	1e-05	0.31426	CAMPUB_251
1e-05	0.49568	1e-05	1e-05	0.50426	1e-05	1e-05	1e-05	CAMPUB_248
1e-05	0.99993	1e-05	1e-05	1e-05	1e-05	1e-05	1e-05	CAMPUB_264
1e-05	0.671487	1e-05	1e-05	0.328453	1e-05	1e-05	1e-05	CAMPUB_070
1e-05	0.712409	1e-05	1e-05	0.287529	1.2e-05	1e-05	1e-05	CAMPUB_081
1e-05	0.939354	1e-05	1e-05	0.060586	1e-05	1e-05	1e-05	CAMPUB_269
1e-05	0.99993	1e-05	1e-05	1e-05	1e-05	1e-05	1e-05	CAMPUB_061
1e-05	0.99993	1e-05	1e-05	1e-05	1e-05	1e-05	1e-05	CAMPUB_137
1e-05	0.734401	1e-05	1e-05	1.4e-05	0.265535	1e-05	1e-05	CAMPUB_153
1e-05	0.740584	0.075014	1e-05	0.064796	0.119566	1e-05	1e-05	CAMPUB_272
0.021531	0.307916	0.076991	0.030462	0.00327	0.015327	0.137656	0.406846	CAMPUB_259
0.032415	0.245853	0.148637	0.081891	0.013682	0.051596	0.050336	0.37559	CAMPUB_261
0.405716	0.223749	1e-05	1e-05	0.166835	0.203661	1e-05	1e-05	CAMPUB_200
0.216498	0.031695	0.412068	1e-05	0.098395	0.082413	0.158912	1e-05	CAMPUB_134
0.441645	3e-05	0.297342	1e-05	0.063129	1e-05	1e-05	0.197825	CAMPUB_165
0.371877	1e-05	0.102303	1e-05	0.274616	1e-05	0.115811	0.135363	CAMPUB_087
0.456338	1e-05	1e-05	1e-05	0.543602	1e-05	1e-05	1e-05	CAMPUB_198
0.564771	1e-05	1e-05	1e-05	1e-05	0.435169	1e-05	1e-05	CAMPUB_089
0.524836	1e-05	1e-05	1e-05	1.3e-05	0.475101	1e-05	1e-05	CAMPUB_112
0.577179	0.422761	1e-05	1e-05	1e-05	1e-05	1e-05	1e-05	CAMPUB_092
0.519617	0.480323	1e-05	1e-05	1e-05	1e-05	1e-05	1e-05	CAMPUB_114
0.559062	1e-05	1e-05	1e-05	1e-05	1e-05	1e-05	0.440878	CAMPUB_199
0.600382	0.027539	1e-05	1e-05	1e-05	0.028651	0.343388	1e-05	CAMPUB_250
0.502192	1e-05	1e-05	1e-05	0.497748	1e-05	1e-05	1e-05	CAMPUB_232
0.592167	1e-05	1e-05	1e-05	0.407773	1e-05	1e-05	1e-05	CAMPUB_095
0.565481	0.058576	1e-05	1e-05	1e-05	1e-05	0.098701	0.277202	CAMPUB_088
0.560671	1e-05	1e-05	1e-05	1e-05	1e-05	0.439269	1e-05	CAMPUB_090
0.642083	0.332639	1e-05	0.025228	1e-05	1e-05	1e-05	1e-05	CAMPUB_119
0.713151	0.101199	0.123225	0.026318	1e-05	1e-05	1e-05	0.036078	CAMPUB_086
0.99993	1e-05	1e-05	1e-05	1e-05	1e-05	1e-05	1e-05	CAMPUB_231
0.713198	1e-05	1e-05	1e-05	0.286741	1e-05	1e-05	1e-05	CAMPUB_235
0.999928	1.1e-05	1e-05	1e-05	1e-05	1e-05	1.1e-05	1e-05	CAMPUB_028
0.99993	1e-05	1e-05	1e-05	1e-05	1e-05	1e-05	1e-05	CAMPUB_033
0.962426	1e-05	1e-05	1e-05	1e-05	1e-05	1e-05	0.037514	CAMPUB_170
0.999913	1.1e-05	1.5e-05	1e-05	1.5e-05	1e-05	1.6e-05	1e-05	CAMPUB_241
0.999925	1.1e-05	1e-05	1e-05	1e-05	1e-05	1.3e-05	1e-05	CAMPUB_073
0.99993	1e-05	1e-05	1e-05	1e-05	1e-05	1e-05	1e-05	CAMPUB_228
0.999927	1.2e-05	1e-05	1.1e-05	1e-05	1e-05	1e-05	1e-05	CAMPUB_234
0.99993	1e-05	1e-05	1e-05	1e-05	1e-05	1e-05	1e-05	CAMPUB_104
0.99993	1e-05	1e-05	1e-05	1e-05	1e-05	1e-05	1e-05	CAMPUB_108
0.99993	1e-05	1e-05	1e-05	1e-05	1e-05	1e-05	1e-05	CAMPUB_083
0.99993	1e-05	1e-05	1e-05	1e-05	1e-05	1e-05	1e-05	CAMPUB_239
0.401121	1e-05	1e-05	1e-05	1e-05	0.598819	1e-05	1e-05	CAMPUB_151
0.563287	1e-05	1e-05	1e-05	1e-05	0.436653	1e-05	1e-05	CAMPUB_230
0.381545	1.1e-05	1e-05	1.3e-05	1e-05	0.618391	1e-05	1e-05	CAMPUB_214
0.507208	1e-05	1e-05	1e-05	1e-05	0.492732	1e-05	1e-05	CAMPUB_247
0.334313	0.247579	1e-05	0.207164	0.015391	1e-05	0.043489	0.152044	CAMPUB_156
0.290154	0.088318	1e-05	0.031298	0.004626	0.314151	0.271433	1e-05	CAMPUB_158
0.159532	0.448371	0.066346	0.000377	1e-05	1e-05	0.325344	1e-05	CAMPUB_079
1e-05	0.311191	1e-05	1e-05	1e-05	0.033585	0.655173	1e-05	CAMPUB_255
1.1e-05	0.128327	1e-05	0.017229	1e-05	1e-05	0.586192	0.268211	CAMPUB_056
1e-05	0.358828	1e-05	0.041532	1e-05	1e-05	0.499081	0.100519	CAMPUB_223
1e-05	0.19287	1e-05	0.040203	0.026341	1e-05	0.583377	0.157179	CAMPUB_225
0.019194	0.035614	1e-05	0.021784	1e-05	1e-05	0.650474	0.272903	CAMPUB_218
0.040428	0.223383	1.1e-05	0.009616	1e-05	0.000764	0.499408	0.22638	CAMPUB_025
1e-05	0.068873	1e-05	1e-05	1e-05	1e-05	0.931067	1e-05	CAMPUB_111
1e-05	0.003023	1e-05	1e-05	1e-05	1e-05	0.871396	0.125531	CAMPUB_007
1e-05	0.080527	1e-05	1e-05	1e-05	0.015008	0.904415	1e-05	CAMPUB_252
1e-05	1e-05	1e-05	0.023469	1e-05	1e-05	0.976471	1e-05	CAMPUB_197
1e-05	1e-05	1.5e-05	1e-05	1e-05	1e-05	0.999925	1e-05	CAMPUB_244
1e-05	1e-05	1e-05	1e-05	1e-05	1e-05	0.334289	0.665651	CAMPUB_278
1e-05	1e-05	0.211787	1e-05	1e-05	1e-05	0.231287	0.556876	UNT_057
1e-05	0.284957	0.017235	1e-05	1e-05	0.02041	1e-05	0.677358	CAMPUB_216
1e-05	1e-05	1e-05	1e-05	0.334128	1e-05	1e-05	0.665812	CAMPUB_257
1e-05	1e-05	1e-05	1e-05	1e-05	1e-05	1e-05	0.99993	CAMPUB_035
1e-05	1e-05	1e-05	1e-05	1e-05	1e-05	0.270057	0.729883	CAMPUB_204
1e-05	1e-05	1e-05	1e-05	1e-05	1e-05	1e-05	0.99993	CAMPUB_055
1e-05	1e-05	1e-05	1.2e-05	1e-05	1e-05	1e-05	0.999928	CAMPUB_173
0.029668	0.116288	1e-05	0.025921	1e-05	0.082386	0.278806	0.466911	CAMPUB_124
0.148005	0.06625	1e-05	0.049722	0.036294	1e-05	0.262479	0.43723	CAMPUB_207
0.150878	0.034276	1e-05	1e-05	1e-05	1e-05	0.069013	0.745792	CAMPUB_160
0.097058	0.05744	1e-05	1e-05	1e-05	1e-05	0.081946	0.763516	CAMPUB_171
0.132115	0.044581	1e-05	1e-05	1e-05	1e-05	0.051026	0.772238	CAMPUB_262
0.076535	1e-05	0.055366	1e-05	0.087257	0.059459	0.020593	0.70077	CAMPUB_041
0.090206	1e-05	0.052091	1e-05	1e-05	1e-05	0.16603	0.691634	CAMPUB_120
