0.024567 0.441138 0.534294
0.000010 0.750981 0.249009
0.000010 0.580589 0.419401
0.000010 0.000010 0.999980
0.028010 0.583247 0.388743
0.061709 0.552591 0.385700
0.023448 0.516066 0.460487
0.000010 0.000010 0.999980
0.047647 0.282510 0.669843
0.143133 0.581278 0.275589
0.063287 0.600380 0.336333
0.000010 0.649909 0.350081
0.000010 0.676964 0.323026
0.165547 0.265078 0.569375
0.000010 0.450570 0.549420
0.000010 0.672679 0.327311
0.021067 0.651233 0.327700
0.027380 0.175377 0.797243
0.032175 0.490121 0.477704
0.000010 0.328616 0.671374
0.000010 0.999980 0.000010
0.000010 0.999980 0.000010
0.000010 0.999980 0.000010
0.000010 0.999980 0.000010
0.000010 0.949653 0.050337
0.000010 0.980409 0.019581
0.000010 0.999980 0.000010
0.000010 0.901224 0.098766
0.000010 0.000010 0.999980
0.000010 0.762088 0.237902
0.205871 0.400410 0.393719
0.223029 0.664498 0.112473
0.161327 0.513933 0.324740
0.000010 0.919800 0.080190
0.000010 0.999980 0.000010
0.000010 0.000010 0.999980
0.001563 0.606885 0.391552
0.000010 0.716531 0.283459
0.311847 0.000010 0.688143
0.126228 0.276206 0.597566
0.000010 0.117870 0.882120
0.000010 0.427733 0.572257
0.000010 0.000010 0.999980
0.000010 0.546616 0.453374
0.001268 0.383473 0.615259
0.000010 0.319694 0.680296
0.000010 0.679550 0.320440
0.000010 0.734160 0.265830
0.000010 0.975920 0.024070
0.000010 0.581053 0.418937
0.000010 0.000010 0.999980
0.000010 0.000010 0.999980
0.000010 0.751334 0.248656
0.058037 0.436114 0.505850
0.056854 0.436408 0.506738
0.000010 0.414856 0.585134
0.013705 0.986285 0.000010
0.006315 0.306342 0.687344
0.120964 0.248653 0.630384
0.033119 0.741141 0.225740
0.046749 0.497806 0.455444
0.049729 0.907436 0.042835
0.068423 0.432530 0.499047
0.000010 0.999980 0.000010
0.000010 0.881074 0.118916
0.000010 0.999980 0.000010
0.000010 0.999980 0.000010
0.000010 0.999980 0.000010
0.000010 0.909397 0.090593
0.142777 0.595912 0.261311
0.002255 0.997735 0.000010
0.062754 0.637493 0.299753
0.000010 0.773070 0.226920
0.147083 0.502142 0.350775
0.010123 0.554764 0.435113
0.129638 0.870352 0.000010
0.188911 0.645729 0.165360
0.000010 0.999980 0.000010
0.025021 0.521962 0.453017
0.012951 0.679352 0.307697
0.000010 0.579905 0.420085
0.040681 0.959309 0.000010
0.000010 0.331183 0.668807
0.017221 0.925708 0.057071
0.046214 0.953776 0.000010
0.159660 0.729588 0.110752
0.000010 0.225926 0.774064
0.078155 0.921835 0.000010
0.140099 0.859891 0.000010
0.105459 0.376037 0.518504
0.000010 0.000010 0.999980
0.033745 0.331902 0.634353
0.049474 0.529561 0.420965
0.066415 0.151319 0.782266
0.000010 0.999980 0.000010
0.092415 0.809299 0.098286
0.000010 0.999980 0.000010
0.105109 0.500213 0.394677
0.036073 0.963917 0.000010
0.075310 0.924680 0.000010
0.045303 0.954687 0.000010
0.000010 0.954316 0.045674
0.083540 0.916450 0.000010
0.000010 0.770629 0.229361
0.076618 0.458988 0.464395
0.000010 0.492696 0.507294
0.112423 0.026672 0.860905
0.157592 0.493486 0.348923
0.040864 0.959126 0.000010
0.076602 0.383852 0.539545
0.019968 0.169410 0.810621
0.100926 0.709330 0.189744
0.119059 0.859008 0.021933
0.015780 0.393994 0.590226
0.020575 0.762456 0.216969
0.020561 0.979429 0.000010
0.000010 0.928576 0.071414
0.000010 0.495001 0.504989
0.070482 0.530438 0.399080
0.165676 0.423848 0.410476
0.034619 0.389281 0.576100
0.000010 0.701508 0.298482
0.038651 0.671513 0.289836
0.120603 0.466444 0.412953
0.049814 0.683896 0.266290
0.028777 0.615266 0.355957
0.076150 0.475978 0.447872
0.000010 0.000010 0.999980
0.000010 0.999980 0.000010
0.065570 0.377337 0.557093
0.177222 0.000010 0.822768
0.000010 0.366559 0.633431
0.033847 0.966143 0.000010
0.000010 0.000010 0.999980
0.000010 0.163718 0.836272
0.000010 0.936195 0.063795
0.006370 0.849285 0.144345
0.000010 0.000010 0.999980
0.000010 0.999980 0.000010
0.000010 0.000010 0.999980
0.000010 0.999980 0.000010
0.002338 0.997652 0.000010
0.167029 0.379450 0.453521
0.078802 0.921188 0.000010
0.019858 0.491255 0.488887
0.000010 0.999980 0.000010
0.000010 0.216733 0.783257
0.000010 0.792093 0.207897
0.025451 0.508192 0.466357
0.003193 0.977749 0.019058
0.024948 0.637581 0.337471
0.010851 0.989139 0.000010
0.003316 0.460110 0.536574
0.011513 0.988477 0.000010
0.135548 0.525736 0.338716
0.286681 0.713309 0.000010
0.373241 0.402948 0.223811
0.032296 0.309351 0.658353
0.009449 0.990541 0.000010
0.100704 0.748835 0.150461
0.062953 0.786571 0.150476
0.000010 0.999980 0.000010
0.008594 0.991396 0.000010
0.000010 0.695309 0.304681
0.207439 0.792551 0.000010
0.152983 0.847007 0.000010
0.174460 0.741981 0.083559
0.001310 0.751275 0.247415
0.095703 0.132800 0.771497
0.979481 0.020509 0.000010
0.686380 0.000010 0.313610
0.864893 0.000010 0.135097
0.847346 0.000010 0.152644
0.999980 0.000010 0.000010
0.948059 0.000010 0.051931
0.999980 0.000010 0.000010
0.853250 0.000010 0.146740
0.885207 0.000010 0.114783
0.973551 0.026439 0.000010
0.999980 0.000010 0.000010
0.955339 0.009914 0.034747
0.999980 0.000010 0.000010
0.999980 0.000010 0.000010
0.999980 0.000010 0.000010
0.959022 0.000010 0.040968
0.999980 0.000010 0.000010
0.712499 0.000010 0.287491
0.968167 0.000010 0.031823
0.972568 0.027422 0.000010
0.974816 0.025174 0.000010
0.974799 0.025191 0.000010
0.915544 0.084446 0.000010
0.937847 0.000010 0.062143
0.876426 0.000010 0.123564
0.946104 0.000010 0.053886
0.959083 0.000010 0.040907
0.935374 0.000010 0.064616
0.999977 0.000013 0.000010
0.999980 0.000010 0.000010
0.893159 0.106831 0.000010
0.914214 0.085776 0.000010
0.914875 0.085115 0.000010
0.999980 0.000010 0.000010
0.990621 0.009369 0.000010
0.952265 0.047725 0.000010
0.940355 0.059635 0.000010
0.905312 0.000010 0.094678
0.984286 0.015704 0.000010
0.973348 0.026642 0.000010
0.999980 0.000010 0.000010
0.999980 0.000010 0.000010
0.974399 0.025591 0.000010
0.999980 0.000010 0.000010
0.960109 0.039881 0.000010
0.984752 0.015238 0.000010
0.999980 0.000010 0.000010
0.874555 0.125435 0.000010
0.951619 0.000010 0.048371
0.868507 0.131483 0.000010
0.955455 0.000010 0.044535
0.559080 0.000010 0.440910
0.919273 0.080717 0.000010
0.999980 0.000010 0.000010
