V1	V2	V3	V4	V5	accession
0.99996	1e-05	1e-05	1e-05	1e-05	UNT_013_reseq
0.99996	1e-05	1e-05	1e-05	1e-05	UNT_014_reseq
0.563515	0.202171	1e-05	0.010258	0.224045	UNT_007_reseq
0.570401	1e-05	0.393647	0.035932	1e-05	CAMPUB_165
0.541209	1e-05	0.355666	0.103105	1e-05	UNT_054_reseq
0.856991	0.040679	1e-05	1e-05	0.10231	UNT_015_reseq
0.837875	1e-05	1e-05	0.038981	0.123124	UNT_011_reseq
0.838281	0.161689	1e-05	1e-05	1e-05	UNT_017_reseq
0.802336	1e-05	0.197634	1e-05	1e-05	UNT_006_reseq
0.99996	1e-05	1e-05	1e-05	1e-05	UNT_005_reseq
0.78106	1e-05	0.21891	1e-05	1e-05	UNT_016_reseq
0.689587	1e-05	0.131045	0.067932	0.111427	CAMPUB_134
0.832135	1e-05	1e-05	0.062211	0.105634	UNT_034_reseq
0.129944	0.062112	0.340487	0.003488	0.463969	CAMPUB_156
0.206484	0.017102	0.360739	1e-05	0.415665	UNT_052_reseq
0.111411	0.037176	0.330595	0.520808	1e-05	UNT_012_reseq
1e-05	1e-05	0.502835	0.497135	1e-05	CAMPUB_232
0.106688	0.077064	0.300358	0.430548	0.085342	UNT_056_reseq
1e-05	1e-05	0.412789	0.212299	0.374892	CAMPUB_200
1e-05	1e-05	0.410985	1e-05	0.588985	CAMPUB_151
1.1e-05	1e-05	0.570642	1e-05	0.429328	CAMPUB_230
1e-05	1e-05	0.50978	1e-05	0.49019	CAMPUB_247
0.18819	0.159135	0.378538	0.274127	1e-05	CAMPUB_087
1e-05	1e-05	0.458924	0.541046	1e-05	CAMPUB_198
0.222678	0.143361	0.501643	1e-05	0.132309	UNT_003_reseq
1e-05	1e-05	0.567133	1e-05	0.432837	CAMPUB_089
1e-05	1e-05	0.529004	1e-05	0.470966	CAMPUB_112
1.2e-05	1e-05	0.597963	0.402005	1e-05	CAMPUB_095
0.41905	1e-05	0.58092	1e-05	1e-05	UNT_008_reseq
0.573682	1e-05	0.426288	1e-05	1e-05	UNT_009_reseq
1.6e-05	0.449888	0.550076	1e-05	1e-05	CAMPUB_090
0.22968	0.170982	0.564523	1e-05	0.034805	CAMPUB_088
1e-05	1e-05	0.64514	0.009576	0.345264	CAMPUB_119
1e-05	0.304696	0.59997	1e-05	0.095314	CAMPUB_250
0.339595	0.068586	0.580565	1e-05	0.011244	CAMPUB_199
1e-05	1e-05	0.7254	1e-05	0.27457	UNT_004_reseq
1e-05	1e-05	0.718376	0.281594	1e-05	CAMPUB_235
0.092877	1e-05	0.75651	1e-05	0.150593	CAMPUB_086
1e-05	0.028183	0.971787	1e-05	1e-05	CAMPUB_170
1e-05	1e-05	0.99996	1e-05	1e-05	CAMPUB_234
1e-05	1e-05	0.99996	1e-05	1e-05	CAMPUB_073
1e-05	1e-05	0.99996	1e-05	1e-05	CAMPUB_241
1e-05	1e-05	0.99996	1e-05	1e-05	CAMPUB_083
1e-05	1e-05	0.99996	1e-05	1e-05	CAMPUB_239
1e-05	1e-05	0.99996	1e-05	1e-05	CAMPUB_228
1e-05	1e-05	0.99996	1e-05	1e-05	CAMPUB_104
1e-05	1e-05	0.99996	1e-05	1e-05	CAMPUB_108
1e-05	1e-05	0.99996	1e-05	1e-05	CAMPUB_028
1e-05	1e-05	0.99996	1e-05	1e-05	UNT_018_reseq
1e-05	1e-05	0.99996	1e-05	1e-05	CAMPUB_033
1e-05	1e-05	0.99996	1e-05	1e-05	CAMPUB_231
1.5e-05	1e-05	0.999955	1e-05	1e-05	UNT_002_reseq
1e-05	1e-05	0.585913	1e-05	0.414057	CAMPUB_092
1e-05	1e-05	0.526309	1e-05	0.473661	CAMPUB_114
0.19807	0.711901	0.006062	1e-05	0.083957	CAMPUB_218
0.330332	0.282194	1e-05	1e-05	0.387454	UNT_046_reseq
1e-05	0.346044	0.174387	0.025326	0.454233	CAMPUB_079
1e-05	0.63492	1e-05	0.02391	0.34115	CAMPUB_255
0.198172	0.641214	1e-05	1e-05	0.160594	CAMPUB_056
1e-05	0.520545	0.03026	0.063746	0.385438	CAMPUB_157
0.046851	0.527974	1e-05	1e-05	0.425155	CAMPUB_223
0.102849	0.616258	1e-05	0.026985	0.253898	CAMPUB_225
0.172627	0.529563	0.035247	1e-05	0.262553	CAMPUB_025
1e-05	0.881777	1.2e-05	1e-05	0.118191	CAMPUB_111
0.002846	0.562162	1e-05	1e-05	0.434973	UNT_029_reseq
0.303885	0.532223	1e-05	1e-05	0.163872	CAMPUB_212
0.017463	0.930294	1e-05	1e-05	0.052223	CAMPUB_007
1.4e-05	0.874129	1e-05	1e-05	0.125837	CAMPUB_252
1e-05	0.885378	1e-05	1e-05	0.114592	CAMPUB_197
1e-05	0.964502	1e-05	1e-05	0.035468	CAMPUB_244
1e-05	0.99996	1e-05	1e-05	1e-05	CAMPUB_057
1e-05	0.99996	1e-05	1e-05	1e-05	UNT_025_new
0.137331	0.377526	0.016147	0.076276	0.39272	UNT_037_reseq
0.552563	0.393468	1e-05	1e-05	0.053949	UNT_030_reseq
0.290303	0.513149	0.043141	1e-05	0.153398	CAMPUB_169
0.201824	0.573232	0.031877	1e-05	0.193057	CAMPUB_226
0.363349	0.393129	0.030119	1e-05	0.213393	CAMPUB_124
0.654307	0.007465	0.175452	0.044049	0.118727	UNT_039_reseq
0.645065	0.072937	1e-05	1e-05	0.281977	CAMPUB_216
0.697327	1e-05	1e-05	0.302643	1e-05	CAMPUB_257
0.540573	0.459397	1e-05	1e-05	1e-05	CAMPUB_204
0.463769	0.536201	1e-05	1e-05	1e-05	CAMPUB_278
0.498055	0.501915	1e-05	1e-05	1e-05	UNT_057
0.747567	0.213836	0.006283	1e-05	0.032305	CAMPUB_035
0.99996	1e-05	1e-05	1e-05	1e-05	CAMPUB_055
0.99996	1e-05	1e-05	1e-05	1e-05	CAMPUB_173
0.304817	0.429346	0.143835	0.00749	0.114511	CAMPUB_207
0.438863	0.539383	0.021734	1e-05	1e-05	UNT_027_new
0.436431	0.492125	0.071424	1e-05	1e-05	UNT_028_reseq
0.468489	0.331866	0.088694	0.110941	1e-05	CAMPUB_041
0.441805	0.300189	0.094143	0.094766	0.069097	UNT_024_reseq
0.57154	0.354394	0.074046	1e-05	1e-05	UNT_026_reseq
0.493763	0.4166	0.089617	1e-05	1e-05	CAMPUB_120
0.472379	0.379704	0.147898	1e-05	1e-05	CAMPUB_160
0.558588	0.352887	0.088505	1e-05	1e-05	CAMPUB_171
0.554675	0.324744	0.120561	1e-05	1e-05	CAMPUB_262
0.115892	0.850646	0.032729	0.000722	1e-05	CAMPUB_045
0.168479	0.831491	1e-05	1e-05	1e-05	UNT_019_new
0.090536	0.835973	1e-05	0.048194	0.025287	CAMPUB_221
0.078997	0.38284	0.003455	0.073148	0.46156	CAMPUB_277
0.001889	0.648493	0.012403	1e-05	0.337205	UNT_059_reseq
1e-05	0.732842	1e-05	1e-05	0.267128	CAMPUB_038
1e-05	0.726935	1e-05	1e-05	0.273035	CAMPUB_039
1e-05	0.713038	1e-05	1e-05	0.286932	CAMPUB_049
1e-05	0.715964	1e-05	1e-05	0.284006	CAMPUB_052
1e-05	0.899489	0.003768	0.001847	0.094885	CAMPUB_031
1e-05	0.368675	1e-05	1e-05	0.631295	CAMPUB_276
0.100379	0.568988	1e-05	0.063803	0.26682	UNT_010_reseq
0.069042	0.829618	0.007051	1e-05	0.09428	CAMPUB_077
1e-05	0.957515	1e-05	0.042455	1e-05	CAMPUB_172
1e-05	0.951433	1e-05	1e-05	0.048537	CAMPUB_182
0.360028	1e-05	0.199331	0.269191	0.17144	UNT_044_reseq
0.293309	1e-05	0.037503	0.618992	0.050186	UNT_045_reseq
0.430219	0.30588	0.009389	0.141232	0.113281	UNT_043_reseq
0.262455	0.159204	1e-05	0.20806	0.370271	UNT_047_reseq
0.067629	0.123551	0.2567	0.334939	0.217181	CAMPUB_101
0.214925	0.019067	0.053252	0.486696	0.22606	CAMPUB_205
0.026286	0.231556	1e-05	0.616031	0.126117	CAMPUB_164
0.061457	0.294444	1e-05	0.566072	0.078018	CAMPUB_196
0.176226	0.203131	0.035633	0.585	1e-05	CAMPUB_219
0.187362	0.199798	0.030755	0.582075	1e-05	CAMPUB_220
1e-05	1e-05	1e-05	0.621047	0.378923	CAMPUB_233
1e-05	1e-05	1e-05	0.522042	0.477928	CAMPUB_242
1e-05	0.153299	1e-05	0.724723	0.121957	CAMPUB_131
1.3e-05	1e-05	1e-05	0.999957	1e-05	CAMPUB_236
1e-05	1e-05	1e-05	0.99996	1e-05	CAMPUB_067
1.2e-05	1.8e-05	1.3e-05	0.999947	1e-05	CAMPUB_068
1.2e-05	1.1e-05	1e-05	0.999957	1e-05	CAMPUB_229
1.3e-05	1e-05	1e-05	0.999957	1e-05	CAMPUB_256
1e-05	1e-05	1e-05	0.99996	1e-05	CAMPUB_253
1e-05	1e-05	1e-05	0.99996	1e-05	CAMPUB_063
1e-05	1e-05	1e-05	0.99996	1e-05	CAMPUB_240
0.122985	0.236332	0.053802	0.025731	0.56115	CAMPUB_110
0.112226	0.300048	0.06812	1e-05	0.519596	CAMPUB_036
0.060125	0.273039	0.00215	0.031982	0.632703	CAMPUB_266
0.045843	0.284354	0.01012	0.034169	0.625514	CAMPUB_268
0.345949	0.045626	0.048928	1e-05	0.559487	CAMPUB_147
0.43682	1e-05	0.031846	1e-05	0.531314	UNT_050_reseq
0.47046	1e-05	1e-05	1e-05	0.52951	CAMPUB_149
0.057363	0.072201	1e-05	0.37949	0.490936	CAMPUB_194
1e-05	1e-05	0.236584	1e-05	0.763386	CAMPUB_154
1e-05	0.393618	1e-05	1e-05	0.606352	CAMPUB_078
0.039056	0.152086	1e-05	1e-05	0.808838	UNT_040_reseq
1e-05	1e-05	1e-05	0.378208	0.621762	CAMPUB_193
1e-05	0.160398	1.9e-05	1e-05	0.839562	CAMPUB_161
1e-05	1e-05	1e-05	1e-05	0.99996	CAMPUB_210
1e-05	1e-05	1e-05	1e-05	0.99996	CAMPUB_116
1e-05	1e-05	1e-05	1e-05	0.99996	CAMPUB_174
1e-05	1e-05	1e-05	1e-05	0.99996	UNT_020_new
1e-05	1.1e-05	1e-05	1e-05	0.999959	UNT_001_reseq
1e-05	1e-05	1e-05	1e-05	0.99996	UNT_022_reseq
1e-05	1.1e-05	1e-05	1e-05	0.999958	UNT_023_reseq
1e-05	1e-05	1e-05	1e-05	0.99996	CAMPUB_243
1e-05	1e-05	1e-05	1e-05	0.99996	CAMPUB_138
1e-05	1.1e-05	1e-05	1e-05	0.999959	CAMPUB_145
1e-05	1e-05	1e-05	1e-05	0.99996	CAMPUB_180
0.002341	0.157145	0.178738	0.16085	0.500926	CAMPUB_085
1e-05	1e-05	0.477005	1e-05	0.522965	CAMPUB_091
1e-05	1e-05	1e-05	0.504514	0.495456	CAMPUB_162
1e-05	1e-05	1e-05	0.518422	0.481548	CAMPUB_192
1e-05	1e-05	1e-05	0.53568	0.46429	CAMPUB_258
1e-05	1e-05	1e-05	0.544944	0.455026	CAMPUB_195
1e-05	1e-05	1e-05	0.452173	0.547797	CAMPUB_246
1e-05	1e-05	0.396705	1e-05	0.603265	CAMPUB_214
0.105358	0.015248	0.029161	0.023301	0.826932	CAMPUB_080
1e-05	0.154832	1e-05	1e-05	0.845138	CAMPUB_201
1e-05	0.196682	1e-05	1e-05	0.803288	CAMPUB_206
0.06404	0.149251	0.03396	1e-05	0.752738	CAMPUB_146
1e-05	1e-05	1e-05	0.005475	0.994495	CAMPUB_058
1e-05	1e-05	1e-05	1e-05	0.99996	CAMPUB_159
1e-05	1e-05	1e-05	0.031508	0.968462	UNT_053_reseq
0.009016	0.029586	0.003752	0.556839	0.400807	UNT_032_reseq
1e-05	1e-05	1e-05	0.146595	0.853375	UNT_033_reseq
0.061119	0.10183	0.034025	0.081019	0.722006	CAMPUB_072
0.221807	0.085744	0.012528	0.048938	0.630983	CAMPUB_150
1e-05	1e-05	1e-05	0.04994	0.95003	CAMPUB_153
1e-05	1e-05	1e-05	1e-05	0.99996	CAMPUB_155
1e-05	1e-05	1e-05	0.559464	0.440506	CAMPUB_167
1.1e-05	1e-05	1e-05	0.314766	0.685203	UNT_055_reseq
1e-05	1e-05	1e-05	0.581855	0.418115	CAMPUB_248
0.050122	0.013636	0.011248	0.144263	0.780732	CAMPUB_272
1e-05	1e-05	1e-05	1e-05	0.99996	CAMPUB_264
1e-05	1e-05	1e-05	0.412704	0.587266	CAMPUB_070
1e-05	1e-05	1e-05	0.386264	0.613706	CAMPUB_081
1e-05	1e-05	1e-05	0.167661	0.832309	CAMPUB_269
1e-05	1e-05	1e-05	0.013724	0.986246	CAMPUB_061
1e-05	1e-05	1e-05	0.007839	0.992131	CAMPUB_137
0.036723	0.007861	1e-05	0.070555	0.884852	UNT_021_new
1e-05	0.014106	1e-05	0.04497	0.940904	CAMPUB_066
0.060115	1e-05	1e-05	0.020794	0.919071	UNT_031_reseq
1e-05	1e-05	1e-05	1e-05	0.99996	CAMPUB_148
1.7e-05	0.039606	1e-05	1e-05	0.960356	CAMPUB_270
1e-05	1e-05	1e-05	1e-05	0.99996	CAMPUB_187
1e-05	1e-05	1e-05	1e-05	0.99996	UNT_058_reseq
1e-05	1e-05	1e-05	1e-05	0.99996	CAMPUB_135
1e-05	0.034585	1e-05	1e-05	0.965385	CAMPUB_168
1e-05	1e-05	1e-05	1e-05	0.99996	CAMPUB_260
1e-05	0.015266	1e-05	1e-05	0.984704	CAMPUB_273
1e-05	0.342454	1e-05	0.019017	0.638509	CAMPUB_136
1e-05	0.169975	1e-05	0.426982	0.403023	CAMPUB_211
1e-05	0.50054	1e-05	1e-05	0.49943	CAMPUB_008
1e-05	0.694645	1e-05	1e-05	0.305325	CAMPUB_040
1e-05	0.122271	0.244149	0.392534	0.241037	CAMPUB_096
1e-05	0.25804	0.280792	0.012707	0.448451	CAMPUB_158
0.401539	0.482232	1e-05	1e-05	0.116208	CAMPUB_203
1e-05	0.415781	0.008693	0.013591	0.561925	CAMPUB_209
0.228168	0.2078	0.022106	0.043135	0.498791	CAMPUB_098
1e-05	1e-05	1e-05	0.466527	0.533443	CAMPUB_099
0.1365	0.063414	0.028864	0.243158	0.528064	CAMPUB_237
0.168435	1e-05	0.290834	0.05534	0.485381	CAMPUB_084
0.258279	0.04645	0.017198	0.135862	0.542211	CAMPUB_251
0.340384	0.098154	0.044409	1e-05	0.517044	CAMPUB_271
0.570479	0.067115	1e-05	0.044414	0.317983	CAMPUB_152
0.248435	0.113585	0.026093	0.031305	0.580583	CAMPUB_074
0.21851	0.181738	0.023542	1e-05	0.576199	CAMPUB_123
0.420179	0.129572	0.061453	1e-05	0.388786	CAMPUB_029
0.423568	0.137385	0.059134	1e-05	0.379903	CAMPUB_030
0.370565	0.262003	0.024607	0.008298	0.334527	CAMPUB_259
0.352325	0.202883	0.050153	0.028637	0.366001	CAMPUB_261
1e-05	0.332353	1e-05	0.269444	0.398184	CAMPUB_175
0.005108	0.479227	1e-05	0.143473	0.372182	UNT_038_new
0.221491	0.142306	0.160205	0.075854	0.400145	UNT_035_reseq
0.304981	0.231063	0.026278	0.115668	0.32201	UNT_042_reseq
