0.000012 0.999908 0.000010 0.000010 0.000010 0.000010 0.000010 0.000010 0.000010 0.000010
0.000010 0.000010 0.000010 0.000011 0.000013 0.000012 0.999905 0.000010 0.000010 0.000010
0.000010 0.005697 0.202516 0.112749 0.000010 0.000010 0.455760 0.032790 0.081809 0.108649
0.000010 0.245171 0.000010 0.000010 0.000010 0.000010 0.685496 0.000010 0.000010 0.069263
0.000010 0.000011 0.000010 0.000010 0.000016 0.000010 0.000010 0.000010 0.000010 0.999902
0.000010 0.000010 0.000010 0.000010 0.000010 0.031164 0.161794 0.000010 0.000010 0.806971
0.056145 0.012432 0.000010 0.030663 0.000010 0.000010 0.000010 0.133157 0.172427 0.595137
0.000010 0.000010 0.000010 0.000011 0.000010 0.000010 0.534726 0.000010 0.000010 0.465192
0.000010 0.000010 0.000010 0.000010 0.000010 0.000010 0.372120 0.000010 0.000010 0.627800
0.084961 0.035658 0.000012 0.080073 0.000015 0.000010 0.000010 0.122393 0.614035 0.062832
0.000010 0.000010 0.000010 0.000010 0.000010 0.000010 0.000010 0.098261 0.000010 0.901659
0.000010 0.000010 0.049767 0.000010 0.476930 0.026979 0.308108 0.000010 0.031158 0.107019
0.000010 0.000010 0.000010 0.000010 0.000010 0.000010 0.000010 0.000010 0.000010 0.999910
0.000010 0.000010 0.000010 0.000010 0.000010 0.000010 0.000010 0.000010 0.000010 0.999910
0.000010 0.002347 0.072938 0.009930 0.000010 0.192771 0.000010 0.000010 0.000010 0.721965
0.000010 0.000010 0.000010 0.000010 0.000010 0.000010 0.156754 0.000010 0.000010 0.843166
0.000010 0.000010 0.000010 0.000012 0.000010 0.169737 0.000010 0.000010 0.042487 0.787705
0.000010 0.000010 0.000010 0.000010 0.000010 0.000010 0.975139 0.000010 0.000010 0.024781
0.000010 0.000010 0.000010 0.000010 0.000010 0.000010 0.000010 0.000010 0.999910 0.000010
0.000010 0.999910 0.000010 0.000010 0.000010 0.000010 0.000010 0.000010 0.000010 0.000010
0.039676 0.040012 0.000010 0.838993 0.000010 0.000010 0.000010 0.000010 0.000010 0.081258
0.000010 0.999910 0.000010 0.000010 0.000010 0.000010 0.000010 0.000010 0.000010 0.000010
0.000010 0.999910 0.000010 0.000010 0.000010 0.000010 0.000010 0.000010 0.000010 0.000010
0.028507 0.000017 0.438462 0.051331 0.041794 0.000010 0.059566 0.043431 0.195439 0.141443
0.000010 0.000010 0.000010 0.000010 0.000010 0.000010 0.000010 0.000010 0.999910 0.000010
0.000010 0.000010 0.595884 0.000010 0.000010 0.000010 0.046042 0.000010 0.176043 0.181971
0.000010 0.000012 0.477378 0.000010 0.000010 0.000010 0.012663 0.000010 0.387764 0.122132
0.000010 0.000011 0.503685 0.000010 0.000010 0.000010 0.045316 0.000010 0.352662 0.098276
0.098036 0.033363 0.000010 0.164956 0.000010 0.663214 0.000010 0.000010 0.000010 0.040381
0.027706 0.000010 0.768850 0.000010 0.000010 0.000010 0.000010 0.000010 0.173706 0.029678
0.000010 0.085727 0.000010 0.813814 0.000010 0.000010 0.000010 0.013939 0.000010 0.086460
0.000010 0.048233 0.000010 0.341214 0.468007 0.000010 0.000010 0.009980 0.032493 0.100033
0.001349 0.098164 0.000010 0.814760 0.000010 0.000010 0.000010 0.020953 0.000010 0.064724
0.074833 0.000010 0.000010 0.003336 0.000010 0.000010 0.000010 0.000010 0.000010 0.921760
0.039496 0.035046 0.190406 0.338571 0.044412 0.000010 0.139211 0.000010 0.097664 0.115175
0.038599 0.028979 0.113105 0.360093 0.000010 0.013384 0.014778 0.000010 0.353526 0.077516
0.000010 0.030193 0.000010 0.353594 0.078909 0.208060 0.000010 0.000010 0.275178 0.054027
0.064051 0.023859 0.557460 0.021776 0.016040 0.000010 0.154542 0.000010 0.000010 0.162243
0.000010 0.573746 0.000010 0.125110 0.000010 0.000010 0.000010 0.236176 0.000010 0.064908
0.055749 0.057094 0.188439 0.202876 0.087512 0.050618 0.008792 0.015786 0.129315 0.203818
0.080534 0.000010 0.281607 0.062099 0.068314 0.067380 0.000010 0.000010 0.215562 0.224475
0.221249 0.000010 0.000010 0.000010 0.150355 0.037659 0.192773 0.000010 0.000010 0.397913
0.117314 0.000010 0.025379 0.000010 0.490648 0.050748 0.036132 0.000010 0.000010 0.279739
0.078173 0.088224 0.249938 0.204719 0.000010 0.131139 0.000010 0.023396 0.092890 0.131502
0.219328 0.003897 0.076540 0.144525 0.117929 0.169425 0.000010 0.008920 0.042021 0.217405
0.000010 0.511320 0.292305 0.000010 0.000010 0.000010 0.007238 0.001999 0.000010 0.187089
0.002634 0.209798 0.145524 0.169470 0.000010 0.000010 0.336314 0.000010 0.033568 0.102662
0.999910 0.000010 0.000010 0.000010 0.000010 0.000010 0.000010 0.000010 0.000010 0.000010
0.000010 0.000011 0.000012 0.000010 0.108930 0.000010 0.346603 0.000010 0.000010 0.544393
0.543580 0.000011 0.000010 0.213011 0.231465 0.000010 0.000010 0.000010 0.000010 0.011884
0.000010 0.000010 0.000010 0.110004 0.369736 0.000016 0.248396 0.000010 0.103828 0.167980
0.000010 0.000010 0.560510 0.000010 0.000010 0.439410 0.000010 0.000010 0.000010 0.000010
0.000010 0.420262 0.000010 0.564005 0.000010 0.000010 0.000010 0.000010 0.000010 0.015663
0.000010 0.000010 0.000010 0.000010 0.000010 0.000010 0.000010 0.999910 0.000010 0.000010
0.000010 0.000010 0.068215 0.000010 0.000010 0.609704 0.000010 0.013304 0.308717 0.000010
0.000010 0.080134 0.000010 0.327489 0.000010 0.592307 0.000010 0.000010 0.000010 0.000010
0.000010 0.006871 0.218036 0.187240 0.000010 0.505648 0.036154 0.038768 0.007254 0.000010
0.000010 0.000010 0.000010 0.000010 0.000010 0.000010 0.999910 0.000010 0.000010 0.000010
0.000010 0.015149 0.455419 0.387804 0.000010 0.000010 0.032057 0.003720 0.028883 0.076940
0.000010 0.015636 0.453727 0.381660 0.000010 0.000010 0.030981 0.002044 0.039610 0.076312
0.000010 0.000010 0.000010 0.000010 0.000010 0.000010 0.000010 0.101665 0.898255 0.000010
0.000010 0.000010 0.000010 0.000010 0.000010 0.000010 0.999909 0.000010 0.000011 0.000010
0.000010 0.000010 0.992085 0.000010 0.000010 0.000010 0.000010 0.000010 0.007835 0.000010
0.048624 0.108626 0.111531 0.369649 0.000010 0.086057 0.055784 0.029777 0.189933 0.000010
0.000010 0.000010 0.000010 0.000010 0.000010 0.000010 0.000010 0.999910 0.000010 0.000010
0.000010 0.000010 0.000010 0.000010 0.000010 0.000010 0.000010 0.999910 0.000010 0.000010
0.026726 0.060897 0.000010 0.049994 0.000010 0.862322 0.000010 0.000010 0.000010 0.000010
0.033812 0.000010 0.616080 0.000010 0.062661 0.000010 0.068860 0.000010 0.218538 0.000010
0.000010 0.000010 0.015849 0.000010 0.000010 0.000010 0.000010 0.000010 0.984071 0.000010
0.000010 0.000010 0.000010 0.000010 0.000010 0.000012 0.000010 0.999907 0.000011 0.000010
0.000010 0.000010 0.000012 0.000010 0.000010 0.000019 0.000010 0.999898 0.000011 0.000010
0.000010 0.000010 0.999910 0.000010 0.000010 0.000010 0.000010 0.000010 0.000010 0.000010
0.000013 0.013274 0.198751 0.122294 0.000010 0.366056 0.000010 0.044690 0.254892 0.000010
0.000010 0.000010 0.000010 0.000010 0.000010 0.000010 0.000010 0.000010 0.999910 0.000010
0.816782 0.033929 0.000010 0.149219 0.000010 0.000010 0.000010 0.000010 0.000010 0.000010
0.000010 0.000010 0.000010 0.999906 0.000010 0.000014 0.000010 0.000010 0.000010 0.000010
0.000010 0.000010 0.000010 0.000010 0.999910 0.000010 0.000010 0.000010 0.000010 0.000010
0.000010 0.045932 0.000010 0.939609 0.000010 0.000010 0.000010 0.014389 0.000010 0.000010
0.000010 0.000011 0.000010 0.000010 0.999909 0.000010 0.000010 0.000010 0.000010 0.000010
0.000010 0.000010 0.000010 0.000010 0.999910 0.000010 0.000010 0.000010 0.000010 0.000010
0.000010 0.000010 0.000011 0.692928 0.306991 0.000010 0.000010 0.000010 0.000010 0.000010
0.070038 0.054767 0.093901 0.666316 0.000694 0.000010 0.027038 0.000010 0.087215 0.000010
0.000010 0.000013 0.000010 0.000010 0.000010 0.000010 0.999904 0.000013 0.000010 0.000010
0.069954 0.073679 0.278420 0.464671 0.013020 0.009054 0.023310 0.000010 0.055949 0.011934
0.000010 0.015274 0.000010 0.017073 0.000010 0.000010 0.000010 0.058581 0.909012 0.000010
0.001232 0.533392 0.000010 0.002310 0.000010 0.057774 0.000010 0.000010 0.405242 0.000010
0.000010 0.000010 0.000010 0.476402 0.000010 0.302723 0.166465 0.032793 0.000010 0.021566
0.422461 0.000010 0.121228 0.447344 0.000010 0.000010 0.000010 0.008906 0.000010 0.000010
0.000015 0.000010 0.000010 0.703289 0.296626 0.000010 0.000010 0.000010 0.000010 0.000010
0.000015 0.000010 0.000010 0.000015 0.000010 0.000010 0.999899 0.000010 0.000010 0.000010
0.059010 0.000010 0.091323 0.480525 0.000012 0.000010 0.258804 0.002122 0.000010 0.108174
0.000010 0.493109 0.007315 0.000010 0.200953 0.128131 0.170442 0.000010 0.000010 0.000010
0.000010 0.016960 0.074486 0.143774 0.000010 0.000010 0.740511 0.001767 0.000010 0.022462
0.000010 0.000010 0.115990 0.000010 0.272852 0.133943 0.369245 0.000010 0.000010 0.107920
0.000010 0.000010 0.298555 0.060627 0.000012 0.050785 0.553972 0.018264 0.017754 0.000010
0.441457 0.000010 0.000010 0.000010 0.000010 0.000010 0.558462 0.000012 0.000010 0.000010
0.000010 0.000010 0.000010 0.000010 0.000015 0.435910 0.564005 0.000010 0.000010 0.000010
0.000010 0.518538 0.000010 0.000010 0.000010 0.000010 0.481378 0.000010 0.000014 0.000010
0.000010 0.000010 0.000010 0.427909 0.000010 0.000010 0.572011 0.000010 0.000010 0.000010
0.000012 0.000010 0.000010 0.000010 0.416664 0.000010 0.583254 0.000010 0.000010 0.000010
0.143859 0.035075 0.000010 0.041681 0.380431 0.152188 0.246727 0.000010 0.000010 0.000010
0.034591 0.000010 0.327490 0.538848 0.000010 0.000010 0.000010 0.000010 0.099012 0.000010
0.000010 0.000010 0.000010 0.564608 0.435312 0.000010 0.000010 0.000010 0.000010 0.000010
0.000010 0.001686 0.108589 0.271094 0.307027 0.007149 0.244887 0.016625 0.020964 0.021968
0.000010 0.000010 0.000010 0.000010 0.000010 0.000010 0.999910 0.000010 0.000010 0.000010
0.000010 0.000011 0.000010 0.000010 0.000010 0.000010 0.999909 0.000010 0.000010 0.000010
0.004231 0.058042 0.184280 0.517522 0.000010 0.026743 0.042778 0.074195 0.092189 0.000010
0.000010 0.000010 0.000010 0.000010 0.000010 0.999910 0.000010 0.000010 0.000010 0.000010
0.464644 0.000010 0.000010 0.000010 0.000010 0.000010 0.535276 0.000010 0.000010 0.000010
0.000010 0.000010 0.000010 0.496679 0.000010 0.000010 0.503241 0.000010 0.000010 0.000010
0.000010 0.999910 0.000010 0.000010 0.000010 0.000010 0.000010 0.000010 0.000010 0.000010
0.000010 0.025146 0.000010 0.328123 0.000010 0.000010 0.620969 0.025702 0.000010 0.000010
0.000010 0.000010 0.561608 0.000010 0.000010 0.000010 0.087445 0.014806 0.328090 0.008001
0.030964 0.040568 0.276747 0.511492 0.000010 0.000010 0.015995 0.035338 0.088866 0.000010
0.048052 0.028506 0.471126 0.115982 0.000010 0.273014 0.012270 0.007728 0.043302 0.000010
0.000010 0.000011 0.000010 0.086982 0.699148 0.213799 0.000010 0.000010 0.000010 0.000010
0.087089 0.000010 0.000010 0.000010 0.000010 0.011664 0.056536 0.000010 0.000010 0.844651
0.000010 0.001734 0.000010 0.998186 0.000010 0.000010 0.000010 0.000010 0.000010 0.000010
0.085021 0.116431 0.000010 0.407050 0.000010 0.391439 0.000010 0.000010 0.000010 0.000010
0.000010 0.000015 0.000011 0.999899 0.000010 0.000010 0.000014 0.000010 0.000010 0.000010
0.000010 0.999910 0.000010 0.000010 0.000010 0.000010 0.000010 0.000010 0.000010 0.000010
0.000010 0.999910 0.000010 0.000010 0.000010 0.000010 0.000010 0.000010 0.000010 0.000010
0.794804 0.000010 0.097993 0.000010 0.000010 0.107132 0.000010 0.000010 0.000010 0.000010
0.000013 0.545006 0.336697 0.000011 0.020528 0.000010 0.021884 0.011429 0.000010 0.064412
0.275057 0.000010 0.000010 0.724863 0.000010 0.000010 0.000010 0.000010 0.000010 0.000010
0.000010 0.530395 0.469524 0.000010 0.000011 0.000010 0.000010 0.000010 0.000010 0.000010
0.000010 0.000010 0.259829 0.707884 0.000010 0.000010 0.000012 0.032216 0.000010 0.000010
0.596853 0.000010 0.000010 0.000010 0.000010 0.000010 0.403066 0.000010 0.000010 0.000010
0.001490 0.000010 0.642799 0.355640 0.000010 0.000010 0.000010 0.000010 0.000010 0.000010
0.226609 0.000010 0.000010 0.773311 0.000010 0.000010 0.000010 0.000010 0.000010 0.000010
0.147909 0.436627 0.000010 0.151935 0.000010 0.035741 0.227739 0.000010 0.000010 0.000010
0.469916 0.000010 0.000010 0.530004 0.000010 0.000010 0.000010 0.000010 0.000010 0.000010
0.000010 0.214808 0.153541 0.252897 0.005139 0.017701 0.333093 0.000010 0.000010 0.022791
0.000010 0.057437 0.000010 0.327860 0.042800 0.194103 0.022519 0.002614 0.352636 0.000010
0.324370 0.031577 0.000010 0.092438 0.002619 0.178146 0.288885 0.000010 0.081935 0.000010
0.999905 0.000010 0.000010 0.000010 0.000010 0.000010 0.000010 0.000015 0.000010 0.000010
0.000010 0.000010 0.616178 0.000010 0.000010 0.000010 0.124161 0.031909 0.227691 0.000010
0.000010 0.620325 0.000010 0.209496 0.000010 0.061106 0.000010 0.000010 0.109012 0.000010
0.515354 0.000010 0.000010 0.000010 0.484566 0.000010 0.000010 0.000010 0.000010 0.000010
0.037805 0.000010 0.000010 0.100943 0.589986 0.003333 0.000010 0.000010 0.267884 0.000010
0.000010 0.000010 0.065661 0.000010 0.003087 0.000010 0.349404 0.000011 0.000010 0.581787
0.000010 0.000010 0.000010 0.518916 0.481004 0.000010 0.000010 0.000010 0.000010 0.000010
0.000010 0.021256 0.000010 0.966548 0.000010 0.000010 0.000010 0.000010 0.012125 0.000010
0.000010 0.000010 0.371110 0.161860 0.000010 0.000010 0.015770 0.000010 0.451200 0.000010
0.000010 0.000010 0.000010 0.000010 0.000010 0.000010 0.948774 0.000010 0.051146 0.000010
0.000010 0.000010 0.650058 0.000010 0.000017 0.000010 0.056092 0.052003 0.195640 0.046149
0.000010 0.000010 0.000010 0.000010 0.000010 0.000010 0.000010 0.044222 0.955698 0.000010
0.000010 0.000012 0.999908 0.000011 0.000010 0.000010 0.000010 0.000010 0.000010 0.000010
0.000010 0.999910 0.000010 0.000010 0.000010 0.000010 0.000010 0.000010 0.000010 0.000010
0.000010 0.000010 0.000010 0.427608 0.227428 0.080642 0.000010 0.000010 0.264262 0.000010
0.000010 0.999910 0.000010 0.000010 0.000010 0.000010 0.000010 0.000010 0.000010 0.000010
0.000010 0.000010 0.000010 0.000010 0.000010 0.104495 0.000010 0.000010 0.895425 0.000010
0.000010 0.125609 0.000010 0.874311 0.000010 0.000010 0.000010 0.000010 0.000010 0.000010
0.533702 0.000010 0.000010 0.000010 0.466214 0.000010 0.000011 0.000010 0.000013 0.000010
0.000010 0.559207 0.000010 0.000010 0.440704 0.000010 0.000010 0.000010 0.000019 0.000010
0.000010 0.422233 0.068918 0.027949 0.413666 0.024974 0.000010 0.000010 0.042220 0.000010
0.470756 0.000010 0.000010 0.000010 0.529164 0.000010 0.000010 0.000010 0.000010 0.000010
0.004480 0.000010 0.013108 0.094922 0.549634 0.090386 0.000010 0.005639 0.221803 0.020008
0.000010 0.000010 0.000010 0.000010 0.000010 0.999910 0.000010 0.000010 0.000010 0.000010
0.000010 0.000010 0.000010 0.000010 0.546319 0.000010 0.453597 0.000014 0.000010 0.000010
0.000010 0.000010 0.432780 0.000010 0.000010 0.000010 0.567140 0.000010 0.000010 0.000010
0.169674 0.000010 0.000010 0.238651 0.186968 0.000010 0.404647 0.000010 0.000010 0.000010
0.630289 0.058586 0.000013 0.142890 0.000016 0.168165 0.000010 0.000010 0.000012 0.000010
0.000010 0.000010 0.471378 0.135631 0.000010 0.288072 0.000010 0.000010 0.104859 0.000010
0.000010 0.000010 0.654078 0.000010 0.000010 0.345842 0.000010 0.000010 0.000010 0.000010
0.001236 0.020117 0.237433 0.236663 0.459488 0.000010 0.039224 0.002138 0.003680 0.000010
0.738868 0.013579 0.000010 0.028908 0.000010 0.218585 0.000010 0.000010 0.000010 0.000010
0.000010 0.047312 0.363277 0.074735 0.000010 0.000010 0.117616 0.026206 0.347615 0.023210
0.037874 0.000010 0.000010 0.544015 0.000010 0.083884 0.000010 0.000822 0.333354 0.000010
0.000010 0.454250 0.000010 0.545670 0.000010 0.000010 0.000010 0.000010 0.000010 0.000010
0.054404 0.086037 0.000010 0.212344 0.428803 0.218363 0.000010 0.000010 0.000010 0.000010
0.015123 0.020241 0.401783 0.055321 0.000010 0.507482 0.000010 0.000010 0.000010 0.000010
0.637849 0.000010 0.000010 0.000010 0.000010 0.000010 0.362071 0.000010 0.000010 0.000010
0.016780 0.000010 0.707381 0.275769 0.000010 0.000010 0.000010 0.000010 0.000010 0.000010
0.000010 0.009625 0.231524 0.007825 0.000010 0.581940 0.000010 0.025364 0.143683 0.000010
0.000010 0.000010 0.252008 0.018900 0.591791 0.000010 0.014082 0.056579 0.066601 0.000010
0.000010 0.000010 0.255936 0.017804 0.590497 0.000010 0.011408 0.054204 0.070111 0.000010
0.000010 0.000010 0.000010 0.000010 0.000010 0.020528 0.000010 0.118648 0.860755 0.000010
0.000010 0.027611 0.055617 0.374987 0.000010 0.186600 0.000010 0.016274 0.338870 0.000010
0.000010 0.026191 0.113531 0.232617 0.008946 0.364542 0.000010 0.000010 0.254132 0.000010
0.012144 0.017739 0.289693 0.169716 0.000010 0.000010 0.006808 0.000010 0.503860 0.000010
0.000010 0.000012 0.000010 0.000010 0.000010 0.000010 0.999908 0.000010 0.000010 0.000010
0.000010 0.000010 0.000010 0.000010 0.999910 0.000010 0.000010 0.000010 0.000010 0.000010
0.445400 0.000010 0.000010 0.000010 0.000010 0.000010 0.554520 0.000010 0.000010 0.000010
0.000010 0.000010 0.000010 0.000010 0.000010 0.000010 0.999910 0.000010 0.000010 0.000010
0.000010 0.000010 0.000010 0.000010 0.513011 0.000010 0.486909 0.000010 0.000010 0.000010
0.000010 0.000010 0.000010 0.439488 0.560432 0.000010 0.000010 0.000010 0.000010 0.000010
0.000013 0.000010 0.000010 0.000010 0.000010 0.000010 0.999900 0.000014 0.000013 0.000010
0.000013 0.000010 0.000010 0.000010 0.297402 0.000010 0.702515 0.000010 0.000010 0.000010
0.000010 0.000010 0.000010 0.000010 0.999906 0.000010 0.000014 0.000010 0.000010 0.000010
0.000010 0.000010 0.177780 0.561657 0.217277 0.000010 0.019794 0.005180 0.018272 0.000010
0.000011 0.000010 0.000010 0.000010 0.000010 0.000010 0.999909 0.000010 0.000010 0.000010
0.000010 0.000010 0.000010 0.000010 0.999910 0.000010 0.000010 0.000010 0.000010 0.000010
0.000010 0.000013 0.000010 0.000010 0.000010 0.000016 0.999901 0.000010 0.000010 0.000010
0.000010 0.000010 0.000010 0.548370 0.451550 0.000010 0.000010 0.000010 0.000010 0.000010
0.000010 0.999910 0.000010 0.000010 0.000010 0.000010 0.000010 0.000010 0.000010 0.000010
0.000010 0.000011 0.000010 0.000010 0.000010 0.999909 0.000010 0.000010 0.000010 0.000010
0.562845 0.000013 0.000014 0.000010 0.437068 0.000010 0.000010 0.000010 0.000010 0.000010
0.489015 0.000010 0.000010 0.000010 0.000010 0.000010 0.510905 0.000010 0.000010 0.000010
0.000010 0.000010 0.000010 0.480388 0.519532 0.000010 0.000010 0.000010 0.000010 0.000010
0.024719 0.000010 0.000010 0.021821 0.000010 0.362428 0.590972 0.000010 0.000010 0.000010
0.000010 0.000010 0.325999 0.673915 0.000016 0.000010 0.000010 0.000010 0.000010 0.000010
0.019811 0.000010 0.000010 0.058555 0.000010 0.732427 0.000010 0.048266 0.140892 0.000010
0.000010 0.000010 0.000010 0.000010 0.999910 0.000010 0.000010 0.000010 0.000010 0.000010
0.000010 0.000010 0.000010 0.359301 0.000010 0.634656 0.000010 0.005972 0.000010 0.000010
0.000010 0.000010 0.000010 0.000010 0.999910 0.000010 0.000010 0.000010 0.000010 0.000010
0.000010 0.000010 0.668416 0.000010 0.331504 0.000010 0.000010 0.000010 0.000010 0.000010
0.490449 0.000013 0.000010 0.000010 0.509464 0.000010 0.000010 0.000014 0.000010 0.000010
0.000010 0.031169 0.320342 0.304658 0.000010 0.000010 0.015397 0.029665 0.203125 0.095613
0.012482 0.000010 0.000010 0.987438 0.000010 0.000010 0.000010 0.000010 0.000010 0.000010
0.030608 0.077009 0.324542 0.272540 0.010032 0.002938 0.038572 0.027375 0.165110 0.051274
0.000010 0.000012 0.655227 0.000010 0.000010 0.000010 0.093767 0.018021 0.193810 0.039123
0.000010 0.000010 0.000010 0.999910 0.000010 0.000010 0.000010 0.000010 0.000010 0.000010
0.004376 0.090109 0.009376 0.543946 0.006737 0.166909 0.000010 0.010811 0.135915 0.031810
0.000010 0.088141 0.010016 0.548259 0.007705 0.114719 0.003903 0.024270 0.179855 0.023121
0.000010 0.000010 0.000010 0.937393 0.062527 0.000010 0.000010 0.000010 0.000010 0.000010
0.000010 0.064877 0.000010 0.925192 0.000010 0.000010 0.000010 0.009860 0.000010 0.000010
0.000010 0.000010 0.355324 0.553552 0.000010 0.000010 0.019229 0.035842 0.000010 0.036003
0.114887 0.000010 0.000010 0.754644 0.069357 0.000010 0.000010 0.027485 0.000010 0.033577
0.000010 0.000010 0.000010 0.999910 0.000010 0.000010 0.000010 0.000010 0.000010 0.000010
0.007081 0.347347 0.000010 0.236423 0.000010 0.000010 0.000010 0.036128 0.372971 0.000010
0.075451 0.050682 0.008531 0.343288 0.019705 0.088338 0.000010 0.040590 0.318214 0.055191
0.000010 0.000010 0.564053 0.000010 0.000010 0.435867 0.000010 0.000010 0.000010 0.000010
