0.999970 0.000010 0.000010 0.000010
0.000010 0.999970 0.000010 0.000010
0.135419 0.504629 0.003670 0.356283
0.272153 0.727827 0.000010 0.000010
0.028675 0.217586 0.120598 0.633142
0.002879 0.329973 0.100530 0.566619
0.225969 0.096696 0.070666 0.606669
0.000010 0.702238 0.078832 0.218920
0.000010 0.575589 0.077597 0.346804
0.308051 0.000010 0.044814 0.647125
0.165277 0.130037 0.127753 0.576932
0.000010 0.343457 0.500627 0.155905
0.000010 0.118793 0.115453 0.765743
0.000010 0.118607 0.113340 0.768043
0.144957 0.117174 0.028484 0.709385
0.074001 0.390374 0.049052 0.486573
0.039627 0.126730 0.087467 0.746176
0.000016 0.999964 0.000010 0.000010
0.000010 0.019290 0.012387 0.968314
0.999970 0.000010 0.000010 0.000010
0.897522 0.000010 0.053289 0.049180
0.999970 0.000010 0.000010 0.000010
0.999970 0.000010 0.000010 0.000010
0.098714 0.112170 0.066736 0.722380
0.000010 0.000011 0.000010 0.999969
0.000010 0.110148 0.000010 0.889832
0.000010 0.058171 0.000010 0.941809
0.000010 0.092077 0.000010 0.907903
0.435981 0.000010 0.000010 0.563999
0.075686 0.000010 0.000010 0.924294
0.920113 0.000010 0.018653 0.061224
0.406430 0.000010 0.519596 0.073964
0.903933 0.000010 0.072047 0.024010
0.155096 0.171848 0.137711 0.535345
0.412667 0.174201 0.070419 0.342713
0.442057 0.024759 0.039202 0.493981
0.412758 0.000010 0.123599 0.463633
0.114247 0.228567 0.029569 0.627616
0.809056 0.000010 0.000010 0.190924
0.344062 0.047170 0.123205 0.485563
0.157480 0.040632 0.104527 0.697361
0.213577 0.279920 0.227065 0.279438
0.079576 0.065474 0.570182 0.284769
0.425029 0.012379 0.000010 0.562582
0.411912 0.000010 0.155567 0.432511
0.536885 0.056955 0.000010 0.406150
0.396943 0.374651 0.000010 0.228396
0.996787 0.003193 0.000010 0.000010
0.000010 0.467801 0.166584 0.365605
0.720530 0.000010 0.279450 0.000010
0.105724 0.301550 0.426775 0.165951
0.000010 0.000010 0.000010 0.999970
0.999970 0.000010 0.000010 0.000010
0.375534 0.000461 0.013066 0.610940
0.124519 0.000010 0.006823 0.868648
0.565745 0.000010 0.000010 0.434235
0.316901 0.038986 0.000010 0.644103
0.000010 0.999970 0.000010 0.000010
0.390248 0.096113 0.000010 0.513630
0.385258 0.094822 0.000010 0.519910
0.159918 0.010318 0.044834 0.784931
0.000010 0.999970 0.000010 0.000010
0.048238 0.043295 0.000010 0.908458
0.566570 0.057686 0.000010 0.375734
0.367841 0.000010 0.022492 0.609657
0.378589 0.000010 0.027459 0.593942
0.419929 0.000010 0.000010 0.580051
0.000010 0.103087 0.095276 0.801627
0.005648 0.029759 0.056361 0.908232
0.385239 0.000010 0.047659 0.567092
0.386630 0.000010 0.044028 0.569332
0.000010 0.000010 0.000010 0.999970
0.227878 0.000010 0.004602 0.767510
0.000010 0.000010 0.000010 0.999970
0.999970 0.000010 0.000010 0.000010
0.999970 0.000010 0.000010 0.000010
0.000015 0.000010 0.999965 0.000010
0.958733 0.000010 0.041247 0.000010
0.000010 0.000010 0.999970 0.000010
0.000010 0.000010 0.999970 0.000010
0.605287 0.000015 0.394689 0.000010
0.747288 0.036266 0.056195 0.160251
0.000010 0.999970 0.000010 0.000010
0.592994 0.043849 0.031468 0.331689
0.185893 0.018882 0.030372 0.764853
0.641564 0.000010 0.000010 0.358416
0.490455 0.157304 0.030976 0.321264
0.841761 0.034226 0.000010 0.124003
0.609212 0.000010 0.390768 0.000010
0.000010 0.999970 0.000010 0.000010
0.497710 0.286894 0.049282 0.166115
0.521157 0.160842 0.163637 0.154363
0.162005 0.768301 0.000010 0.069684
0.000010 0.393203 0.291406 0.315381
0.056075 0.578206 0.000010 0.365709
0.431059 0.568921 0.000010 0.000010
0.000010 0.541637 0.000010 0.458343
0.528422 0.471558 0.000010 0.000010
0.415851 0.584129 0.000010 0.000010
0.000010 0.586534 0.413446 0.000010
0.269637 0.254919 0.397167 0.078277
0.524070 0.029477 0.034869 0.411584
0.527925 0.000010 0.472055 0.000010
0.247426 0.254445 0.332315 0.165813
0.000010 0.999970 0.000010 0.000010
0.000010 0.999970 0.000010 0.000010
0.595442 0.057412 0.031892 0.315255
0.199048 0.000010 0.000010 0.800932
0.452579 0.547401 0.000010 0.000010
0.479727 0.515413 0.004850 0.000010
0.999970 0.000010 0.000010 0.000010
0.346898 0.630830 0.022262 0.000010
0.000010 0.117885 0.000010 0.882095
0.591728 0.035309 0.003137 0.369826
0.236610 0.041968 0.000010 0.721412
0.154200 0.000010 0.729042 0.116748
0.135826 0.234700 0.124143 0.505331
0.999970 0.000010 0.000010 0.000010
0.702687 0.000010 0.026026 0.271277
0.999970 0.000010 0.000010 0.000010
0.999967 0.000013 0.000010 0.000010
0.999970 0.000010 0.000010 0.000010
0.777167 0.037611 0.000010 0.185212
0.568890 0.055822 0.000010 0.375278
0.999970 0.000010 0.000010 0.000010
0.534736 0.006181 0.000010 0.459073
0.643950 0.019757 0.040770 0.295523
0.590389 0.409591 0.000010 0.000010
0.324841 0.024134 0.035209 0.615815
0.966061 0.000010 0.033919 0.000010
0.769721 0.230259 0.000010 0.000010
0.999970 0.000010 0.000010 0.000010
0.470993 0.345284 0.002325 0.181398
0.450433 0.030083 0.081730 0.437754
0.489805 0.288465 0.027698 0.194032
0.999970 0.000010 0.000010 0.000010
0.009012 0.161547 0.000010 0.829430
0.871793 0.000010 0.000010 0.128187
0.502421 0.000010 0.497559 0.000010
0.137089 0.000010 0.626742 0.236160
0.000010 0.443411 0.065817 0.490762
0.440630 0.000010 0.559350 0.000010
0.968045 0.000010 0.009929 0.022015
0.204813 0.050253 0.000010 0.744924
0.000010 0.956969 0.000010 0.043011
0.005560 0.112259 0.000010 0.882171
0.142313 0.000010 0.066884 0.790793
0.000010 0.000010 0.000010 0.999970
0.999970 0.000010 0.000010 0.000010
0.431375 0.000010 0.285024 0.283591
0.999970 0.000010 0.000010 0.000010
0.193195 0.000010 0.009331 0.797463
0.999970 0.000010 0.000010 0.000010
0.493272 0.000010 0.506708 0.000010
0.611465 0.000010 0.388515 0.000010
0.507665 0.000010 0.370657 0.121669
0.468735 0.000020 0.531235 0.000010
0.115728 0.000010 0.583840 0.300422
0.199328 0.000010 0.000010 0.800652
0.000010 0.453978 0.546002 0.000010
0.018177 0.605120 0.000010 0.376693
0.369592 0.411403 0.218996 0.000010
0.863527 0.000010 0.000010 0.136453
0.170331 0.000010 0.000010 0.829649
0.000010 0.000010 0.000010 0.999970
0.229966 0.054780 0.476832 0.238422
0.835203 0.000010 0.000010 0.164777
0.145577 0.144044 0.025597 0.684782
0.602842 0.009229 0.025306 0.362624
0.999970 0.000010 0.000010 0.000010
0.435910 0.000010 0.450493 0.113587
0.214251 0.007948 0.000010 0.777790
0.615393 0.384587 0.000010 0.000010
0.278669 0.000010 0.000010 0.721311
0.148860 0.000010 0.000010 0.851120
0.007371 0.033075 0.612583 0.346971
0.004291 0.030203 0.610954 0.354552
0.124958 0.000010 0.065707 0.809325
0.481289 0.000010 0.000010 0.518691
0.326225 0.000010 0.040458 0.633307
0.244142 0.037708 0.000010 0.718140
0.000010 0.999970 0.000010 0.000010
0.000010 0.000010 0.999970 0.000010
0.433747 0.566233 0.000010 0.000010
0.000010 0.999970 0.000010 0.000010
0.000010 0.486880 0.513100 0.000010
0.375510 0.000010 0.624470 0.000010
0.000011 0.999969 0.000010 0.000010
0.000010 0.704731 0.295249 0.000010
0.000010 0.000010 0.999970 0.000010
0.525113 0.031522 0.254145 0.189219
0.000010 0.999970 0.000010 0.000010
0.000010 0.000010 0.999970 0.000010
0.000010 0.999970 0.000010 0.000010
0.479340 0.000010 0.520640 0.000010
0.999970 0.000010 0.000010 0.000010
0.161148 0.000010 0.000010 0.838832
0.547661 0.000010 0.452319 0.000010
0.483660 0.516320 0.000010 0.000010
0.404533 0.000010 0.595447 0.000010
0.152133 0.590003 0.000010 0.257853
0.554717 0.032654 0.110343 0.302285
0.228309 0.000010 0.000010 0.771671
0.000010 0.000010 0.999970 0.000010
0.413425 0.000010 0.016938 0.569627
0.000010 0.000010 0.999970 0.000010
0.000010 0.000010 0.320392 0.679588
0.470304 0.000013 0.529672 0.000010
0.352901 0.040392 0.020719 0.585988
0.999970 0.000010 0.000010 0.000010
0.390563 0.065087 0.028775 0.515575
0.000010 0.138742 0.000010 0.861238
0.999970 0.000010 0.000010 0.000010
0.660069 0.000295 0.042744 0.296891
0.660529 0.006091 0.044748 0.288633
0.839563 0.000010 0.160417 0.000010
0.981248 0.000010 0.000010 0.018732
0.527902 0.063230 0.000010 0.408858
0.796934 0.006893 0.130071 0.066103
0.999970 0.000010 0.000010 0.000010
0.665989 0.000010 0.028632 0.305369
0.507074 0.012021 0.076105 0.404800
0.000010 0.000010 0.000010 0.999970
