0.000010 0.999980 0.000010
0.000012 0.000010 0.999978
0.353813 0.142123 0.504064
0.000010 0.277929 0.722061
0.690726 0.097303 0.211971
0.610985 0.061765 0.327250
0.628879 0.278387 0.092733
0.247656 0.050508 0.701836
0.379699 0.045644 0.574658
0.645271 0.354719 0.000010
0.621273 0.251895 0.126832
0.229743 0.422400 0.347856
0.818654 0.066607 0.114739
0.827050 0.057312 0.115638
0.737528 0.151369 0.111103
0.519235 0.095540 0.385225
0.795086 0.081770 0.123144
0.000015 0.000010 0.999975
0.982232 0.000010 0.017758
0.000010 0.999980 0.000010
0.037473 0.962517 0.000010
0.000010 0.999980 0.000010
0.000010 0.999980 0.000010
0.742322 0.146723 0.110954
0.999980 0.000010 0.000010
0.891668 0.000010 0.108322
0.943702 0.000010 0.056288
0.908478 0.000010 0.091512
0.557699 0.442291 0.000010
0.925346 0.074644 0.000010
0.045636 0.954354 0.000010
0.158269 0.840102 0.001629
0.023370 0.976620 0.000010
0.579398 0.253420 0.167182
0.346006 0.481673 0.172321
0.489560 0.486448 0.023992
0.472759 0.527231 0.000010
0.642576 0.130573 0.226852
0.174660 0.825330 0.000010
0.497264 0.456567 0.046169
0.715316 0.244316 0.040368
0.322928 0.397381 0.279692
0.392189 0.541606 0.066205
0.551836 0.436287 0.011877
0.451168 0.548822 0.000010
0.400437 0.546290 0.053272
0.217393 0.409074 0.373533
0.000010 0.999980 0.000010
0.432830 0.091667 0.475504
0.000010 0.999980 0.000010
0.260864 0.431846 0.307290
0.999980 0.000010 0.000010
0.000010 0.999980 0.000010
0.603058 0.396932 0.000010
0.866972 0.133018 0.000010
0.424488 0.575502 0.000010
0.646257 0.315353 0.038390
0.000010 0.000010 0.999980
0.502513 0.402567 0.094920
0.509003 0.397225 0.093772
0.789086 0.199891 0.011023
0.000010 0.000010 0.999980
0.912628 0.043883 0.043488
0.362447 0.583471 0.054082
0.598404 0.401586 0.000010
0.583927 0.416063 0.000010
0.564390 0.435600 0.000010
0.820830 0.072747 0.106423
0.926071 0.043621 0.030308
0.560673 0.439317 0.000010
0.562043 0.437947 0.000010
0.999980 0.000010 0.000010
0.764888 0.235102 0.000010
0.999980 0.000010 0.000010
0.000010 0.999980 0.000010
0.000010 0.999980 0.000010
0.015938 0.984052 0.000010
0.000010 0.999980 0.000010
0.178486 0.821504 0.000010
0.143388 0.856602 0.000010
0.000010 0.999980 0.000010
0.148719 0.816615 0.034666
0.000011 0.000010 0.999979
0.313894 0.645231 0.040875
0.764740 0.216539 0.018721
0.343690 0.656300 0.000010
0.313789 0.531458 0.154753
0.105251 0.867503 0.027247
0.000010 0.999980 0.000010
0.000010 0.000010 0.999980
0.163970 0.556270 0.279760
0.164204 0.675584 0.160212
0.065155 0.165552 0.769292
0.373724 0.225285 0.400991
0.370150 0.050422 0.579428
0.000010 0.434636 0.565354
0.456279 0.000010 0.543711
0.000010 0.531454 0.468536
0.000010 0.422167 0.577823
0.064492 0.318591 0.616917
0.126284 0.602389 0.271327
0.401005 0.570889 0.028105
0.083753 0.916237 0.000010
0.203471 0.527444 0.269084
0.000010 0.000010 0.999980
0.000010 0.000010 0.999980
0.303904 0.641587 0.054510
0.807170 0.192820 0.000010
0.000010 0.460877 0.539113
0.000010 0.493608 0.506382
0.000010 0.999980 0.000010
0.000010 0.372770 0.627220
0.882842 0.000010 0.117148
0.350827 0.616341 0.032832
0.717919 0.239875 0.042206
0.219769 0.780221 0.000010
0.539191 0.227246 0.233563
0.000010 0.999980 0.000010
0.245878 0.754112 0.000010
0.000010 0.999980 0.000010
0.000010 0.999980 0.000010
0.000010 0.999980 0.000010
0.161156 0.802334 0.036510
0.364151 0.584155 0.051694
0.000010 0.999980 0.000010
0.451827 0.539220 0.008954
0.286556 0.695515 0.017930
0.000010 0.603320 0.396670
0.612504 0.363874 0.023622
0.000010 0.999980 0.000010
0.000010 0.780098 0.219892
0.000010 0.999980 0.000010
0.168382 0.491446 0.340172
0.437090 0.532216 0.030694
0.183325 0.532162 0.284513
0.000010 0.999980 0.000010
0.836239 0.001349 0.162411
0.103977 0.896013 0.000010
0.008054 0.991936 0.000010
0.349742 0.650248 0.000010
0.518970 0.034750 0.446280
0.000010 0.999980 0.000010
0.000010 0.999980 0.000010
0.745223 0.205398 0.049379
0.040397 0.000010 0.959593
0.887616 0.000010 0.112374
0.800718 0.199272 0.000010
0.999980 0.000010 0.000010
0.000018 0.999972 0.000010
0.322992 0.676998 0.000010
0.000010 0.999980 0.000010
0.793021 0.206969 0.000010
0.000010 0.999980 0.000010
0.008432 0.991558 0.000010
0.000010 0.999980 0.000010
0.163378 0.836612 0.000010
0.032399 0.967591 0.000010
0.409542 0.590448 0.000010
0.805986 0.194004 0.000010
0.000010 0.500298 0.499692
0.393888 0.000010 0.606102
0.000010 0.576229 0.423761
0.114960 0.885030 0.000010
0.830690 0.169300 0.000010
0.999980 0.000010 0.000010
0.303091 0.641549 0.055359
0.148793 0.851197 0.000010
0.693858 0.162383 0.143759
0.344693 0.645663 0.009644
0.000010 0.999980 0.000010
0.156898 0.843092 0.000010
0.777044 0.214288 0.008668
0.000010 0.626495 0.373495
0.722157 0.277833 0.000010
0.849111 0.150879 0.000010
0.399125 0.550040 0.050836
0.406103 0.545578 0.048319
0.824800 0.175190 0.000010
0.507066 0.492924 0.000010
0.628957 0.371033 0.000010
0.719511 0.247163 0.033326
0.000010 0.000010 0.999980
0.103364 0.896626 0.000010
0.000010 0.437943 0.562047
0.000010 0.000010 0.999980
0.066378 0.397089 0.536533
0.000010 0.999980 0.000010
0.000010 0.000010 0.999980
0.062393 0.198379 0.739228
0.117108 0.876145 0.006747
0.217740 0.749197 0.033063
0.000010 0.000010 0.999980
0.021145 0.978845 0.000010
0.000010 0.000010 0.999980
0.000010 0.999980 0.000010
0.000010 0.999980 0.000010
0.838160 0.161830 0.000010
0.035895 0.962952 0.001154
0.000010 0.492124 0.507866
0.000010 0.999980 0.000010
0.257895 0.152491 0.589614
0.300842 0.667610 0.031547
0.761487 0.238503 0.000010
0.160759 0.839231 0.000010
0.557816 0.442174 0.000010
0.106948 0.893042 0.000010
0.770250 0.229740 0.000010
0.000010 0.999980 0.000010
0.584850 0.376149 0.039001
0.000010 0.999980 0.000010
0.510970 0.425934 0.063096
0.861359 0.000010 0.138631
0.000010 0.999980 0.000010
0.288639 0.711224 0.000138
0.271604 0.722444 0.005953
0.000010 0.999980 0.000010
0.017578 0.982412 0.000010
0.406499 0.531514 0.061987
0.065785 0.927697 0.006518
0.000010 0.999980 0.000010
0.287549 0.712441 0.000010
0.401862 0.586941 0.011197
0.999980 0.000010 0.000010
