0.016740 0.815428 0.000010 0.050986 0.116836
0.000010 0.369873 0.012444 0.000010 0.617663
0.004193 0.591425 0.049994 0.000010 0.354378
0.000010 0.000010 0.999960 0.000010 0.000010
0.070137 0.353262 0.132865 0.000010 0.443726
0.076331 0.358461 0.129565 0.000010 0.435633
0.037820 0.630854 0.076578 0.056030 0.198719
0.000010 0.000010 0.999960 0.000010 0.000010
0.022342 0.846455 0.097479 0.000010 0.033713
0.024382 0.333398 0.100866 0.000010 0.541345
0.016096 0.484027 0.059462 0.052752 0.387663
0.000010 0.474141 0.076311 0.061830 0.387708
0.000010 0.554059 0.000010 0.000010 0.445911
0.000010 0.669608 0.143542 0.184850 0.001990
0.000010 0.729899 0.090832 0.126919 0.052340
0.000010 0.457024 0.048546 0.119056 0.375364
0.000010 0.458647 0.049371 0.116692 0.375280
0.000010 0.999959 0.000011 0.000010 0.000010
0.000010 0.699701 0.028410 0.000010 0.271869
0.018757 0.981206 0.000010 0.000017 0.000010
0.000010 0.000010 0.000010 0.023896 0.976074
0.000011 0.000010 0.000010 0.000171 0.999798
0.000010 0.000010 0.000010 0.999960 0.000010
0.000010 0.000010 0.000010 0.037714 0.962256
0.000010 0.000010 0.000010 0.999960 0.000010
0.000010 0.000010 0.000010 0.999960 0.000010
0.000010 0.000010 0.000010 0.395974 0.603996
0.000010 0.110022 0.058962 0.118753 0.712252
0.000010 0.000010 0.999960 0.000010 0.000010
0.007162 0.252381 0.062623 0.060955 0.616879
0.084762 0.593552 0.075603 0.039830 0.206253
0.048357 0.317987 0.000010 0.003334 0.630312
0.050838 0.301738 0.163494 0.039100 0.444831
0.000010 0.078670 0.079102 0.010210 0.832008
0.000010 0.000010 0.000010 0.375497 0.624473
0.000010 0.000010 0.999960 0.000010 0.000010
0.068068 0.046142 0.293268 0.075150 0.517371
0.000010 0.144265 0.201213 0.169526 0.484986
0.058821 0.000010 0.790593 0.000010 0.150567
0.069039 0.218631 0.396993 0.315326 0.000010
0.000010 0.349127 0.581125 0.005777 0.063960
0.003891 0.000010 0.586561 0.000010 0.409528
0.002355 0.425611 0.572014 0.000010 0.000010
0.000010 0.000010 0.462546 0.000010 0.537424
0.000010 0.000019 0.592605 0.000010 0.407357
0.000010 0.000010 0.578130 0.421840 0.000010
0.024777 0.052904 0.220739 0.446239 0.255341
0.000010 0.329718 0.037354 0.059201 0.573718
0.000010 0.000010 0.000010 0.409957 0.590013
0.005239 0.120383 0.287186 0.335360 0.251832
0.000010 0.000010 0.999960 0.000010 0.000010
0.000010 0.000010 0.999960 0.000010 0.000010
0.000010 0.308373 0.077251 0.021905 0.592462
0.000010 0.762550 0.000010 0.000010 0.237420
0.000010 0.000010 0.546769 0.009505 0.443706
0.000010 0.000010 0.521636 0.000010 0.478334
0.000011 0.000010 0.000010 0.000010 0.999959
0.000010 0.000010 0.625449 0.012465 0.362066
0.031765 0.754204 0.160206 0.006056 0.047769
0.000010 0.316511 0.052401 0.007212 0.623866
0.000010 0.633793 0.055467 0.021915 0.288815
0.000010 0.086313 0.000010 0.732737 0.180929
0.708759 0.000010 0.116904 0.030341 0.143986
0.000010 0.000010 0.000010 0.000010 0.999960
0.000010 0.243641 0.013553 0.066133 0.676663
0.000010 0.000015 0.000010 0.000010 0.999955
0.000014 0.000010 0.000011 0.000010 0.999955
0.000012 0.000010 0.000010 0.000010 0.999958
0.000010 0.207361 0.028636 0.004573 0.759420
0.093715 0.248901 0.105677 0.030576 0.521130
0.000010 0.000010 0.000010 0.020674 0.979296
0.000010 0.460776 0.026093 0.000010 0.513110
0.000010 0.237266 0.040040 0.035438 0.687246
0.000010 0.000010 0.387805 0.022860 0.589315
0.000010 0.514216 0.037561 0.083783 0.364430
0.000010 0.000010 0.000010 0.085476 0.914494
0.011650 0.000011 0.234902 0.000010 0.753428
0.000010 0.000010 0.000010 0.000010 0.999960
0.038586 0.105552 0.408597 0.000010 0.447255
0.000010 0.424753 0.072421 0.056864 0.445953
0.000010 0.183581 0.288983 0.065965 0.461461
0.000010 0.000010 0.000010 0.000010 0.999960
0.000010 0.671637 0.248692 0.018032 0.061630
0.027462 0.135179 0.014604 0.000010 0.822745
0.000010 0.000010 0.000010 0.493342 0.506628
0.028177 0.242738 0.000010 0.546390 0.182685
0.479725 0.057540 0.435261 0.027464 0.000010
0.000010 0.000010 0.000010 0.577995 0.421974
0.000010 0.032665 0.000010 0.015749 0.951566
0.018675 0.709872 0.099403 0.000010 0.172040
0.000010 0.044914 0.955056 0.000010 0.000010
0.075562 0.692589 0.163863 0.000010 0.067977
0.040747 0.675962 0.019924 0.110620 0.152746
0.000011 0.999957 0.000012 0.000010 0.000010
0.000010 0.000010 0.000010 0.000010 0.999960
0.031769 0.297178 0.000010 0.252734 0.418309
0.000010 0.000010 0.000010 0.000010 0.999960
0.045098 0.671437 0.039008 0.056266 0.188191
0.000010 0.002386 0.000010 0.000010 0.997584
0.000010 0.000010 0.000010 0.535026 0.464944
0.000010 0.000013 0.000010 0.439845 0.560123
0.000017 0.139574 0.000010 0.396958 0.463441
0.000010 0.000010 0.000010 0.558205 0.441765
0.056117 0.301133 0.000010 0.548396 0.094344
0.020734 0.763202 0.000010 0.000010 0.216044
0.000013 0.000010 0.486159 0.513808 0.000010
0.000010 0.384101 0.605770 0.000010 0.010109
0.000010 0.000010 0.401711 0.221969 0.376301
0.017024 0.073490 0.000010 0.000010 0.909467
0.000010 0.762760 0.039773 0.000010 0.197447
0.000012 0.999958 0.000010 0.000010 0.000010
0.000010 0.186756 0.087145 0.483822 0.242267
0.011873 0.120021 0.000010 0.017220 0.850876
0.069509 0.512284 0.232925 0.032584 0.152698
0.000010 0.308905 0.048611 0.008553 0.633921
0.000010 0.000010 0.000010 0.000010 0.999960
0.000010 0.082746 0.016122 0.460649 0.440473
0.000010 0.681743 0.035878 0.000010 0.282360
0.000010 0.000010 0.390539 0.000010 0.609431
0.003893 0.676642 0.005068 0.000010 0.314387
0.008781 0.773810 0.025028 0.000010 0.192371
0.000010 0.308250 0.070832 0.534250 0.086658
0.000010 0.307704 0.070882 0.533544 0.087861
0.079458 0.637039 0.021383 0.114683 0.147436
0.001676 0.506727 0.007259 0.004088 0.480250
0.023334 0.611341 0.000010 0.055190 0.310126
0.060381 0.676998 0.044120 0.000010 0.218492
0.000010 0.000010 0.999960 0.000010 0.000010
0.000010 0.000010 0.000010 0.999960 0.000010
0.000010 0.000010 0.584523 0.000010 0.415447
0.000010 0.000010 0.999960 0.000010 0.000010
0.000010 0.000010 0.498252 0.501718 0.000010
0.000010 0.000010 0.000010 0.634968 0.365002
0.000010 0.000010 0.999960 0.000010 0.000010
0.000010 0.000010 0.762357 0.237613 0.000010
0.000010 0.000010 0.000010 0.999960 0.000010
0.000010 0.134620 0.043780 0.230241 0.591349
0.000010 0.000010 0.999960 0.000010 0.000010
0.000011 0.000010 0.000010 0.999959 0.000010
0.000010 0.000010 0.999960 0.000010 0.000010
0.000010 0.000010 0.036268 0.537365 0.426347
0.000010 0.000010 0.000010 0.000010 0.999960
0.000010 0.831756 0.000010 0.000010 0.168214
0.000010 0.000010 0.000010 0.403718 0.596252
0.000010 0.000010 0.480557 0.000010 0.519413
0.000010 0.000010 0.000010 0.584806 0.415164
0.000010 0.198784 0.640757 0.000010 0.160440
0.000010 0.235305 0.063335 0.150179 0.551171
0.000010 0.788070 0.000010 0.000010 0.211900
0.000010 0.000010 0.000010 0.999960 0.000010
0.000010 0.534624 0.000010 0.066600 0.398756
0.000010 0.000010 0.000010 0.999960 0.000010
0.041725 0.575571 0.055234 0.327459 0.000010
0.000010 0.000011 0.000010 0.538275 0.461694
0.122502 0.403914 0.053212 0.045717 0.374655
0.030799 0.000010 0.000010 0.000010 0.969171
0.074915 0.357278 0.086149 0.076681 0.404977
0.027708 0.705204 0.176914 0.000010 0.090164
0.000010 0.000010 0.000010 0.000010 0.999960
0.054745 0.252012 0.008731 0.026977 0.657535
0.075923 0.243520 0.010241 0.040629 0.629687
0.000010 0.000010 0.000010 0.155753 0.844217
0.000010 0.060947 0.000010 0.000010 0.939023
0.022499 0.325974 0.130793 0.000010 0.520724
0.048455 0.000010 0.040075 0.119680 0.791780
0.000010 0.060340 0.000010 0.000010 0.939630
0.024811 0.269770 0.005256 0.038514 0.661650
0.077830 0.311719 0.000010 0.143368 0.467072
0.000010 0.999960 0.000010 0.000010 0.000010
0.074835 0.000010 0.000010 0.000010 0.925135
0.024123 0.000010 0.975847 0.000010 0.000010
0.173428 0.212498 0.517962 0.000010 0.096102
0.167987 0.000010 0.636569 0.000010 0.195424
0.999960 0.000010 0.000010 0.000010 0.000010
0.827990 0.000010 0.171980 0.000010 0.000010
0.615231 0.166490 0.011657 0.000010 0.206612
0.474764 0.000010 0.525206 0.000010 0.000010
0.622792 0.000010 0.377178 0.000010 0.000010
0.215125 0.405232 0.000010 0.071123 0.308510
0.999960 0.000010 0.000010 0.000010 0.000010
0.160986 0.068453 0.301254 0.469298 0.000010
0.999960 0.000010 0.000010 0.000010 0.000010
0.999955 0.000010 0.000010 0.000015 0.000010
0.697683 0.221226 0.000010 0.000010 0.081070
0.813477 0.000010 0.186493 0.000010 0.000010
0.767347 0.232623 0.000010 0.000010 0.000010
0.049105 0.000010 0.950865 0.000010 0.000010
0.179951 0.674752 0.052769 0.065257 0.027271
0.046262 0.000013 0.000010 0.000010 0.953705
0.099963 0.000010 0.000010 0.027616 0.872401
0.074760 0.000010 0.000010 0.000010 0.925210
0.065107 0.000010 0.000010 0.000010 0.934863
0.220126 0.465707 0.097533 0.113100 0.103534
0.137756 0.862214 0.000010 0.000010 0.000010
0.269410 0.606091 0.124479 0.000010 0.000010
0.199719 0.721077 0.079184 0.000010 0.000010
0.200024 0.687806 0.112147 0.000013 0.000010
0.118827 0.431418 0.000010 0.000010 0.449735
0.151172 0.806477 0.000010 0.000010 0.042332
0.142387 0.000010 0.000010 0.000010 0.857583
0.206251 0.000010 0.000010 0.436579 0.357150
0.144257 0.000010 0.000010 0.049853 0.805870
0.889900 0.000010 0.000010 0.000010 0.110070
0.188625 0.209519 0.182254 0.035322 0.384280
0.203201 0.344749 0.008041 0.067208 0.376800
0.161132 0.367817 0.000010 0.120077 0.350964
0.231176 0.431142 0.234148 0.000010 0.103523
0.194663 0.089144 0.000010 0.000274 0.715909
0.331738 0.276535 0.036079 0.056081 0.299567
0.289983 0.410685 0.031323 0.099021 0.168989
0.453667 0.000010 0.185841 0.169657 0.190825
0.336740 0.046159 0.026011 0.519287 0.071803
0.229736 0.402374 0.000010 0.000010 0.367870
0.281118 0.198874 0.000010 0.132614 0.387385
0.310633 0.179717 0.067694 0.000010 0.441947
0.186470 0.063943 0.391301 0.000010 0.358277
0.088297 0.000010 0.000010 0.000010 0.911673
0.552283 0.000010 0.367181 0.080516 0.000010
0.086954 0.000010 0.000010 0.247880 0.665145
0.278702 0.084849 0.231863 0.332247 0.072339
0.068053 0.931917 0.000010 0.000010 0.000010
0.093377 0.000012 0.000010 0.000010 0.906590
0.209743 0.371642 0.043219 0.027540 0.347856
