0.000010 0.003023 0.000010 0.000010 0.000010 0.000010 0.871396 0.125531
0.000011 0.326515 0.000010 0.079607 0.000010 0.023895 0.569942 0.000010
0.040428 0.223383 0.000011 0.009616 0.000010 0.000764 0.499408 0.226380
0.999928 0.000011 0.000010 0.000010 0.000010 0.000010 0.000011 0.000010
0.052240 0.425461 0.000010 0.007406 0.000010 0.000010 0.000010 0.514853
0.050688 0.410582 0.000608 0.014350 0.000010 0.000010 0.000010 0.523742
0.009599 0.025790 0.000010 0.000010 0.007509 0.006298 0.864738 0.086045
0.999930 0.000010 0.000010 0.000010 0.000010 0.000010 0.000010 0.000010
0.000010 0.000010 0.000010 0.000010 0.000010 0.000010 0.000010 0.999930
0.066401 0.345213 0.025325 0.116074 0.000010 0.054358 0.239952 0.152666
0.000010 0.196459 0.000010 0.000010 0.000010 0.000010 0.803481 0.000010
0.000010 0.195507 0.000010 0.000010 0.000010 0.000010 0.804433 0.000010
0.000010 0.084392 0.000010 0.071341 0.000010 0.041395 0.802832 0.000010
0.076535 0.000010 0.055366 0.000010 0.087257 0.059459 0.020593 0.700770
0.036974 0.000010 0.000010 0.000010 0.027873 0.000010 0.636943 0.298169
0.000010 0.198726 0.000010 0.000010 0.000010 0.000010 0.801214 0.000010
0.000010 0.194918 0.000010 0.000010 0.000010 0.000010 0.805022 0.000010
0.000010 0.000010 0.000010 0.000010 0.000010 0.000010 0.000010 0.999930
0.000011 0.128327 0.000010 0.017229 0.000010 0.000010 0.586192 0.268211
0.000010 0.000010 0.000010 0.000010 0.000010 0.000010 0.776769 0.223171
0.000010 0.196742 0.000010 0.000010 0.000010 0.803198 0.000010 0.000010
0.000010 0.999930 0.000010 0.000010 0.000010 0.000010 0.000010 0.000010
0.000010 0.000010 0.000010 0.000010 0.999930 0.000010 0.000010 0.000010
0.000010 0.878696 0.000010 0.084153 0.000010 0.000010 0.037102 0.000010
0.000010 0.000010 0.000010 0.000010 0.999930 0.000010 0.000010 0.000010
0.000010 0.000012 0.000010 0.000012 0.999926 0.000010 0.000010 0.000010
0.000010 0.671487 0.000010 0.000010 0.328453 0.000010 0.000010 0.000010
0.031961 0.641532 0.000010 0.040451 0.031971 0.087196 0.073620 0.093259
0.999925 0.000011 0.000010 0.000010 0.000010 0.000010 0.000013 0.000010
0.033172 0.467327 0.000010 0.064092 0.018864 0.075119 0.050605 0.290811
0.000010 0.014257 0.094268 0.000010 0.000010 0.000010 0.854548 0.036888
0.000010 0.003597 0.000010 0.521675 0.000010 0.000010 0.474678 0.000010
0.159532 0.448371 0.066346 0.000377 0.000010 0.000010 0.325344 0.000010
0.006054 0.485027 0.000011 0.000010 0.000010 0.386490 0.000010 0.122387
0.000010 0.712409 0.000010 0.000010 0.287529 0.000012 0.000010 0.000010
0.999930 0.000010 0.000010 0.000010 0.000010 0.000010 0.000010 0.000010
0.292515 0.480275 0.046123 0.000010 0.006525 0.057044 0.000010 0.117497
0.171967 0.000010 0.000010 0.478031 0.200695 0.000010 0.116289 0.032988
0.713151 0.101199 0.123225 0.026318 0.000010 0.000010 0.000010 0.036078
0.371877 0.000010 0.102303 0.000010 0.274616 0.000010 0.115811 0.135363
0.565481 0.058576 0.000010 0.000010 0.000010 0.000010 0.098701 0.277202
0.564771 0.000010 0.000010 0.000010 0.000010 0.435169 0.000010 0.000010
0.560671 0.000010 0.000010 0.000010 0.000010 0.000010 0.439269 0.000010
0.489534 0.000012 0.000010 0.510402 0.000010 0.000012 0.000010 0.000010
0.577179 0.422761 0.000010 0.000010 0.000010 0.000010 0.000010 0.000010
0.592167 0.000010 0.000010 0.000010 0.407773 0.000010 0.000010 0.000010
0.242237 0.032611 0.000010 0.036036 0.382291 0.157451 0.149354 0.000010
0.001911 0.528035 0.000010 0.000010 0.000010 0.069512 0.000010 0.400501
0.000010 0.562653 0.000010 0.000010 0.437287 0.000010 0.000010 0.000010
0.257144 0.242559 0.000010 0.000010 0.318264 0.000010 0.083713 0.098290
0.999930 0.000010 0.000010 0.000010 0.000010 0.000010 0.000010 0.000010
0.999930 0.000010 0.000010 0.000010 0.000010 0.000010 0.000010 0.000010
0.049846 0.530533 0.000010 0.048253 0.000010 0.000010 0.176928 0.194410
0.000010 0.068873 0.000010 0.000010 0.000010 0.000010 0.931067 0.000010
0.524836 0.000010 0.000010 0.000010 0.000013 0.475101 0.000010 0.000010
0.519617 0.480323 0.000010 0.000010 0.000010 0.000010 0.000010 0.000010
0.000010 0.000010 0.000010 0.999930 0.000010 0.000010 0.000010 0.000010
0.642083 0.332639 0.000010 0.025228 0.000010 0.000010 0.000010 0.000010
0.090206 0.000010 0.052091 0.000010 0.000010 0.000010 0.166030 0.691634
0.023530 0.517912 0.000016 0.040019 0.000010 0.046445 0.066779 0.305290
0.029668 0.116288 0.000010 0.025921 0.000010 0.082386 0.278806 0.466911
0.000010 0.098855 0.000010 0.000010 0.688983 0.032235 0.179887 0.000010
0.216498 0.031695 0.412068 0.000010 0.098395 0.082413 0.158912 0.000010
0.000010 0.982004 0.000010 0.017936 0.000010 0.000010 0.000010 0.000010
0.000010 0.382393 0.000010 0.120422 0.000010 0.107998 0.389147 0.000010
0.000010 0.999930 0.000010 0.000010 0.000010 0.000010 0.000010 0.000010
0.000010 0.000010 0.000010 0.999923 0.000010 0.000017 0.000010 0.000010
0.000010 0.000010 0.000010 0.999930 0.000010 0.000010 0.000010 0.000010
0.001004 0.000012 0.000010 0.000010 0.000010 0.790662 0.092235 0.116057
0.061349 0.000010 0.000010 0.527406 0.057335 0.000010 0.000010 0.353870
0.000010 0.704896 0.000010 0.000010 0.000010 0.295044 0.000010 0.000010
0.000010 0.000010 0.000010 0.537105 0.000010 0.000010 0.000010 0.462835
0.000014 0.721917 0.000010 0.000010 0.000010 0.000010 0.000010 0.278019
0.401121 0.000010 0.000010 0.000010 0.000010 0.598819 0.000010 0.000010
0.000010 0.373427 0.000010 0.000010 0.000010 0.002540 0.000010 0.623983
0.000010 0.734401 0.000010 0.000010 0.000014 0.265535 0.000010 0.000010
0.242088 0.155290 0.000010 0.447912 0.000010 0.150872 0.003808 0.000010
0.000010 0.516849 0.000010 0.000010 0.000010 0.483091 0.000010 0.000010
0.334313 0.247579 0.000010 0.207164 0.015391 0.000010 0.043489 0.152044
0.033640 0.282142 0.000010 0.071299 0.061730 0.000010 0.517860 0.033309
0.290154 0.088318 0.000010 0.031298 0.004626 0.314151 0.271433 0.000010
0.000010 0.000010 0.000010 0.000010 0.000010 0.999930 0.000010 0.000010
0.150878 0.034276 0.000010 0.000010 0.000010 0.000010 0.069013 0.745792
0.000010 0.226674 0.000010 0.575195 0.001662 0.000010 0.196429 0.000010
0.000010 0.000010 0.000010 0.000011 0.475574 0.524364 0.000010 0.000010
0.000010 0.107228 0.053544 0.000010 0.574952 0.040945 0.155168 0.068142
0.441645 0.000030 0.297342 0.000010 0.063129 0.000010 0.000010 0.197825
0.000010 0.523737 0.000010 0.000010 0.476203 0.000010 0.000010 0.000010
0.000010 0.934148 0.002065 0.063738 0.000010 0.000010 0.000010 0.000010
0.043226 0.154504 0.003340 0.022546 0.000010 0.000010 0.254565 0.521799
0.962426 0.000010 0.000010 0.000010 0.000010 0.000010 0.000010 0.037514
0.097058 0.057440 0.000010 0.000010 0.000010 0.000010 0.081946 0.763516
0.000010 0.000014 0.000010 0.000010 0.017516 0.000010 0.965219 0.017211
0.000010 0.000010 0.000010 0.000012 0.000010 0.000010 0.000010 0.999928
0.000010 0.046742 0.000010 0.953198 0.000010 0.000010 0.000010 0.000010
0.000010 0.409217 0.034790 0.000010 0.230113 0.000010 0.325841 0.000010
0.000010 0.000010 0.000010 0.999930 0.000010 0.000010 0.000010 0.000010
0.000010 0.000010 0.000010 0.000010 0.000010 0.000010 0.999930 0.000010
0.000010 0.839433 0.000010 0.160507 0.000010 0.000010 0.000010 0.000010
0.000010 0.000010 0.000010 0.000010 0.460543 0.539397 0.000010 0.000010
0.000010 0.000010 0.000010 0.558725 0.441215 0.000010 0.000010 0.000010
0.000012 0.030716 0.000010 0.404236 0.433819 0.000010 0.060940 0.070256
0.000010 0.000010 0.000010 0.000010 0.527369 0.472568 0.000013 0.000010
0.000010 0.083255 0.000010 0.000010 0.554843 0.001806 0.285100 0.074966
0.000010 0.000010 0.000010 0.023469 0.000010 0.000010 0.976471 0.000010
0.456338 0.000010 0.000010 0.000010 0.543602 0.000010 0.000010 0.000010
0.559062 0.000010 0.000010 0.000010 0.000010 0.000010 0.000010 0.440878
0.405716 0.223749 0.000010 0.000010 0.166835 0.203661 0.000010 0.000010
0.000010 0.193315 0.000010 0.048698 0.000010 0.612005 0.145942 0.000010
0.000010 0.134179 0.000010 0.000010 0.000010 0.000010 0.354508 0.511263
0.000010 0.000010 0.000010 0.000010 0.000010 0.000010 0.270057 0.729883
0.043400 0.241905 0.015447 0.011688 0.439158 0.013923 0.000010 0.234469
0.000010 0.032629 0.000010 0.030675 0.000010 0.744182 0.192474 0.000010
0.148005 0.066250 0.000010 0.049722 0.036294 0.000010 0.262479 0.437230
0.004549 0.511228 0.000010 0.000010 0.000010 0.053583 0.365272 0.065339
0.000010 0.562100 0.000010 0.437820 0.000020 0.000010 0.000020 0.000010
0.000010 0.208973 0.000010 0.090528 0.423260 0.075292 0.201917 0.000010
0.000010 0.090488 0.000010 0.028372 0.000010 0.017125 0.470159 0.393826
0.381545 0.000011 0.000010 0.000013 0.000010 0.618391 0.000010 0.000010
0.000010 0.284957 0.017235 0.000010 0.000010 0.020410 0.000010 0.677358
0.019194 0.035614 0.000010 0.021784 0.000010 0.000010 0.650474 0.272903
0.026170 0.051531 0.000010 0.000010 0.576625 0.000010 0.043364 0.302280
0.022360 0.049634 0.000010 0.000010 0.574860 0.000010 0.040982 0.312134
0.000010 0.000010 0.056595 0.000010 0.041913 0.000010 0.793285 0.108166
0.000010 0.358828 0.000010 0.041532 0.000010 0.000010 0.499081 0.100519
0.000010 0.192870 0.000010 0.040203 0.026341 0.000010 0.583377 0.157179
0.021204 0.147424 0.012553 0.020042 0.000010 0.027745 0.371165 0.399857
0.999930 0.000010 0.000010 0.000010 0.000010 0.000010 0.000010 0.000010
0.000010 0.000010 0.000010 0.000010 0.999930 0.000010 0.000010 0.000010
0.563287 0.000010 0.000010 0.000010 0.000010 0.436653 0.000010 0.000010
0.999930 0.000010 0.000010 0.000010 0.000010 0.000010 0.000010 0.000010
0.502192 0.000010 0.000010 0.000010 0.497748 0.000010 0.000010 0.000010
0.000010 0.443448 0.000010 0.000010 0.556492 0.000010 0.000010 0.000010
0.999927 0.000012 0.000010 0.000011 0.000010 0.000010 0.000010 0.000010
0.713198 0.000010 0.000010 0.000010 0.286741 0.000010 0.000010 0.000010
0.000010 0.000010 0.000010 0.000010 0.999930 0.000010 0.000010 0.000010
0.022117 0.562336 0.000010 0.004240 0.213024 0.000010 0.000010 0.198253
0.999930 0.000010 0.000010 0.000010 0.000010 0.000010 0.000010 0.000010
0.000010 0.000010 0.000010 0.000010 0.999930 0.000010 0.000010 0.000010
0.999913 0.000011 0.000015 0.000010 0.000015 0.000010 0.000016 0.000010
0.000010 0.548686 0.000010 0.000010 0.451254 0.000010 0.000010 0.000010
0.000010 0.000010 0.000010 0.999930 0.000010 0.000010 0.000010 0.000010
0.000010 0.000010 0.000015 0.000010 0.000010 0.000010 0.999925 0.000010
0.000010 0.000010 0.000010 0.000010 0.423491 0.576449 0.000010 0.000010
0.507208 0.000010 0.000010 0.000010 0.000010 0.492732 0.000010 0.000010
0.000010 0.495680 0.000010 0.000010 0.504260 0.000010 0.000010 0.000010
0.600382 0.027539 0.000010 0.000010 0.000010 0.028651 0.343388 0.000010
0.000010 0.677268 0.000010 0.000010 0.008422 0.000010 0.000010 0.314260
0.000010 0.080527 0.000010 0.000010 0.000010 0.015008 0.904415 0.000010
0.000010 0.000010 0.000010 0.000010 0.999930 0.000010 0.000010 0.000010
0.000010 0.311191 0.000010 0.000010 0.000010 0.033585 0.655173 0.000010
0.000010 0.000010 0.000010 0.000010 0.999930 0.000010 0.000010 0.000010
0.000010 0.000010 0.000010 0.000010 0.334128 0.000010 0.000010 0.665812
0.000010 0.000010 0.000011 0.000010 0.516033 0.483896 0.000020 0.000010
0.021531 0.307916 0.076991 0.030462 0.003270 0.015327 0.137656 0.406846
0.000010 0.891333 0.040617 0.031118 0.000010 0.036891 0.000012 0.000010
0.032415 0.245853 0.148637 0.081891 0.013682 0.051596 0.050336 0.375590
0.132115 0.044581 0.000010 0.000010 0.000010 0.000010 0.051026 0.772238
0.000010 0.999930 0.000010 0.000010 0.000010 0.000010 0.000010 0.000010
0.002578 0.529629 0.040285 0.094043 0.005185 0.000010 0.297782 0.030488
0.012690 0.530035 0.020986 0.092250 0.012360 0.000010 0.298348 0.033321
0.000010 0.939354 0.000010 0.000010 0.060586 0.000010 0.000010 0.000010
0.000010 0.896953 0.000010 0.092837 0.000010 0.000010 0.010160 0.000010
0.030341 0.568868 0.000017 0.000010 0.000010 0.000010 0.000010 0.400733
0.000010 0.740584 0.075014 0.000010 0.064796 0.119566 0.000010 0.000010
0.000010 0.999930 0.000010 0.000010 0.000010 0.000010 0.000010 0.000010
0.000010 0.226823 0.000011 0.334524 0.010211 0.017766 0.410644 0.000010
0.016682 0.327823 0.009708 0.049913 0.061428 0.064735 0.395921 0.073789
0.000010 0.000010 0.000010 0.000010 0.000010 0.000010 0.334289 0.665651
0.000013 0.000010 0.000010 0.999927 0.000010 0.000010 0.000010 0.000010
0.820700 0.000010 0.179240 0.000010 0.000010 0.000010 0.000010 0.000010
0.336522 0.040784 0.458494 0.016596 0.000010 0.000010 0.000010 0.147574
0.506981 0.000010 0.318933 0.174036 0.000010 0.000010 0.000010 0.000010
0.000010 0.000010 0.999930 0.000010 0.000010 0.000010 0.000010 0.000010
0.139766 0.000010 0.860174 0.000010 0.000010 0.000010 0.000010 0.000010
0.000010 0.000011 0.758621 0.033436 0.000010 0.064476 0.143426 0.000010
0.425138 0.000010 0.574793 0.000010 0.000013 0.000010 0.000017 0.000010
0.303864 0.000010 0.696070 0.000010 0.000015 0.000010 0.000011 0.000010
0.000010 0.041539 0.454930 0.038538 0.000010 0.112283 0.352680 0.000010
0.000010 0.000010 0.982438 0.017502 0.000010 0.000010 0.000010 0.000010
0.194840 0.000010 0.422335 0.000010 0.357887 0.000010 0.000010 0.024898
0.000010 0.000010 0.999930 0.000010 0.000010 0.000010 0.000010 0.000010
0.000010 0.000010 0.999930 0.000010 0.000010 0.000010 0.000010 0.000010
0.000010 0.000010 0.876973 0.000010 0.000010 0.000010 0.048686 0.074291
0.142308 0.000010 0.857632 0.000010 0.000010 0.000010 0.000010 0.000010
0.000010 0.000010 0.922665 0.000010 0.000010 0.000010 0.077275 0.000010
0.793901 0.000012 0.206037 0.000010 0.000010 0.000010 0.000010 0.000010
0.000015 0.000010 0.410677 0.000010 0.000010 0.000010 0.370680 0.218588
0.000015 0.000010 0.000010 0.999925 0.000010 0.000010 0.000010 0.000010
0.000010 0.574423 0.303848 0.073962 0.000010 0.047727 0.000010 0.000010
0.000010 0.000010 0.000018 0.999922 0.000010 0.000010 0.000010 0.000010
0.000010 0.000010 0.000010 0.999930 0.000010 0.000010 0.000010 0.000010
0.003687 0.005061 0.509844 0.000010 0.000010 0.063529 0.000010 0.417850
0.000010 0.000010 0.306818 0.000010 0.000010 0.000010 0.546066 0.147066
0.000010 0.000010 0.503313 0.000010 0.000010 0.000010 0.000010 0.496627
0.000010 0.000010 0.456368 0.000010 0.000010 0.000010 0.015384 0.528198
0.000010 0.000010 0.479039 0.000010 0.000010 0.000010 0.000010 0.520901
0.000010 0.075675 0.387714 0.056119 0.000010 0.128309 0.352153 0.000010
0.000010 0.000010 0.402298 0.001742 0.000010 0.017034 0.000010 0.578886
0.000010 0.551748 0.321686 0.126516 0.000010 0.000010 0.000010 0.000010
0.000010 0.202735 0.397324 0.057957 0.341944 0.000010 0.000010 0.000010
0.000010 0.563070 0.314641 0.107217 0.000010 0.015033 0.000010 0.000010
0.000010 0.000010 0.933152 0.000010 0.000010 0.066788 0.000010 0.000010
0.073234 0.222934 0.451870 0.048351 0.013324 0.041456 0.000010 0.148821
0.000010 0.235249 0.463063 0.028121 0.000010 0.078885 0.082276 0.112386
0.000010 0.243713 0.391760 0.053745 0.045103 0.000010 0.265649 0.000010
0.072332 0.000010 0.460515 0.005380 0.000010 0.050206 0.000010 0.411537
0.000010 0.076716 0.326592 0.542713 0.000010 0.012143 0.041805 0.000010
0.000010 0.128291 0.534471 0.070882 0.041159 0.065334 0.000010 0.159843
0.000010 0.026433 0.559294 0.000010 0.027674 0.095979 0.021310 0.269290
0.096722 0.000010 0.645081 0.000010 0.067800 0.190356 0.000011 0.000010
0.000010 0.000010 0.551312 0.000010 0.349953 0.098685 0.000010 0.000010
0.000010 0.115515 0.483619 0.097464 0.000010 0.084283 0.009704 0.209395
0.000010 0.093813 0.534560 0.010063 0.051662 0.221247 0.043450 0.045195
0.000010 0.000010 0.398922 0.426504 0.000010 0.000010 0.000010 0.174524
0.217246 0.064344 0.454499 0.207273 0.000010 0.000013 0.000010 0.056605
0.000010 0.000010 0.120627 0.000010 0.000010 0.879313 0.000010 0.000010
0.248782 0.000010 0.712178 0.000010 0.038990 0.000010 0.000010 0.000010
0.000010 0.125825 0.265970 0.000016 0.122193 0.485966 0.000010 0.000010
0.153736 0.056889 0.535009 0.000010 0.254326 0.000010 0.000010 0.000010
0.000010 0.000010 0.211787 0.000010 0.000010 0.000010 0.231287 0.556876
0.000010 0.342639 0.230216 0.427079 0.000010 0.000017 0.000019 0.000010
0.000010 0.105745 0.424863 0.043634 0.000010 0.000010 0.425718 0.000010
