0.015830 0.049762 0.073207 0.788468 0.017200 0.055523 0.000010
0.146804 0.000010 0.323741 0.336536 0.000010 0.184600 0.008299
0.021032 0.000010 0.283265 0.552898 0.003163 0.094020 0.045612
0.000010 0.000013 0.000010 0.000010 0.000010 0.000010 0.999937
0.000010 0.000010 0.527976 0.278460 0.059692 0.000010 0.133841
0.000010 0.000010 0.518924 0.283667 0.066953 0.000010 0.130426
0.008512 0.042550 0.281463 0.542213 0.052321 0.000010 0.072931
0.000010 0.000010 0.000010 0.000010 0.000010 0.000010 0.999940
0.010670 0.000010 0.050716 0.840878 0.005489 0.000010 0.092227
0.097527 0.000010 0.451713 0.262704 0.026322 0.062453 0.099272
0.000010 0.000010 0.591336 0.338274 0.013434 0.000010 0.056926
0.000016 0.000010 0.588806 0.335893 0.000010 0.000010 0.075254
0.112895 0.000010 0.167365 0.528844 0.000010 0.190865 0.000010
0.000010 0.114088 0.000010 0.653432 0.000010 0.092310 0.140140
0.055412 0.118597 0.048977 0.689393 0.000010 0.000010 0.087602
0.000010 0.065080 0.574363 0.318641 0.000010 0.000010 0.041887
0.000010 0.062739 0.573942 0.320588 0.000010 0.000010 0.042701
0.000010 0.000010 0.000010 0.999940 0.000010 0.000010 0.000010
0.018980 0.000010 0.314601 0.641909 0.000010 0.000010 0.024480
0.000010 0.003126 0.000015 0.953331 0.043498 0.000010 0.000010
0.043492 0.000010 0.000010 0.000010 0.000010 0.956458 0.000010
0.000010 0.000010 0.000010 0.000010 0.000010 0.999940 0.000010
0.000010 0.999940 0.000010 0.000010 0.000010 0.000010 0.000010
0.000010 0.000010 0.836739 0.000010 0.000010 0.163211 0.000010
0.000010 0.999940 0.000010 0.000010 0.000010 0.000010 0.000010
0.000010 0.999940 0.000010 0.000010 0.000010 0.000010 0.000010
0.000010 0.335642 0.000010 0.000010 0.000010 0.664308 0.000010
0.079211 0.095202 0.237263 0.096315 0.000010 0.433732 0.058267
0.000010 0.000010 0.000010 0.000010 0.000010 0.000010 0.999940
0.072771 0.049294 0.316914 0.223932 0.005460 0.271164 0.060464
0.000010 0.008854 0.306825 0.518852 0.098022 0.000010 0.067428
0.484656 0.019916 0.159596 0.296134 0.028715 0.010974 0.000010
0.010453 0.025326 0.512130 0.244849 0.051893 0.000010 0.155338
0.000010 0.000010 0.000010 0.081068 0.000010 0.850187 0.068705
0.000010 0.324936 0.000010 0.000010 0.000010 0.675014 0.000010
0.000010 0.000010 0.000010 0.000010 0.000010 0.000010 0.999940
0.000010 0.034034 0.156488 0.034962 0.075364 0.400414 0.298728
0.500782 0.196673 0.000010 0.113606 0.000010 0.000010 0.188909
0.015985 0.000010 0.111253 0.000010 0.048387 0.036895 0.787460
0.000010 0.319120 0.000011 0.219417 0.069574 0.000010 0.391859
0.000010 0.000010 0.105311 0.317229 0.000010 0.000010 0.577420
0.000010 0.000010 0.000010 0.000010 0.000010 0.408373 0.591577
0.000010 0.000010 0.000012 0.425634 0.009940 0.000010 0.564384
0.535814 0.000010 0.000010 0.000010 0.000010 0.000010 0.464136
0.000010 0.000010 0.429164 0.000010 0.000010 0.000010 0.570786
0.000010 0.426837 0.000010 0.000010 0.000010 0.000010 0.573113
0.063301 0.430382 0.000010 0.065036 0.014881 0.207521 0.218870
0.000010 0.009139 0.313430 0.290986 0.000010 0.352122 0.034304
0.000010 0.363507 0.636443 0.000010 0.000010 0.000010 0.000010
0.000011 0.315865 0.315576 0.076343 0.011045 0.000010 0.281151
0.000010 0.000010 0.000010 0.000010 0.000010 0.000010 0.999940
0.000010 0.000010 0.000010 0.000010 0.000010 0.000010 0.999940
0.040492 0.000010 0.667742 0.213514 0.000010 0.000010 0.078222
0.000010 0.000010 0.280923 0.719027 0.000010 0.000010 0.000010
0.000010 0.000010 0.000010 0.000010 0.000010 0.452006 0.547944
0.000010 0.000010 0.504773 0.000010 0.000010 0.000010 0.495177
0.999940 0.000010 0.000010 0.000010 0.000010 0.000010 0.000010
0.000010 0.000010 0.392463 0.000010 0.000010 0.000010 0.607487
0.000010 0.000010 0.064710 0.714561 0.033219 0.029209 0.158281
0.034160 0.000010 0.513401 0.257829 0.000010 0.142964 0.051627
0.047273 0.000010 0.012207 0.631402 0.000010 0.254526 0.054572
0.000010 0.705277 0.039719 0.080666 0.000010 0.174308 0.000010
0.000010 0.002658 0.006147 0.000010 0.719072 0.157860 0.114243
0.000010 0.000010 0.999940 0.000010 0.000010 0.000010 0.000010
0.166396 0.062544 0.192343 0.227098 0.000010 0.341768 0.009842
0.000010 0.000010 0.000010 0.000010 0.000010 0.999940 0.000010
0.999940 0.000010 0.000010 0.000010 0.000010 0.000010 0.000010
0.999940 0.000010 0.000010 0.000010 0.000010 0.000010 0.000010
0.036416 0.000010 0.000010 0.230984 0.000010 0.726791 0.005779
0.505849 0.095115 0.000010 0.251414 0.049795 0.000010 0.097806
0.000010 0.000010 0.492029 0.000010 0.000010 0.507921 0.000010
0.533654 0.000010 0.000010 0.466296 0.000010 0.000010 0.000010
0.000010 0.000010 0.426727 0.189689 0.000010 0.349448 0.034106
0.000010 0.000010 0.000010 0.000010 0.000010 0.617613 0.382337
0.028321 0.040267 0.008831 0.526864 0.000010 0.358395 0.037313
0.000010 0.012185 0.257409 0.000010 0.000010 0.730366 0.000010
0.430738 0.000010 0.152232 0.000010 0.000010 0.178622 0.238378
0.000010 0.000010 0.223402 0.000010 0.000010 0.776548 0.000010
0.204974 0.005213 0.151526 0.101552 0.028131 0.102650 0.405954
0.041806 0.046453 0.480678 0.361429 0.000010 0.000010 0.069614
0.048885 0.046846 0.115485 0.177817 0.000010 0.320629 0.290329
0.000010 0.000010 0.000010 0.000010 0.000010 0.999940 0.000010
0.000010 0.000010 0.096155 0.621444 0.000010 0.034429 0.247942
0.581705 0.020764 0.260131 0.113829 0.002194 0.000010 0.021368
0.000010 0.418314 0.000010 0.000010 0.000010 0.581636 0.000010
0.000010 0.517820 0.267583 0.186539 0.028028 0.000010 0.000010
0.000010 0.029402 0.000010 0.052914 0.486227 0.000010 0.431428
0.000010 0.500713 0.000010 0.000010 0.000010 0.499237 0.000010
0.000010 0.000010 0.995008 0.000010 0.000010 0.004942 0.000010
0.000010 0.000010 0.202233 0.663546 0.019101 0.020791 0.094309
0.000010 0.000010 0.000010 0.046903 0.000010 0.000010 0.953047
0.000019 0.000010 0.142604 0.623967 0.074386 0.000010 0.159005
0.000010 0.080293 0.246180 0.602180 0.056579 0.000010 0.014747
0.000010 0.000010 0.000010 0.999940 0.000010 0.000010 0.000010
0.861561 0.000010 0.138385 0.000014 0.000010 0.000010 0.000010
0.021083 0.238895 0.248584 0.259972 0.034600 0.196856 0.000010
0.999940 0.000010 0.000010 0.000010 0.000010 0.000010 0.000010
0.005981 0.039083 0.258353 0.607393 0.056878 0.000010 0.032302
0.032782 0.000010 0.967168 0.000010 0.000010 0.000010 0.000010
0.000010 0.478281 0.000010 0.000010 0.000012 0.521667 0.000010
0.530938 0.469010 0.000010 0.000011 0.000010 0.000011 0.000010
0.391254 0.425348 0.057717 0.125651 0.000010 0.000010 0.000010
0.000010 0.520703 0.000015 0.000010 0.000010 0.479243 0.000010
0.000010 0.524996 0.175557 0.251723 0.047694 0.000010 0.000010
0.094297 0.000010 0.124677 0.740136 0.009022 0.031849 0.000010
0.000010 0.518126 0.000010 0.000014 0.000010 0.000010 0.481820
0.000010 0.000010 0.046159 0.353322 0.000010 0.000010 0.600480
0.000010 0.188118 0.030254 0.000010 0.000010 0.378800 0.402798
0.077417 0.000010 0.000010 0.052179 0.000010 0.870364 0.000010
0.000010 0.000010 0.247205 0.718882 0.000010 0.000010 0.033872
0.000012 0.000010 0.000010 0.999938 0.000010 0.000010 0.000010
0.053713 0.468386 0.087729 0.168946 0.000010 0.134118 0.087098
0.026475 0.000010 0.000010 0.105022 0.015754 0.852718 0.000010
0.043306 0.026789 0.160952 0.471742 0.069186 0.000010 0.228015
0.000010 0.000010 0.585977 0.220139 0.000010 0.144721 0.049134
0.530263 0.000010 0.000010 0.000010 0.000010 0.469687 0.000010
0.095650 0.452651 0.142123 0.070934 0.000010 0.224385 0.014247
0.082913 0.000011 0.116329 0.667375 0.000010 0.104978 0.028384
0.000010 0.000010 0.000010 0.000012 0.000010 0.610449 0.389499
0.000011 0.000010 0.114975 0.652494 0.004929 0.227572 0.000010
0.028913 0.000010 0.208373 0.732345 0.010154 0.000010 0.020195
0.000014 0.502905 0.167105 0.259676 0.000010 0.000010 0.070279
0.000010 0.503204 0.166977 0.259431 0.000010 0.000010 0.070357
0.017348 0.102254 0.198381 0.570071 0.091622 0.000010 0.020315
0.016387 0.000010 0.543905 0.436386 0.003293 0.000010 0.000010
0.040210 0.051198 0.328642 0.559665 0.020265 0.000010 0.000010
0.038454 0.000010 0.185556 0.645891 0.058737 0.032318 0.039035
0.000010 0.000010 0.000010 0.000010 0.000010 0.000010 0.999940
0.000010 0.999940 0.000010 0.000010 0.000010 0.000010 0.000010
0.000010 0.000010 0.000010 0.000010 0.000010 0.430052 0.569898
0.000010 0.000010 0.000010 0.000010 0.000010 0.000010 0.999940
0.000010 0.506950 0.000010 0.000010 0.000010 0.000010 0.493000
0.000010 0.607998 0.355256 0.000010 0.000010 0.036706 0.000010
0.000010 0.000010 0.000010 0.000010 0.000010 0.000010 0.999940
0.000010 0.241629 0.000010 0.000010 0.000010 0.000010 0.758321
0.000010 0.999940 0.000010 0.000010 0.000010 0.000010 0.000010
0.026790 0.235129 0.584648 0.081839 0.000010 0.032099 0.039486
0.000010 0.000010 0.000010 0.000010 0.000010 0.000010 0.999940
0.000010 0.999940 0.000010 0.000010 0.000010 0.000010 0.000010
0.000010 0.000010 0.000010 0.000010 0.000010 0.000010 0.999940
0.000015 0.509536 0.410195 0.000010 0.000010 0.080225 0.000010
0.999940 0.000010 0.000010 0.000010 0.000010 0.000010 0.000010
0.038240 0.000010 0.102336 0.810298 0.000010 0.049096 0.000010
0.020739 0.372420 0.000010 0.000010 0.000010 0.606801 0.000010
0.000010 0.000010 0.000010 0.000018 0.000010 0.533174 0.466768
0.000010 0.523407 0.000010 0.000010 0.000010 0.476543 0.000010
0.016727 0.000010 0.000010 0.200231 0.000010 0.144690 0.638322
0.000010 0.074119 0.025214 0.236669 0.000010 0.602743 0.061234
0.017436 0.000016 0.157459 0.748889 0.000010 0.076180 0.000010
0.000010 0.999940 0.000010 0.000010 0.000010 0.000010 0.000010
0.000010 0.016668 0.160119 0.521539 0.000010 0.301644 0.000010
0.000010 0.999940 0.000010 0.000010 0.000010 0.000010 0.000010
0.000019 0.337703 0.000013 0.573115 0.041935 0.000010 0.047206
0.000010 0.516698 0.021506 0.000010 0.000010 0.461756 0.000010
0.000010 0.040822 0.410906 0.344146 0.120784 0.034357 0.048975
0.000010 0.000010 0.726378 0.000010 0.000012 0.273569 0.000010
0.046398 0.078965 0.296163 0.319475 0.072207 0.103639 0.083153
0.000010 0.000010 0.150077 0.647748 0.029077 0.000010 0.173069
0.000010 0.000010 0.421789 0.000010 0.000010 0.578161 0.000010
0.124388 0.020963 0.610305 0.191659 0.052481 0.000010 0.000194
0.095558 0.029693 0.626351 0.171744 0.076634 0.000010 0.000010
0.017457 0.128811 0.098557 0.000010 0.000010 0.755145 0.000010
0.000010 0.000010 0.999940 0.000010 0.000010 0.000010 0.000010
0.000010 0.000010 0.279740 0.288036 0.027009 0.280936 0.124259
0.000010 0.068070 0.178161 0.000010 0.046050 0.678568 0.029130
0.000010 0.000010 0.760280 0.000010 0.000013 0.239667 0.000010
0.313293 0.045411 0.414407 0.212440 0.011118 0.000010 0.003322
0.080103 0.134680 0.356826 0.268789 0.076262 0.083331 0.000010
0.000010 0.000010 0.000010 0.999940 0.000010 0.000010 0.000010
0.999937 0.000010 0.000011 0.000010 0.000011 0.000010 0.000010
0.000014 0.000010 0.000010 0.000010 0.010327 0.000010 0.989619
0.000010 0.000010 0.138038 0.174128 0.167642 0.000010 0.520162
0.242511 0.000010 0.000010 0.000010 0.101511 0.000010 0.655939
0.000010 0.000010 0.000010 0.000010 0.999940 0.000010 0.000010
0.000010 0.000010 0.000010 0.000010 0.831387 0.000010 0.168563
0.018418 0.000010 0.218267 0.120658 0.629328 0.009549 0.003770
0.000014 0.000012 0.000010 0.000010 0.475391 0.000010 0.524552
0.000010 0.000010 0.000010 0.000010 0.625108 0.000010 0.374842
0.039438 0.031181 0.063762 0.381709 0.228316 0.255584 0.000010
0.000010 0.000010 0.000010 0.000010 0.999940 0.000010 0.000010
0.000010 0.471750 0.000010 0.073500 0.153793 0.000010 0.300928
0.000016 0.000015 0.000010 0.000018 0.999922 0.000010 0.000010
0.000010 0.000014 0.000010 0.000010 0.999936 0.000010 0.000010
0.000010 0.000010 0.111681 0.194526 0.693753 0.000010 0.000010
0.000010 0.000010 0.000010 0.000010 0.819241 0.000010 0.180709
0.000010 0.000010 0.000010 0.227724 0.772226 0.000010 0.000010
0.000010 0.000019 0.000010 0.000010 0.044716 0.000010 0.955225
0.069731 0.059582 0.000010 0.650483 0.172080 0.000010 0.048104
0.999939 0.000010 0.000011 0.000010 0.000010 0.000010 0.000010
0.053296 0.000014 0.439008 0.000010 0.074567 0.433094 0.000010
0.999940 0.000010 0.000010 0.000010 0.000010 0.000010 0.000010
0.999935 0.000010 0.000011 0.000010 0.000010 0.000014 0.000010
0.002357 0.081611 0.000010 0.467271 0.224302 0.129696 0.094752
0.000018 0.000010 0.000020 0.848430 0.151502 0.000010 0.000010
0.000010 0.000019 0.019403 0.586773 0.268971 0.000010 0.124814
0.000010 0.000010 0.031523 0.691723 0.200387 0.001069 0.075276
0.000010 0.000012 0.015016 0.670664 0.202403 0.000010 0.111884
0.108708 0.000014 0.029203 0.433240 0.105239 0.323585 0.000010
0.039195 0.000010 0.000010 0.807141 0.130782 0.022851 0.000010
0.105119 0.000010 0.637080 0.000010 0.100360 0.157410 0.000010
0.105022 0.435133 0.190471 0.000010 0.185127 0.084228 0.000010
0.173518 0.034532 0.284883 0.000010 0.125829 0.381218 0.000010
0.000010 0.000010 0.000010 0.000010 0.891738 0.108212 0.000010
0.065751 0.030283 0.192099 0.194331 0.180001 0.156939 0.180596
0.065206 0.028142 0.039841 0.344604 0.209278 0.303620 0.009309
0.076717 0.109123 0.127979 0.353907 0.155480 0.176783 0.000010
0.079008 0.000010 0.000010 0.434264 0.212231 0.045577 0.228901
0.530862 0.023872 0.208458 0.060735 0.137554 0.038508 0.000010
0.054771 0.050155 0.176259 0.254841 0.323731 0.105375 0.034869
0.000010 0.059133 0.027340 0.398911 0.296038 0.188178 0.030391
0.000010 0.102785 0.000010 0.000010 0.460758 0.253563 0.182864
0.000010 0.473922 0.000010 0.036521 0.326812 0.138722 0.024003
0.087033 0.000010 0.308262 0.365269 0.216537 0.022879 0.000010
0.007184 0.096367 0.077269 0.192960 0.285031 0.341179 0.000010
0.452630 0.053123 0.000010 0.192162 0.239272 0.000010 0.062794
0.242572 0.000010 0.053950 0.077621 0.150800 0.080836 0.394210
0.000012 0.000010 0.000011 0.000010 0.034071 0.965876 0.000010
0.000010 0.083697 0.000010 0.000010 0.550718 0.000010 0.365546
0.000010 0.178495 0.000010 0.000010 0.064084 0.757381 0.000010
0.002454 0.328213 0.080054 0.071932 0.271874 0.013409 0.232064
0.000010 0.000010 0.000010 0.948407 0.051543 0.000010 0.000010
0.426039 0.000010 0.552846 0.000010 0.021073 0.000012 0.000010
0.000010 0.000010 0.503432 0.242019 0.212907 0.000010 0.041611
