0.021375 0.054646 0.037449 0.813538 0.000010 0.072981
0.145600 0.200934 0.000010 0.341311 0.000010 0.312135
0.057130 0.048198 0.000010 0.593587 0.047253 0.253821
0.000010 0.000010 0.000012 0.000010 0.999948 0.000010
0.022835 0.000012 0.000010 0.418827 0.117691 0.440625
0.023408 0.000011 0.000010 0.422412 0.116900 0.437259
0.032494 0.076889 0.048537 0.673714 0.029164 0.139202
0.000010 0.000010 0.000010 0.000010 0.999950 0.000010
0.000015 0.000010 0.000010 0.862782 0.051335 0.085848
0.133787 0.098295 0.000010 0.324691 0.068731 0.374486
0.050142 0.042496 0.018964 0.524742 0.000010 0.363646
0.071364 0.029117 0.032352 0.516814 0.007225 0.343128
0.140824 0.242964 0.031473 0.489719 0.000010 0.095010
0.000010 0.044050 0.103100 0.731443 0.121387 0.000010
0.059885 0.017856 0.084152 0.802596 0.035502 0.000010
0.079721 0.050885 0.045373 0.497940 0.004238 0.321842
0.080296 0.051357 0.044670 0.499195 0.004248 0.320235
0.000010 0.000010 0.000010 0.999950 0.000010 0.000010
0.060969 0.038266 0.007776 0.709530 0.000010 0.183450
0.000010 0.000010 0.000020 0.999940 0.000010 0.000010
0.080347 0.839829 0.000010 0.000010 0.000010 0.079794
0.000010 0.000014 0.000010 0.000010 0.000010 0.999946
0.000010 0.000010 0.999950 0.000010 0.000010 0.000010
0.066067 0.000010 0.000012 0.000010 0.000010 0.933891
0.000010 0.000010 0.999950 0.000010 0.000010 0.000010
0.000010 0.000011 0.999949 0.000010 0.000010 0.000010
0.000010 0.000010 0.273774 0.000010 0.000010 0.726186
0.069677 0.108972 0.046859 0.121986 0.052273 0.600233
0.000010 0.000010 0.000010 0.000010 0.999950 0.000010
0.095963 0.071727 0.044871 0.256508 0.052764 0.478167
0.040251 0.083474 0.040151 0.658261 0.030044 0.147819
0.521322 0.053105 0.018686 0.332730 0.000010 0.074146
0.017929 0.000010 0.000010 0.306518 0.160124 0.515408
0.000010 0.395089 0.000010 0.078119 0.044998 0.481774
0.000010 0.000010 0.309186 0.000010 0.000010 0.690774
0.000010 0.000010 0.000010 0.000010 0.999950 0.000010
0.000010 0.064271 0.021442 0.095258 0.318164 0.500856
0.505018 0.000010 0.207059 0.127549 0.160353 0.000010
0.021087 0.000010 0.000010 0.032678 0.788036 0.158179
0.000010 0.000010 0.315103 0.274532 0.410336 0.000010
0.000015 0.000010 0.000010 0.327329 0.571431 0.101205
0.000010 0.437713 0.000010 0.000010 0.562247 0.000010
0.000010 0.000010 0.000010 0.467991 0.531969 0.000010
0.521496 0.000010 0.000010 0.000010 0.478464 0.000010
0.000010 0.000010 0.000010 0.000010 0.584813 0.415147
0.000010 0.000010 0.422690 0.000010 0.577270 0.000010
0.069562 0.222179 0.395140 0.027276 0.262965 0.022879
0.000010 0.064945 0.000010 0.339409 0.035401 0.560224
0.000011 0.000010 0.420486 0.000010 0.000010 0.579473
0.014901 0.000010 0.312043 0.128211 0.259636 0.285200
0.000010 0.000010 0.000010 0.000010 0.999950 0.000010
0.000010 0.000010 0.000010 0.000010 0.999950 0.000010
0.100438 0.012788 0.002785 0.280980 0.062336 0.540672
0.037169 0.057107 0.000010 0.741169 0.000010 0.164535
0.000010 0.457997 0.000010 0.000010 0.541963 0.000010
0.000010 0.000010 0.000010 0.000010 0.497789 0.502171
0.999943 0.000010 0.000017 0.000010 0.000010 0.000010
0.033578 0.000010 0.000010 0.000010 0.621381 0.345011
0.000010 0.000010 0.000010 0.795926 0.142283 0.061761
0.065675 0.017094 0.000010 0.310075 0.050707 0.556440
0.028069 0.131647 0.000010 0.637988 0.070205 0.132081
0.001054 0.157258 0.712062 0.051645 0.000010 0.077971
0.042194 0.191744 0.137545 0.390149 0.238358 0.000010
0.023573 0.000010 0.000010 0.000010 0.000010 0.976387
0.175673 0.202265 0.046566 0.244541 0.000010 0.330946
0.000017 0.000014 0.000010 0.000010 0.000010 0.999938
0.999948 0.000012 0.000010 0.000010 0.000010 0.000010
0.999950 0.000010 0.000010 0.000010 0.000010 0.000010
0.043614 0.769399 0.000010 0.146080 0.040887 0.000010
0.559388 0.000010 0.029803 0.308738 0.102051 0.000010
0.003385 0.270444 0.000010 0.000010 0.000010 0.726141
0.553063 0.000010 0.000010 0.430933 0.015974 0.000010
0.000010 0.000010 0.000010 0.234637 0.018391 0.746942
0.000010 0.580424 0.000010 0.000010 0.419536 0.000010
0.005956 0.000010 0.019880 0.545659 0.037311 0.391183
0.000010 0.267519 0.000010 0.000010 0.000010 0.732441
0.457263 0.156490 0.000010 0.000010 0.234079 0.152148
0.000010 0.467746 0.000010 0.000010 0.000010 0.532214
0.218351 0.000010 0.010448 0.134856 0.373113 0.263223
0.099950 0.001022 0.073892 0.390786 0.053108 0.381242
0.075339 0.367387 0.060764 0.146981 0.295108 0.054420
0.000018 0.999942 0.000010 0.000010 0.000010 0.000010
0.000010 0.000013 0.000010 0.718720 0.194360 0.086886
0.632100 0.000010 0.037890 0.123012 0.003032 0.203956
0.000010 0.545168 0.454792 0.000010 0.000010 0.000010
0.000010 0.052783 0.611481 0.201757 0.000010 0.133959
0.000010 0.000010 0.097087 0.404369 0.472545 0.025979
0.000010 0.000010 0.456992 0.000010 0.000010 0.542968
0.035724 0.000011 0.000011 0.000010 0.000010 0.964234
0.005004 0.000010 0.000010 0.745130 0.035529 0.214317
0.000010 0.000010 0.000010 0.035703 0.964257 0.000010
0.000010 0.000010 0.000010 0.757067 0.146150 0.096754
0.021672 0.064465 0.092698 0.683979 0.004683 0.132503
0.000010 0.000010 0.000010 0.999950 0.000010 0.000010
0.999950 0.000010 0.000010 0.000010 0.000010 0.000010
0.020969 0.000010 0.257531 0.302181 0.000010 0.419299
0.999950 0.000010 0.000010 0.000010 0.000010 0.000010
0.038785 0.072701 0.037764 0.706799 0.000010 0.143941
0.145608 0.000010 0.000010 0.000010 0.000010 0.854352
0.000010 0.501475 0.498485 0.000010 0.000010 0.000010
0.555973 0.000015 0.443982 0.000010 0.000010 0.000010
0.421142 0.000010 0.412570 0.116960 0.000010 0.049308
0.000010 0.465235 0.534725 0.000010 0.000010 0.000010
0.000010 0.007266 0.580256 0.290878 0.000010 0.121580
0.096591 0.079585 0.000014 0.769797 0.000010 0.054002
0.000010 0.000010 0.545181 0.000010 0.454779 0.000010
0.000010 0.000010 0.000010 0.334190 0.614548 0.051231
0.000010 0.168773 0.185762 0.000010 0.418393 0.227053
0.103352 0.778283 0.000010 0.000010 0.000010 0.118335
0.000010 0.042798 0.000010 0.780405 0.000010 0.176766
0.000010 0.000010 0.000010 0.999950 0.000010 0.000010
0.024073 0.014189 0.454730 0.204102 0.084653 0.218253
0.046233 0.953727 0.000010 0.000010 0.000010 0.000010
0.060116 0.000010 0.022218 0.606516 0.179453 0.131687
0.000013 0.131841 0.000010 0.304485 0.019929 0.543723
0.462810 0.000010 0.000010 0.000010 0.000010 0.537150
0.133660 0.162932 0.437371 0.079708 0.008664 0.177664
0.073137 0.112508 0.000010 0.676420 0.026521 0.111404
0.000010 0.657502 0.000010 0.000010 0.342458 0.000010
0.000010 0.000010 0.000010 0.661462 0.000010 0.338498
0.047428 0.081239 0.003580 0.771903 0.006641 0.089209
0.000010 0.000010 0.559696 0.292061 0.035909 0.112315
0.000017 0.000010 0.559088 0.295417 0.035342 0.110125
0.045688 0.068155 0.065932 0.720278 0.000010 0.099937
0.053287 0.040226 0.000010 0.478210 0.000010 0.428257
0.070357 0.004194 0.070069 0.586183 0.000010 0.269186
0.025106 0.038851 0.000010 0.722782 0.019061 0.194191
0.000010 0.000010 0.000010 0.000010 0.999950 0.000010
0.000010 0.000010 0.999950 0.000010 0.000010 0.000010
0.000010 0.439735 0.000010 0.000010 0.560225 0.000010
0.000010 0.000010 0.000010 0.000010 0.999950 0.000010
0.000010 0.000010 0.528062 0.000010 0.471898 0.000010
0.000010 0.000010 0.529404 0.000010 0.000010 0.470556
0.000010 0.000010 0.000010 0.000010 0.999950 0.000010
0.000010 0.000010 0.279797 0.000010 0.720163 0.000010
0.000010 0.000010 0.999950 0.000010 0.000010 0.000010
0.028645 0.000010 0.222097 0.140006 0.044698 0.564543
0.000010 0.000010 0.000010 0.000010 0.999950 0.000010
0.000010 0.000010 0.999950 0.000010 0.000010 0.000010
0.000010 0.000010 0.000010 0.000010 0.999950 0.000010
0.000010 0.000010 0.417765 0.000010 0.000010 0.582195
0.999950 0.000010 0.000010 0.000010 0.000010 0.000010
0.061809 0.092797 0.009506 0.784833 0.000010 0.051045
0.000010 0.565737 0.434223 0.000010 0.000010 0.000010
0.000010 0.501834 0.000010 0.000010 0.498126 0.000010
0.000010 0.000014 0.506184 0.000010 0.000010 0.493772
0.020858 0.122042 0.000010 0.158674 0.625970 0.072446
0.000010 0.000010 0.028871 0.261012 0.044272 0.665825
0.010512 0.117238 0.012663 0.727221 0.000010 0.132356
0.000010 0.000011 0.999949 0.000010 0.000010 0.000010
0.000010 0.084728 0.000010 0.524604 0.000010 0.390637
0.000010 0.000011 0.999949 0.000010 0.000010 0.000010
0.000010 0.000010 0.332244 0.640474 0.013279 0.013984
0.000010 0.494445 0.505515 0.000010 0.000010 0.000010
0.050077 0.018398 0.016262 0.512483 0.051735 0.351046
0.007837 0.000010 0.000010 0.000010 0.000010 0.992123
0.093844 0.047019 0.049273 0.426976 0.075543 0.307345
0.000010 0.000011 0.000010 0.736436 0.183078 0.080454
0.000018 0.000010 0.000010 0.000010 0.000010 0.999942
0.139127 0.027367 0.038853 0.256833 0.017058 0.520762
0.151915 0.026425 0.048215 0.272018 0.001772 0.499655
0.000010 0.000010 0.051200 0.000010 0.000010 0.948760
0.067225 0.003987 0.000010 0.000010 0.000010 0.928758
0.000015 0.000010 0.000010 0.330060 0.092732 0.577174
0.000010 0.093608 0.092659 0.000010 0.012268 0.801445
0.000010 0.000010 0.000010 0.000010 0.000010 0.999950
0.377781 0.048812 0.054542 0.242906 0.011731 0.264228
0.096637 0.105601 0.066392 0.349423 0.000010 0.381937
0.000010 0.000010 0.000010 0.999950 0.000010 0.000010
0.999950 0.000010 0.000010 0.000010 0.000010 0.000010
0.000010 0.000012 0.000018 0.000010 0.999940 0.000010
0.025244 0.000010 0.000010 0.288682 0.537979 0.148076
0.256913 0.000010 0.022267 0.000010 0.720790 0.000010
0.074012 0.068977 0.131330 0.500941 0.224730 0.000010
0.044812 0.058962 0.109309 0.458334 0.328573 0.000010
0.080348 0.152237 0.091429 0.504155 0.108189 0.063643
0.053330 0.000010 0.100035 0.159259 0.687356 0.000010
0.062216 0.000010 0.103846 0.260015 0.573904 0.000010
0.052252 0.149002 0.056054 0.550530 0.011904 0.180259
0.127984 0.088244 0.167530 0.473084 0.137118 0.006040
0.000011 0.014706 0.505949 0.121636 0.357688 0.000010
0.083933 0.000019 0.136830 0.671891 0.107318 0.000010
0.074571 0.000019 0.139441 0.678414 0.107545 0.000010
0.104558 0.021801 0.055256 0.626697 0.121046 0.070641
0.092536 0.050867 0.075549 0.379219 0.401819 0.000010
0.041589 0.070743 0.090998 0.676237 0.120422 0.000010
0.000010 0.000010 0.000010 0.000010 0.999950 0.000010
0.065339 0.011418 0.067537 0.826402 0.029295 0.000010
0.999950 0.000010 0.000010 0.000010 0.000010 0.000010
0.062891 0.079107 0.000010 0.000010 0.000010 0.857972
0.999950 0.000010 0.000010 0.000010 0.000010 0.000010
0.999950 0.000010 0.000010 0.000010 0.000010 0.000010
0.003119 0.030363 0.086058 0.645122 0.128061 0.107277
0.000010 0.000010 0.000010 0.999950 0.000010 0.000010
0.000010 0.000010 0.000010 0.812452 0.140686 0.046832
0.000010 0.000010 0.000010 0.867542 0.089701 0.042727
0.000010 0.000010 0.000010 0.870071 0.129889 0.000010
0.093413 0.176476 0.000010 0.499076 0.000010 0.231014
0.021260 0.021634 0.021199 0.868345 0.002881 0.064681
0.129733 0.000010 0.000010 0.000010 0.004836 0.865401
0.092446 0.011497 0.511087 0.034880 0.014591 0.335498
0.147014 0.000866 0.031301 0.000010 0.000010 0.820798
0.097312 0.138817 0.185213 0.408425 0.170222 0.000010
0.057543 0.041610 0.065838 0.281849 0.192568 0.360591
0.060592 0.078030 0.068556 0.470545 0.026191 0.296086
0.071728 0.009318 0.115548 0.429557 0.000010 0.373840
0.065872 0.050970 0.026806 0.556359 0.266488 0.033504
0.585279 0.025470 0.021505 0.168365 0.000010 0.199370
0.081527 0.092446 0.135099 0.428715 0.052874 0.209338
0.000010 0.111604 0.093415 0.616066 0.066788 0.112117
0.005312 0.288196 0.208225 0.206735 0.291522 0.000010
0.000010 0.154176 0.559811 0.219585 0.066409 0.000010
0.133110 0.151817 0.000010 0.470880 0.019782 0.224400
0.038620 0.293972 0.151987 0.349436 0.008689 0.157296
0.546356 0.000014 0.027534 0.317658 0.108429 0.000010
0.233661 0.006383 0.000010 0.176493 0.393233 0.190220
0.000010 0.999946 0.000010 0.000014 0.000010 0.000010
0.000010 0.000010 0.225920 0.289352 0.484698 0.000010
0.000010 0.560622 0.225450 0.000010 0.000010 0.213898
0.011146 0.000010 0.439949 0.151636 0.280585 0.116673
0.000010 0.000010 0.000010 0.999950 0.000010 0.000010
0.443437 0.000010 0.000010 0.000010 0.000010 0.556523
0.069086 0.052681 0.016658 0.509531 0.018243 0.333801
