V1	V2	V3	V4	accession
0.096141	0.891645	1e-05	0.012204	UNT_038_new
0.202103	0.797877	1e-05	1e-05	UNT_019_new
0.180994	0.818986	1e-05	1e-05	UNT_027_new
1e-05	0.948149	1e-05	0.051831	UNT_021_new
1e-05	0.870643	1e-05	0.129337	UNT_031_reseq
1e-05	0.932287	0.067693	1e-05	UNT_052_reseq
0.031197	0.951721	1e-05	0.017072	UNT_050_reseq
1e-05	0.898168	1e-05	0.101812	UNT_058_reseq
1e-05	0.943473	1e-05	0.056507	UNT_020_new
1e-05	0.957912	1e-05	0.042068	UNT_040_reseq
1e-05	0.888653	1e-05	0.111327	UNT_023_reseq
1e-05	0.94786	1e-05	0.05212	UNT_001_reseq
1e-05	0.945601	1e-05	0.054379	UNT_022_reseq
0.100401	0.899579	1e-05	1e-05	UNT_010_reseq
0.091118	0.908862	1e-05	1e-05	UNT_059_reseq
0.123628	0.876352	1e-05	1e-05	UNT_024_reseq
0.134561	0.865419	1e-05	1e-05	UNT_026_reseq
0.154851	0.845129	1e-05	1e-05	UNT_028_reseq
0.099961	0.857117	0.042912	1e-05	UNT_039_reseq
0.030982	0.968998	1e-05	1e-05	UNT_007_reseq
0.044801	0.955179	1e-05	1e-05	UNT_015_reseq
1e-05	0.901211	0.098769	1e-05	UNT_006_reseq
1e-05	0.99997	1e-05	1e-05	UNT_017_reseq
1e-05	0.959952	0.040028	1e-05	UNT_034_reseq
1e-05	0.994056	0.005924	1e-05	UNT_005_reseq
1e-05	0.894294	0.105686	1e-05	UNT_016_reseq
1e-05	0.99997	1e-05	1e-05	UNT_011_reseq
0.001783	0.998197	1e-05	1e-05	UNT_013_reseq
0.010407	0.989573	1e-05	1e-05	UNT_014_reseq
1e-05	0.887788	0.097476	0.014726	UNT_012_reseq
1e-05	0.887388	0.112592	1e-05	UNT_056_reseq
1e-05	0.809105	0.190875	1e-05	UNT_003_reseq
1e-05	0.872269	0.127711	1e-05	UNT_054_reseq
1e-05	0.751355	0.248625	1e-05	UNT_008_reseq
1e-05	0.796059	0.203921	1e-05	UNT_009_reseq
1e-05	0.735307	0.264673	1e-05	UNT_004_reseq
1e-05	0.546196	0.453784	1e-05	UNT_002_reseq
1e-05	0.574075	0.425905	1e-05	UNT_018_reseq
0.085907	0.914073	1e-05	1e-05	UNT_029_reseq
0.127691	0.872289	1e-05	1e-05	UNT_030_reseq
0.021793	0.927012	1e-05	0.051184	UNT_037_reseq
0.073074	0.926906	1e-05	1e-05	UNT_046_reseq
1e-05	0.942625	0.047626	0.009739	UNT_035_reseq
0.056839	0.93764	1e-05	0.005511	UNT_042_reseq
1e-05	0.943244	0.056736	1e-05	UNT_044_reseq
1e-05	0.948661	1e-05	0.051319	UNT_045_reseq
0.087851	0.912129	1e-05	1e-05	UNT_043_reseq
1e-05	0.940979	1e-05	0.059001	UNT_047_reseq
1e-05	0.842599	1e-05	0.157381	UNT_053_reseq
1e-05	0.840035	1e-05	0.159945	UNT_055_reseq
1e-05	0.890295	1e-05	0.109685	UNT_032_reseq
1e-05	0.888318	1e-05	0.111662	UNT_033_reseq
0.99997	1e-05	1e-05	1e-05	CAMPUB_057
0.340518	0.659462	1e-05	1e-05	UNT_025_new
0.707568	0.067112	0.069936	0.155384	CAMPUB_169
0.663007	0.042189	0.034495	0.26031	CAMPUB_226
0.707933	0.145588	0.009448	0.137031	CAMPUB_077
0.782534	1e-05	1e-05	0.217446	CAMPUB_172
0.760897	0.049125	1e-05	0.189968	CAMPUB_182
0.795969	1e-05	1e-05	0.204011	CAMPUB_031
0.252186	0.145173	1e-05	0.602631	CAMPUB_276
0.588154	0.034712	0.007833	0.369302	CAMPUB_038
0.589512	1e-05	0.005022	0.405456	CAMPUB_039
0.57088	1e-05	1e-05	0.4291	CAMPUB_049
0.586978	1e-05	1e-05	0.413002	CAMPUB_052
0.728041	0.072035	0.001368	0.198557	CAMPUB_221
0.831844	1e-05	0.028914	0.139232	CAMPUB_045
0.39318	1e-05	0.021351	0.585459	CAMPUB_277
0.368785	0.118116	0.070333	0.442767	CAMPUB_036
0.826397	0.03663	1e-05	0.136963	CAMPUB_203
0.359554	0.006099	0.01163	0.622717	CAMPUB_209
0.395742	1e-05	0.019983	0.584265	CAMPUB_098
0.083093	1e-05	1e-05	0.916887	CAMPUB_099
0.221197	1e-05	0.023455	0.755338	CAMPUB_237
0.468064	1e-05	0.037404	0.494522	CAMPUB_157
0.256356	1e-05	1e-05	0.743624	CAMPUB_136
0.156903	1e-05	1e-05	0.843077	CAMPUB_211
0.747436	1e-05	1e-05	0.252544	CAMPUB_212
0.441143	1e-05	1e-05	0.558837	CAMPUB_008
0.584593	1e-05	1e-05	0.415387	CAMPUB_040
0.100723	1e-05	0.254124	0.645142	CAMPUB_096
0.209036	1e-05	0.272268	0.518686	CAMPUB_101
0.218452	0.088247	0.059145	0.634156	CAMPUB_205
0.355139	1e-05	0.069179	0.575672	CAMPUB_219
0.354937	0.026372	0.066518	0.552172	CAMPUB_220
0.249589	0.13767	1e-05	0.61273	CAMPUB_164
0.411196	1e-05	1e-05	0.588784	CAMPUB_196
1e-05	0.081143	1e-05	0.918837	CAMPUB_192
1e-05	0.017068	1e-05	0.982912	CAMPUB_258
1e-05	0.090916	1e-05	0.909064	CAMPUB_195
1e-05	0.085017	1e-05	0.914963	CAMPUB_246
1e-05	0.052784	1e-05	0.947196	CAMPUB_162
1e-05	0.037249	1e-05	0.962731	CAMPUB_233
1e-05	1e-05	0.023275	0.976705	CAMPUB_242
0.163218	0.038307	1e-05	0.798465	CAMPUB_131
0.102827	1e-05	0.005304	0.891859	CAMPUB_067
0.042286	1e-05	0.009353	0.948351	CAMPUB_068
0.043688	1e-05	0.049377	0.906925	CAMPUB_236
1e-05	1e-05	1e-05	0.99997	CAMPUB_229
1e-05	0.019718	1e-05	0.980262	CAMPUB_256
0.068943	0.005152	1e-05	0.925895	CAMPUB_253
1e-05	1e-05	1e-05	0.99997	CAMPUB_063
1e-05	1e-05	1e-05	0.99997	CAMPUB_240
1e-05	0.175368	0.18166	0.642962	CAMPUB_154
0.331211	0.122949	0.056263	0.489576	CAMPUB_147
0.283685	0.186571	1e-05	0.529734	CAMPUB_078
0.4271	0.047336	1e-05	0.525554	CAMPUB_149
1e-05	0.022141	1e-05	0.977839	CAMPUB_210
0.140716	0.011635	1e-05	0.84764	CAMPUB_161
1e-05	1e-05	1e-05	0.99997	CAMPUB_138
1e-05	0.008243	1e-05	0.991737	CAMPUB_243
1e-05	1.1e-05	1e-05	0.999969	CAMPUB_145
1e-05	1e-05	1e-05	0.99997	CAMPUB_180
1e-05	0.020213	1e-05	0.979767	CAMPUB_116
1e-05	1e-05	1e-05	0.99997	CAMPUB_174
1e-05	0.050456	1e-05	0.949524	CAMPUB_193
0.110688	1e-05	1e-05	0.889292	CAMPUB_194
0.178647	1e-05	0.161073	0.66027	CAMPUB_085
1e-05	1e-05	0.446641	0.553339	CAMPUB_091
0.317969	1e-05	0.041566	0.640456	CAMPUB_074
0.586048	1e-05	0.027459	0.386484	CAMPUB_152
0.353394	1e-05	0.039556	0.60704	CAMPUB_110
0.327924	0.021299	0.040962	0.609815	CAMPUB_123
0.447166	0.012285	0.10265	0.4379	CAMPUB_029
0.462099	0.041568	0.093325	0.403008	CAMPUB_030
0.240959	0.074423	1e-05	0.684609	CAMPUB_175
0.280224	0.087205	0.001997	0.630574	CAMPUB_266
0.279656	0.050566	0.0126	0.657178	CAMPUB_268
1e-05	0.288377	1e-05	0.711603	CAMPUB_260
1e-05	0.162149	1e-05	0.837831	CAMPUB_273
1e-05	1e-05	1e-05	0.99997	CAMPUB_135
1e-05	0.14905	1e-05	0.85093	CAMPUB_168
0.013659	0.045765	1e-05	0.940566	CAMPUB_187
0.069528	0.008651	1e-05	0.921811	CAMPUB_270
0.117764	0.100418	1e-05	0.781808	CAMPUB_206
0.101982	0.031282	1e-05	0.866726	CAMPUB_201
1e-05	0.044105	1e-05	0.955875	CAMPUB_159
1e-05	1e-05	1e-05	0.99997	CAMPUB_058
0.149759	1e-05	0.020458	0.829773	CAMPUB_146
1e-05	0.010949	1e-05	0.989031	CAMPUB_148
1e-05	1e-05	1e-05	0.99997	CAMPUB_155
0.143194	1e-05	0.292154	0.564642	CAMPUB_084
0.374656	1e-05	0.052531	0.572803	CAMPUB_271
0.300638	1e-05	0.032238	0.667115	CAMPUB_150
0.068945	1e-05	1e-05	0.931035	CAMPUB_066
0.137231	1e-05	0.025428	0.837332	CAMPUB_072
1e-05	0.079826	1e-05	0.920154	CAMPUB_167
0.10175	1e-05	0.021592	0.876648	CAMPUB_080
0.250017	1e-05	0.036921	0.713052	CAMPUB_251
1e-05	0.002676	1e-05	0.997304	CAMPUB_248
1e-05	0.015204	1e-05	0.984776	CAMPUB_264
1e-05	1e-05	1e-05	0.99997	CAMPUB_070
1e-05	1e-05	1e-05	0.99997	CAMPUB_081
1e-05	1e-05	1e-05	0.99997	CAMPUB_269
1e-05	1e-05	1e-05	0.99997	CAMPUB_061
1e-05	1e-05	1e-05	0.99997	CAMPUB_137
1e-05	0.132576	1e-05	0.867404	CAMPUB_153
0.0011	0.209719	0.003539	0.785642	CAMPUB_272
0.480737	0.10611	0.052728	0.360425	CAMPUB_259
0.319472	0.335154	0.049353	0.29602	CAMPUB_261
1e-05	0.13372	0.364362	0.501908	CAMPUB_200
0.378427	0.054111	0.25304	0.314421	CAMPUB_134
0.398985	1e-05	0.474479	0.126526	CAMPUB_165
0.25438	0.10614	0.414661	0.22482	CAMPUB_087
1e-05	1e-05	0.481206	0.518774	CAMPUB_198
1e-05	1e-05	0.549017	0.450963	CAMPUB_089
1e-05	0.035572	0.508194	0.456224	CAMPUB_112
1e-05	1e-05	0.584153	0.415827	CAMPUB_092
1e-05	1e-05	0.550814	0.449166	CAMPUB_114
0.37748	0.063266	0.559245	1e-05	CAMPUB_199
0.29175	1e-05	0.561794	0.146446	CAMPUB_250
0.003691	1e-05	0.589151	0.407147	CAMPUB_232
0.005663	1e-05	0.627293	0.367034	CAMPUB_095
0.376144	1e-05	0.587659	0.036186	CAMPUB_088
0.447828	1.2e-05	0.55215	1e-05	CAMPUB_090
1e-05	1e-05	0.660023	0.339957	CAMPUB_119
1e-05	0.301441	0.698539	1e-05	CAMPUB_086
1e-05	0.105169	0.894811	1e-05	CAMPUB_231
0.042673	1e-05	0.759023	0.198294	CAMPUB_235
1e-05	1e-05	0.99997	1e-05	CAMPUB_028
1e-05	1e-05	0.99997	1e-05	CAMPUB_033
1e-05	1.3e-05	0.999967	1e-05	CAMPUB_170
1e-05	1e-05	0.99997	1e-05	CAMPUB_241
1e-05	1e-05	0.99997	1e-05	CAMPUB_073
1e-05	1e-05	0.99997	1e-05	CAMPUB_228
1e-05	1e-05	0.99997	1e-05	CAMPUB_234
1e-05	1.1e-05	0.999969	1e-05	CAMPUB_104
1e-05	1e-05	0.99997	1e-05	CAMPUB_108
1e-05	1e-05	0.99997	1e-05	CAMPUB_083
1e-05	1e-05	0.99997	1e-05	CAMPUB_239
1e-05	0.126742	0.355932	0.517316	CAMPUB_151
1e-05	0.038245	0.563222	0.398523	CAMPUB_230
1e-05	0.057475	0.392455	0.550059	CAMPUB_214
1e-05	1e-05	0.496276	0.503704	CAMPUB_247
0.208947	0.016294	0.31114	0.463619	CAMPUB_156
0.210157	1e-05	0.281843	0.50799	CAMPUB_158
0.260563	0.141073	0.168396	0.429968	CAMPUB_079
0.536219	2.4e-05	1e-05	0.463747	CAMPUB_255
0.763105	1e-05	0.004539	0.232346	CAMPUB_056
0.504142	0.019983	1e-05	0.475865	CAMPUB_223
0.628081	1e-05	1e-05	0.371899	CAMPUB_225
0.848105	1e-05	0.026993	0.124892	CAMPUB_218
0.621924	1e-05	0.038837	0.339229	CAMPUB_025
0.817893	0.012729	1e-05	0.169368	CAMPUB_111
0.855037	1e-05	1e-05	0.144943	CAMPUB_007
0.756344	1e-05	1e-05	0.243636	CAMPUB_252
0.792025	0.033756	1e-05	0.174209	CAMPUB_197
0.780076	0.109434	1e-05	0.11048	CAMPUB_244
0.99997	1e-05	1e-05	1e-05	CAMPUB_278
0.562587	0.437393	1e-05	1e-05	UNT_057
0.63668	0.128071	1e-05	0.23524	CAMPUB_216
0.699746	1e-05	0.028043	0.272201	CAMPUB_257
0.900487	1e-05	0.052081	0.047422	CAMPUB_035
0.99997	1e-05	1e-05	1e-05	CAMPUB_204
0.99997	1e-05	1e-05	1e-05	CAMPUB_055
0.99997	1e-05	1e-05	1e-05	CAMPUB_173
0.635759	0.020464	0.048223	0.295554	CAMPUB_124
0.657696	1e-05	0.16765	0.174644	CAMPUB_207
0.779786	1e-05	0.158815	0.061389	CAMPUB_160
0.833748	1e-05	0.140599	0.025643	CAMPUB_171
0.82612	1e-05	0.158811	0.015059	CAMPUB_262
0.683295	0.121565	0.107772	0.087368	CAMPUB_041
0.790211	0.07359	0.13619	1e-05	CAMPUB_120
