0.016141 0.034037 0.128578 0.704786 0.035315 0.081133 0.000010
0.160264 0.000010 0.029282 0.319656 0.041051 0.449726 0.000010
0.068967 0.000010 0.058567 0.527669 0.049320 0.255082 0.040385
0.000010 0.000010 0.000010 0.000010 0.000010 0.000010 0.999940
0.053216 0.000010 0.000010 0.388636 0.075520 0.383414 0.099195
0.053383 0.000010 0.000010 0.390455 0.077468 0.380510 0.098164
0.000010 0.009333 0.515741 0.353375 0.067475 0.042070 0.011995
0.000010 0.000010 0.000010 0.000010 0.000010 0.000010 0.999940
0.021847 0.000010 0.000010 0.901780 0.000010 0.052441 0.023902
0.145397 0.000010 0.062130 0.274989 0.033812 0.419518 0.064144
0.000010 0.000010 0.999940 0.000010 0.000010 0.000010 0.000010
0.000010 0.000010 0.999940 0.000010 0.000010 0.000010 0.000010
0.137486 0.016315 0.094007 0.425190 0.048072 0.278919 0.000010
0.000010 0.117172 0.040400 0.676964 0.034773 0.016727 0.113953
0.001679 0.044297 0.271972 0.617499 0.026600 0.000010 0.037942
0.000010 0.000010 0.999940 0.000010 0.000010 0.000010 0.000010
0.000010 0.000010 0.999939 0.000010 0.000010 0.000011 0.000010
0.000019 0.000010 0.000017 0.999915 0.000020 0.000010 0.000010
0.061790 0.012738 0.146393 0.599052 0.022414 0.157051 0.000562
0.000010 0.000010 0.164427 0.835523 0.000010 0.000010 0.000010
0.052399 0.000010 0.000010 0.000010 0.000010 0.947551 0.000010
0.000010 0.000010 0.000010 0.000010 0.000010 0.999940 0.000010
0.000010 0.999940 0.000010 0.000010 0.000010 0.000010 0.000010
0.123951 0.000014 0.025288 0.000010 0.000011 0.850716 0.000010
0.000010 0.999940 0.000010 0.000010 0.000010 0.000010 0.000010
0.000019 0.999931 0.000010 0.000010 0.000010 0.000010 0.000010
0.000010 0.290921 0.000010 0.000010 0.000010 0.709029 0.000010
0.093541 0.060629 0.000010 0.110304 0.025472 0.662520 0.047523
0.000010 0.000010 0.000010 0.000010 0.000010 0.000010 0.999940
0.114103 0.050215 0.038950 0.218428 0.037496 0.494864 0.045944
0.007406 0.000010 0.458264 0.344854 0.114075 0.074243 0.001147
0.511549 0.000010 0.230073 0.180038 0.032095 0.046225 0.000010
0.040604 0.012081 0.114262 0.224924 0.032232 0.416893 0.159004
0.000010 0.000010 0.014510 0.093450 0.000010 0.845516 0.046494
0.000010 0.340988 0.000010 0.000010 0.000010 0.658962 0.000010
0.000010 0.000010 0.000010 0.000010 0.000010 0.000010 0.999940
0.000010 0.020615 0.007201 0.050622 0.097153 0.526321 0.298077
0.507085 0.203462 0.000010 0.131573 0.000010 0.000010 0.157850
0.036733 0.000010 0.007400 0.035163 0.015613 0.130916 0.774165
0.000010 0.296971 0.000010 0.226354 0.090580 0.000010 0.386065
0.000010 0.000010 0.016473 0.330011 0.000010 0.088950 0.564536
0.000010 0.000010 0.000010 0.000010 0.000457 0.435959 0.563544
0.000010 0.000010 0.000010 0.464676 0.009904 0.000010 0.525380
0.522255 0.000010 0.000010 0.000010 0.000010 0.000010 0.477695
0.000010 0.000010 0.000010 0.000010 0.000010 0.409333 0.590617
0.000011 0.422006 0.000010 0.000013 0.000010 0.000010 0.577939
0.064645 0.375672 0.000010 0.036242 0.065404 0.217769 0.240258
0.000010 0.000010 0.033966 0.331831 0.000010 0.599559 0.034615
0.027770 0.437018 0.000010 0.000010 0.000010 0.535172 0.000010
0.040545 0.332254 0.041999 0.103007 0.023258 0.204702 0.254235
0.000010 0.000010 0.000010 0.000010 0.000010 0.000010 0.999940
0.000010 0.000010 0.000010 0.000010 0.000010 0.000010 0.999940
0.126768 0.024283 0.104040 0.222961 0.000010 0.458900 0.063038
0.045988 0.000010 0.036694 0.693018 0.031665 0.192615 0.000010
0.000010 0.000010 0.000010 0.000010 0.000010 0.455893 0.544057
0.000010 0.000010 0.000010 0.000010 0.000010 0.494746 0.505204
0.999933 0.000010 0.000010 0.000010 0.000010 0.000017 0.000010
0.053245 0.019045 0.000010 0.000010 0.000010 0.306588 0.621092
0.000010 0.000010 0.126225 0.687609 0.048164 0.003466 0.134515
0.095381 0.009293 0.053495 0.288400 0.000727 0.504541 0.048163
0.030394 0.000010 0.034818 0.618990 0.003895 0.243603 0.068290
0.002713 0.711714 0.000010 0.079773 0.000010 0.205769 0.000010
0.000010 0.000010 0.000010 0.000010 0.860895 0.112039 0.027026
0.108141 0.000010 0.000010 0.000010 0.000010 0.891809 0.000010
0.186910 0.049354 0.027588 0.242890 0.000010 0.493238 0.000010
0.000010 0.000010 0.000010 0.000010 0.000010 0.999940 0.000010
0.999940 0.000010 0.000010 0.000010 0.000010 0.000010 0.000010
0.999940 0.000010 0.000010 0.000010 0.000010 0.000010 0.000010
0.020316 0.000010 0.005215 0.153267 0.027612 0.754940 0.038640
0.553863 0.028250 0.000010 0.270964 0.061012 0.000010 0.085892
0.026011 0.000010 0.000010 0.000013 0.000010 0.973936 0.000010
0.552429 0.000010 0.000010 0.447521 0.000010 0.000010 0.000010
0.000010 0.011490 0.044799 0.217947 0.012120 0.692139 0.021495
0.000010 0.000010 0.000010 0.000010 0.000010 0.578163 0.421787
0.030038 0.024368 0.000013 0.557474 0.000010 0.357889 0.030209
0.000010 0.000010 0.000010 0.000010 0.000010 0.999940 0.000010
0.452271 0.000010 0.000010 0.000010 0.000010 0.310983 0.236706
0.000010 0.000010 0.000010 0.000010 0.000010 0.999940 0.000010
0.233641 0.017134 0.011394 0.125355 0.015175 0.230450 0.366850
0.124179 0.085190 0.091838 0.332063 0.000010 0.311993 0.054727
0.051221 0.046162 0.048735 0.156457 0.000553 0.411148 0.285723
0.000010 0.000010 0.000010 0.000010 0.000010 0.999940 0.000010
0.000010 0.000010 0.080800 0.662931 0.010601 0.053177 0.192471
0.647736 0.047572 0.042797 0.096813 0.000010 0.159248 0.005824
0.000010 0.431166 0.000010 0.000010 0.000010 0.568784 0.000010
0.008148 0.621068 0.008843 0.199380 0.000010 0.162541 0.000010
0.000010 0.017669 0.000010 0.024928 0.575708 0.000010 0.381665
0.000010 0.471896 0.000010 0.000010 0.000010 0.528054 0.000010
0.105393 0.000010 0.000010 0.014063 0.000010 0.880503 0.000010
0.011282 0.000010 0.094739 0.684378 0.000010 0.168066 0.041515
0.000010 0.000010 0.000010 0.038223 0.000010 0.000010 0.961727
0.000010 0.000010 0.103338 0.648509 0.089052 0.029373 0.129708
0.000010 0.039905 0.586783 0.322156 0.051126 0.000010 0.000010
0.000019 0.000010 0.000010 0.999931 0.000010 0.000010 0.000010
0.999940 0.000010 0.000010 0.000010 0.000010 0.000010 0.000010
0.042343 0.274589 0.105191 0.236511 0.000010 0.341346 0.000010
0.999940 0.000010 0.000010 0.000010 0.000010 0.000010 0.000010
0.009284 0.000010 0.489672 0.374241 0.074747 0.052036 0.000010
0.211178 0.000010 0.000010 0.000010 0.000011 0.788771 0.000010
0.000010 0.489909 0.000010 0.000010 0.000010 0.510041 0.000010
0.557562 0.442388 0.000010 0.000010 0.000010 0.000010 0.000010
0.435408 0.417261 0.000010 0.119257 0.000010 0.028043 0.000010
0.000010 0.496327 0.000010 0.000010 0.000010 0.503623 0.000010
0.000010 0.577586 0.025917 0.228328 0.069142 0.099007 0.000010
0.091079 0.000010 0.056728 0.666652 0.082538 0.102982 0.000010
0.000010 0.546390 0.000010 0.000010 0.000010 0.000010 0.453560
0.018064 0.000010 0.000010 0.366400 0.000010 0.015890 0.599616
0.000010 0.185818 0.000010 0.000010 0.000010 0.393538 0.420603
0.042947 0.000010 0.000018 0.044101 0.070755 0.842158 0.000010
0.000010 0.000010 0.012444 0.761155 0.000010 0.212114 0.014257
0.000010 0.000010 0.000010 0.999940 0.000010 0.000010 0.000010
0.039261 0.469487 0.000010 0.202829 0.000010 0.209805 0.078597
0.022939 0.000010 0.001802 0.093752 0.059535 0.821951 0.000010
0.071848 0.026562 0.096346 0.517778 0.054380 0.061705 0.171379
0.009795 0.000010 0.119934 0.243561 0.000010 0.605314 0.021376
0.498644 0.000010 0.000010 0.000010 0.000010 0.501306 0.000010
0.144793 0.442732 0.000010 0.102998 0.000010 0.307074 0.002383
0.086837 0.000010 0.000010 0.678003 0.000010 0.209907 0.025223
0.000010 0.000010 0.000010 0.000010 0.000010 0.635887 0.364063
0.000010 0.000010 0.000010 0.674447 0.000010 0.325503 0.000010
0.045366 0.007211 0.070341 0.688737 0.050144 0.138147 0.000055
0.016576 0.590129 0.085156 0.251405 0.000010 0.023229 0.033495
0.019210 0.589111 0.086211 0.253704 0.000010 0.018132 0.033622
0.001094 0.029181 0.468763 0.395289 0.094895 0.010768 0.000010
0.068696 0.000010 0.192308 0.367989 0.000651 0.370336 0.000010
0.082164 0.078729 0.090337 0.501853 0.032107 0.214800 0.000010
0.030077 0.000010 0.107325 0.662647 0.000010 0.181999 0.017931
0.000010 0.000010 0.000010 0.000010 0.000010 0.000010 0.999940
0.000010 0.999940 0.000010 0.000010 0.000010 0.000010 0.000010
0.000010 0.000010 0.000010 0.000010 0.000010 0.438425 0.561525
0.000010 0.000010 0.000010 0.000010 0.000010 0.000010 0.999940
0.000010 0.527753 0.000011 0.000010 0.000010 0.000010 0.472196
0.000010 0.562158 0.000010 0.000010 0.000010 0.437792 0.000010
0.000010 0.000010 0.000010 0.000010 0.000010 0.000010 0.999940
0.000010 0.280065 0.000010 0.000010 0.000010 0.000010 0.719885
0.000010 0.999940 0.000010 0.000010 0.000010 0.000010 0.000010
0.061833 0.241089 0.000010 0.147802 0.000010 0.505829 0.043428
0.000010 0.000010 0.000010 0.000010 0.000010 0.000010 0.999940
0.000010 0.999940 0.000010 0.000010 0.000010 0.000010 0.000010
0.000010 0.000010 0.000010 0.000010 0.000010 0.000010 0.999940
0.000010 0.443237 0.000010 0.000010 0.000010 0.556713 0.000010
0.999940 0.000010 0.000010 0.000010 0.000010 0.000010 0.000010
0.061358 0.000010 0.077698 0.723284 0.021606 0.116033 0.000010
0.000010 0.413569 0.000010 0.000010 0.000010 0.586381 0.000010
0.000010 0.000010 0.000010 0.000010 0.000010 0.504385 0.495565
0.000010 0.523081 0.000010 0.000010 0.000010 0.476869 0.000010
0.025317 0.000010 0.000010 0.185101 0.000010 0.174178 0.615374
0.000010 0.061171 0.000010 0.274827 0.000010 0.631172 0.032800
0.000010 0.010835 0.157109 0.639540 0.000010 0.192486 0.000010
0.000010 0.999940 0.000010 0.000010 0.000010 0.000010 0.000010
0.000010 0.000010 0.140321 0.443664 0.000010 0.415974 0.000010
0.000010 0.999940 0.000010 0.000010 0.000010 0.000010 0.000010
0.000010 0.336884 0.000010 0.637470 0.025606 0.000010 0.000010
0.000010 0.466682 0.000010 0.000010 0.000010 0.533268 0.000010
0.059201 0.012799 0.040467 0.406168 0.124915 0.320078 0.036372
0.048798 0.000010 0.000010 0.000010 0.000010 0.951151 0.000010
0.102643 0.047506 0.035329 0.381139 0.047772 0.318930 0.066681
0.000010 0.000010 0.051426 0.662525 0.069244 0.050168 0.166618
0.000010 0.000010 0.000010 0.000010 0.000010 0.999940 0.000010
0.162411 0.046212 0.036985 0.196289 0.070906 0.477646 0.009552
0.170494 0.049891 0.071067 0.182229 0.079121 0.447188 0.000010
0.028418 0.098943 0.000010 0.000010 0.000010 0.872599 0.000010
0.133745 0.000010 0.020514 0.000010 0.000010 0.845701 0.000010
0.014364 0.000010 0.057502 0.298131 0.031159 0.508888 0.089944
0.002234 0.082217 0.031281 0.000010 0.044183 0.840064 0.000010
0.015515 0.000010 0.000010 0.000010 0.000010 0.984435 0.000010
0.375880 0.045446 0.281224 0.090233 0.000010 0.201318 0.005889
0.093095 0.051573 0.154340 0.208322 0.088335 0.404324 0.000010
0.000010 0.000010 0.000010 0.999940 0.000010 0.000010 0.000010
0.999940 0.000010 0.000010 0.000010 0.000010 0.000010 0.000010
0.000010 0.000010 0.000010 0.000010 0.000010 0.000010 0.999940
0.024600 0.000010 0.095605 0.191703 0.073540 0.095667 0.518876
0.252427 0.000017 0.000010 0.000010 0.047258 0.000010 0.700267
0.000013 0.000010 0.000010 0.000010 0.999937 0.000010 0.000010
0.000010 0.000010 0.000010 0.000010 0.827834 0.000010 0.172115
0.002195 0.000010 0.284297 0.000010 0.625860 0.087618 0.000010
0.000010 0.000010 0.000010 0.000010 0.455132 0.000010 0.544818
0.000010 0.000010 0.000010 0.000010 0.607704 0.000010 0.392246
0.000010 0.006422 0.460333 0.211048 0.114210 0.207966 0.000010
0.000010 0.000010 0.114129 0.000010 0.885821 0.000010 0.000010
0.000010 0.500459 0.000010 0.096611 0.063428 0.000881 0.338600
0.000010 0.000010 0.000010 0.000014 0.999936 0.000010 0.000010
0.000010 0.000010 0.000010 0.000010 0.999940 0.000010 0.000010
0.039003 0.000010 0.000010 0.209911 0.729337 0.021720 0.000010
0.000010 0.000010 0.000010 0.000010 0.829052 0.000010 0.170898
0.000010 0.000010 0.000012 0.213804 0.786144 0.000010 0.000010
0.000010 0.000010 0.000010 0.000010 0.000010 0.000010 0.999940
0.001223 0.014856 0.261890 0.597376 0.106333 0.000010 0.018312
0.999940 0.000010 0.000010 0.000010 0.000010 0.000010 0.000010
0.087480 0.000017 0.023293 0.000010 0.026826 0.862364 0.000010
0.999940 0.000010 0.000010 0.000010 0.000010 0.000010 0.000010
0.999940 0.000010 0.000010 0.000010 0.000010 0.000010 0.000010
0.000010 0.079614 0.085269 0.524846 0.109030 0.094788 0.106443
0.000010 0.000010 0.165583 0.794141 0.040236 0.000010 0.000010
0.000010 0.000010 0.054268 0.664126 0.179083 0.000010 0.102493
0.000013 0.000010 0.070807 0.724610 0.136762 0.000010 0.067788
0.000010 0.000010 0.065040 0.726189 0.101773 0.000010 0.106967
0.098590 0.000010 0.013430 0.466488 0.038227 0.383245 0.000010
0.032780 0.013060 0.000338 0.864142 0.022670 0.067000 0.000010
0.166692 0.000010 0.030347 0.000011 0.047888 0.755043 0.000010
0.100877 0.507924 0.039512 0.000010 0.054016 0.294221 0.003441
0.170291 0.037196 0.042323 0.000010 0.011009 0.739161 0.000010
0.000010 0.006441 0.000010 0.000012 0.883295 0.110222 0.000010
0.061149 0.065285 0.012069 0.234938 0.073882 0.374959 0.177718
0.056550 0.062268 0.091755 0.368127 0.069662 0.330700 0.020939
0.079810 0.118463 0.120683 0.316940 0.051384 0.312710 0.000010
0.042663 0.014986 0.000010 0.490549 0.137417 0.088917 0.225459
0.579349 0.000010 0.272062 0.000012 0.024520 0.124037 0.000010
0.070586 0.107253 0.031985 0.307174 0.197244 0.265299 0.020459
0.000010 0.060209 0.053018 0.444740 0.233747 0.181545 0.026731
0.000010 0.142666 0.000010 0.000010 0.432073 0.216471 0.208759
0.000010 0.498880 0.000010 0.088445 0.276557 0.105807 0.030291
0.119418 0.000010 0.046926 0.359661 0.139478 0.334498 0.000010
0.012977 0.107331 0.019287 0.207563 0.233033 0.419800 0.000010
0.527021 0.015255 0.000010 0.232818 0.149584 0.000010 0.075302
0.236831 0.000010 0.012537 0.144406 0.050307 0.178693 0.377216
0.000010 0.000010 0.000010 0.000010 0.000010 0.999940 0.000010
0.000010 0.131201 0.000010 0.000020 0.491858 0.000010 0.376891
0.000010 0.211661 0.000010 0.000010 0.000010 0.788289 0.000010
0.015498 0.417678 0.034773 0.080212 0.132521 0.075504 0.243813
0.000010 0.000010 0.000010 0.999940 0.000010 0.000010 0.000010
0.477213 0.000010 0.000010 0.000010 0.000010 0.522737 0.000010
0.000010 0.000010 0.999940 0.000010 0.000010 0.000010 0.000010
