0.067399 0.015770 0.000010 0.016740 0.046916 0.000010 0.000010 0.000125 0.853010 0.000010
0.000018 0.322107 0.000010 0.000010 0.000010 0.025734 0.000010 0.131047 0.521044 0.000010
0.219452 0.234103 0.010170 0.000010 0.010092 0.000010 0.029689 0.022522 0.473942 0.000010
0.000011 0.000016 0.000010 0.000010 0.000010 0.000010 0.999904 0.000010 0.000010 0.000010
0.548015 0.397953 0.000018 0.000010 0.000010 0.000010 0.031396 0.022567 0.000010 0.000010
0.555693 0.388840 0.001506 0.000010 0.000010 0.000010 0.029832 0.024080 0.000010 0.000010
0.078665 0.000010 0.000010 0.075995 0.435580 0.000010 0.000010 0.000010 0.409700 0.000010
0.000018 0.000010 0.000010 0.000015 0.000010 0.000010 0.999897 0.000010 0.000010 0.000010
0.999910 0.000010 0.000010 0.000010 0.000010 0.000010 0.000010 0.000010 0.000010 0.000010
0.155816 0.347186 0.011446 0.014792 0.057838 0.061091 0.063308 0.111745 0.176770 0.000010
0.000010 0.000010 0.000010 0.000010 0.999910 0.000010 0.000010 0.000010 0.000010 0.000010
0.000010 0.000010 0.000010 0.000010 0.999910 0.000010 0.000010 0.000010 0.000010 0.000010
0.000010 0.073457 0.000010 0.000010 0.000010 0.045576 0.000010 0.126466 0.754442 0.000010
0.771085 0.000010 0.000010 0.000010 0.013263 0.014055 0.063372 0.000010 0.018737 0.119447
0.314403 0.000010 0.000010 0.055608 0.202458 0.000010 0.025211 0.000010 0.402271 0.000010
0.000010 0.000010 0.000010 0.000010 0.999910 0.000010 0.000010 0.000010 0.000010 0.000010
0.000010 0.000010 0.000010 0.000010 0.999910 0.000010 0.000010 0.000010 0.000010 0.000010
0.999910 0.000010 0.000010 0.000010 0.000010 0.000010 0.000010 0.000010 0.000010 0.000010
0.247842 0.115162 0.000010 0.045109 0.072473 0.000010 0.000010 0.027689 0.491685 0.000010
0.000010 0.000010 0.000010 0.000010 0.000010 0.000010 0.000010 0.000010 0.999910 0.000010
0.000010 0.121757 0.000010 0.000010 0.000010 0.829376 0.000010 0.048798 0.000010 0.000010
0.000011 0.999902 0.000012 0.000016 0.000010 0.000010 0.000010 0.000010 0.000010 0.000010
0.000010 0.000010 0.000010 0.000010 0.000010 0.000010 0.000010 0.000010 0.000010 0.999910
0.000010 0.917557 0.000010 0.000010 0.007525 0.000010 0.000010 0.074848 0.000010 0.000010
0.000010 0.000010 0.000010 0.706941 0.000010 0.000010 0.000010 0.000010 0.000010 0.292979
0.000010 0.000010 0.000017 0.561271 0.000010 0.000010 0.000010 0.000010 0.000010 0.438643
0.000010 0.668898 0.000010 0.000010 0.000011 0.000010 0.000010 0.000010 0.000010 0.331022
0.113011 0.622741 0.000010 0.000010 0.001326 0.087979 0.027081 0.062361 0.028250 0.057232
0.000013 0.000012 0.000010 0.000010 0.000010 0.000010 0.999904 0.000010 0.000010 0.000010
0.301160 0.446709 0.027518 0.035733 0.006082 0.078369 0.018825 0.081735 0.003859 0.000010
0.068699 0.000010 0.067004 0.045772 0.411877 0.000010 0.000010 0.000010 0.406598 0.000010
0.000010 0.000010 0.000010 0.000010 0.213667 0.000010 0.000010 0.520386 0.265876 0.000010
0.000010 0.470791 0.014476 0.036118 0.011408 0.000010 0.165295 0.000806 0.301077 0.000010
0.127434 0.472024 0.000010 0.000010 0.003166 0.397316 0.000010 0.000010 0.000010 0.000010
0.000010 0.710618 0.000010 0.000010 0.000010 0.000010 0.000010 0.000010 0.000010 0.289302
0.000010 0.000010 0.000010 0.000010 0.000010 0.000010 0.999910 0.000010 0.000010 0.000010
0.078503 0.474619 0.097815 0.015731 0.000010 0.051438 0.281854 0.000010 0.000010 0.000010
0.000010 0.000010 0.000010 0.000010 0.000010 0.000010 0.176642 0.500341 0.134708 0.188250
0.077655 0.132355 0.018466 0.000010 0.000010 0.000010 0.750014 0.021460 0.000010 0.000010
0.102923 0.000010 0.096903 0.077915 0.000010 0.000010 0.373949 0.000010 0.147725 0.200544
0.290996 0.058606 0.000010 0.000010 0.017155 0.000010 0.557002 0.000010 0.076191 0.000010
0.000010 0.000010 0.000010 0.000010 0.000010 0.437987 0.561933 0.000010 0.000010 0.000010
0.000010 0.000010 0.000016 0.000010 0.000010 0.000010 0.546830 0.000010 0.453085 0.000010
0.000010 0.000010 0.000010 0.000010 0.000010 0.000010 0.481934 0.517986 0.000010 0.000010
0.000010 0.425447 0.000010 0.000010 0.000010 0.000010 0.574473 0.000010 0.000010 0.000010
0.000010 0.000010 0.000010 0.179689 0.000010 0.000010 0.582194 0.000013 0.000010 0.238045
0.000010 0.011412 0.000010 0.000010 0.000010 0.146082 0.247846 0.063993 0.150812 0.379816
0.384074 0.497011 0.000010 0.036052 0.014495 0.068319 0.000010 0.000010 0.000010 0.000010
0.000010 0.499106 0.000010 0.500814 0.000010 0.000010 0.000010 0.000010 0.000010 0.000010
0.060842 0.234053 0.002579 0.437012 0.007203 0.000010 0.248662 0.007931 0.001698 0.000010
0.000017 0.000010 0.000010 0.000010 0.000020 0.000010 0.999893 0.000010 0.000010 0.000010
0.000010 0.000010 0.000010 0.000010 0.000010 0.000010 0.999910 0.000010 0.000010 0.000010
0.186322 0.468960 0.000010 0.093309 0.089390 0.000010 0.037691 0.069027 0.055272 0.000010
0.000010 0.063460 0.000010 0.000010 0.000010 0.000010 0.000010 0.000010 0.936460 0.000010
0.000010 0.000010 0.000010 0.000010 0.000010 0.477249 0.522663 0.000017 0.000010 0.000010
0.000010 0.486605 0.000010 0.000013 0.000010 0.000010 0.513311 0.000010 0.000010 0.000010
0.000010 0.000010 0.000010 0.000010 0.000010 0.000010 0.000010 0.999910 0.000010 0.000010
0.000010 0.311615 0.008808 0.025537 0.000010 0.000010 0.627847 0.026143 0.000010 0.000010
0.739255 0.000010 0.040169 0.000010 0.070994 0.000010 0.069104 0.000010 0.080428 0.000010
0.315796 0.480286 0.000010 0.051613 0.047336 0.048453 0.011962 0.044523 0.000010 0.000010
0.484044 0.111819 0.000010 0.000010 0.000010 0.070658 0.018457 0.035222 0.260454 0.019315
0.000010 0.082945 0.000010 0.000010 0.000010 0.000010 0.000010 0.000010 0.196894 0.720091
0.000010 0.000010 0.984692 0.000010 0.000010 0.015228 0.000010 0.000010 0.000010 0.000010
0.000010 0.958762 0.000010 0.000010 0.000010 0.000010 0.000010 0.041158 0.000010 0.000010
0.000010 0.386183 0.000010 0.000010 0.000010 0.097268 0.000010 0.152100 0.361863 0.002536
0.000010 0.999901 0.000010 0.000010 0.000010 0.000010 0.000010 0.000019 0.000010 0.000010
0.000010 0.000010 0.000010 0.000010 0.000013 0.000010 0.000011 0.999906 0.000010 0.000010
0.000010 0.000015 0.000010 0.000010 0.000016 0.000010 0.000019 0.999890 0.000010 0.000010
0.094605 0.000010 0.000010 0.004860 0.000010 0.795813 0.000010 0.011985 0.092688 0.000010
0.367192 0.000010 0.029193 0.000010 0.000010 0.000010 0.033757 0.535338 0.000010 0.034471
0.000010 0.696571 0.000010 0.000010 0.000010 0.296667 0.000010 0.006692 0.000010 0.000010
0.463265 0.000010 0.000011 0.000010 0.000010 0.000010 0.000019 0.536645 0.000010 0.000010
0.267048 0.709851 0.000010 0.000010 0.023030 0.000010 0.000010 0.000010 0.000010 0.000010
0.000010 0.000010 0.000010 0.000010 0.000010 0.596556 0.403364 0.000010 0.000010 0.000010
0.627433 0.324039 0.000010 0.000010 0.000010 0.000010 0.000010 0.000010 0.000010 0.048458
0.000010 0.751547 0.000010 0.000013 0.000010 0.248371 0.000010 0.000010 0.000010 0.000010
0.000010 0.147541 0.009335 0.000010 0.000010 0.151510 0.238010 0.453184 0.000380 0.000010
0.000010 0.507153 0.000010 0.000014 0.000010 0.492763 0.000010 0.000010 0.000010 0.000010
0.159027 0.235223 0.006971 0.000010 0.001852 0.000010 0.332847 0.225573 0.019718 0.018770
0.000010 0.259210 0.000010 0.208516 0.044724 0.000010 0.021459 0.080029 0.386022 0.000010
0.000010 0.067945 0.000010 0.021228 0.000010 0.326070 0.287149 0.059627 0.237941 0.000010
0.000010 0.000010 0.000010 0.000010 0.000010 0.999910 0.000010 0.000010 0.000010 0.000010
0.782817 0.000010 0.000010 0.011738 0.080351 0.000010 0.125034 0.000010 0.000010 0.000010
0.000010 0.191747 0.000010 0.053278 0.000010 0.000010 0.000010 0.618761 0.136155 0.000010
0.000010 0.000010 0.000010 0.000010 0.000010 0.518541 0.000010 0.000010 0.000010 0.481379
0.000010 0.000010 0.000010 0.864420 0.000010 0.105369 0.000010 0.000010 0.000010 0.030141
0.046444 0.000010 0.577988 0.023117 0.000010 0.000010 0.352392 0.000010 0.000010 0.000010
0.000010 0.498290 0.000013 0.000020 0.000010 0.000010 0.000010 0.000010 0.000010 0.501617
0.000010 0.953103 0.000010 0.000010 0.000010 0.000010 0.000010 0.046817 0.000010 0.000010
0.496795 0.143352 0.000010 0.000010 0.056440 0.000010 0.031719 0.019462 0.252192 0.000010
0.017832 0.000010 0.000010 0.000010 0.000010 0.000010 0.962614 0.000010 0.019484 0.000010
0.805509 0.000010 0.018701 0.024117 0.091875 0.000010 0.059749 0.000010 0.000010 0.000010
0.028425 0.000010 0.000010 0.075285 0.520330 0.000010 0.000010 0.000010 0.375901 0.000010
0.999902 0.000010 0.000010 0.000018 0.000010 0.000010 0.000010 0.000010 0.000010 0.000010
0.000010 0.000010 0.000010 0.000010 0.000010 0.000010 0.000010 0.999910 0.000010 0.000010
0.000010 0.417727 0.000010 0.338535 0.000010 0.000010 0.000010 0.000010 0.243668 0.000010
0.000010 0.000010 0.000010 0.000010 0.000012 0.000010 0.000010 0.999908 0.000010 0.000010
0.000010 0.000010 0.000010 0.000010 0.440131 0.000010 0.000010 0.000010 0.559789 0.000010
0.000010 0.837818 0.000010 0.000010 0.000010 0.000010 0.000010 0.162102 0.000010 0.000010
0.000010 0.000010 0.000011 0.143877 0.000010 0.534305 0.000010 0.000010 0.000010 0.321747
0.000010 0.000010 0.000010 0.206213 0.000010 0.000011 0.000010 0.562148 0.000010 0.231567
0.042533 0.000010 0.000010 0.347719 0.000010 0.000010 0.000010 0.424188 0.044285 0.141225
0.000010 0.000010 0.000010 0.158416 0.000010 0.463934 0.000010 0.000010 0.000010 0.377580
0.000010 0.000010 0.000010 0.831328 0.000010 0.000010 0.000010 0.000010 0.168592 0.000010
0.000010 0.000010 0.000017 0.000010 0.000010 0.000010 0.000010 0.020060 0.979853 0.000010
0.000010 0.000010 0.000010 0.262655 0.000010 0.000012 0.437239 0.000010 0.000010 0.300034
0.446330 0.000010 0.000012 0.000010 0.000010 0.000010 0.553588 0.000010 0.000010 0.000010
0.000010 0.223994 0.000010 0.043464 0.000010 0.193072 0.406449 0.000019 0.000010 0.132962
0.000010 0.167479 0.000010 0.000010 0.000010 0.613160 0.000010 0.078261 0.141039 0.000010
0.490467 0.150150 0.000010 0.000010 0.000010 0.000010 0.000010 0.000010 0.359313 0.000010
0.640155 0.000010 0.000010 0.000010 0.000010 0.000010 0.000010 0.000010 0.359765 0.000010
0.247782 0.229012 0.000010 0.103954 0.000010 0.000010 0.040075 0.011379 0.000010 0.367758
0.000010 0.000011 0.000010 0.000010 0.000010 0.759843 0.000010 0.050162 0.189924 0.000010
0.445519 0.034455 0.032360 0.057940 0.107920 0.000010 0.127497 0.058888 0.135401 0.000010
0.051473 0.501410 0.000010 0.046433 0.077907 0.061505 0.004785 0.000010 0.256458 0.000010
0.000010 0.543520 0.000010 0.000010 0.000010 0.000010 0.000010 0.456400 0.000010 0.000010
0.000010 0.200884 0.000010 0.000010 0.000010 0.059182 0.000010 0.126447 0.198260 0.415178
0.378180 0.076803 0.000010 0.000010 0.000010 0.019882 0.000010 0.064327 0.460759 0.000010
0.000010 0.000010 0.000010 0.000010 0.000010 0.624038 0.375882 0.000010 0.000010 0.000010
0.704438 0.285948 0.000010 0.000010 0.000010 0.009545 0.000010 0.000010 0.000010 0.000010
0.255768 0.045377 0.003357 0.000010 0.026817 0.000010 0.000964 0.036856 0.627105 0.003736
0.000010 0.000010 0.000010 0.999910 0.000010 0.000010 0.000010 0.000010 0.000010 0.000010
0.000010 0.000010 0.000010 0.999910 0.000010 0.000010 0.000010 0.000010 0.000010 0.000010
0.127643 0.000010 0.031761 0.059015 0.383211 0.000010 0.000010 0.000010 0.398319 0.000010
0.097685 0.366120 0.000010 0.000010 0.113223 0.002289 0.000010 0.045936 0.374707 0.000010
0.144644 0.222682 0.000010 0.030911 0.000010 0.000010 0.000010 0.052068 0.546414 0.003241
0.370470 0.146353 0.000010 0.000010 0.040488 0.025966 0.019245 0.027112 0.370335 0.000010
0.000015 0.000011 0.000010 0.000010 0.000010 0.000010 0.999904 0.000010 0.000010 0.000010
0.000010 0.000010 0.000010 0.000010 0.000010 0.000010 0.000010 0.000010 0.000010 0.999910
0.000010 0.000010 0.000013 0.000010 0.000010 0.436014 0.563903 0.000010 0.000010 0.000010
0.000010 0.000010 0.000010 0.000010 0.000010 0.000010 0.999910 0.000010 0.000010 0.000010
0.000010 0.000010 0.000010 0.555373 0.000010 0.000010 0.444547 0.000010 0.000010 0.000010
0.000010 0.449660 0.000010 0.000010 0.000010 0.000010 0.000010 0.000010 0.000010 0.550260
0.000016 0.000010 0.000010 0.000017 0.000010 0.000011 0.999896 0.000010 0.000010 0.000010
0.000010 0.000010 0.000010 0.317237 0.000010 0.000010 0.682683 0.000010 0.000010 0.000010
0.000010 0.000010 0.000010 0.423703 0.000010 0.000010 0.000010 0.000010 0.000010 0.576217
0.146554 0.530498 0.000010 0.319502 0.000010 0.000010 0.002284 0.001111 0.000010 0.000010
0.000013 0.000010 0.000010 0.000010 0.000010 0.000012 0.999904 0.000010 0.000010 0.000010
0.000010 0.000010 0.000010 0.000010 0.000010 0.000010 0.000010 0.000010 0.000010 0.999910
0.000010 0.000010 0.000010 0.000010 0.000012 0.000010 0.999908 0.000010 0.000010 0.000010
0.000010 0.529008 0.000010 0.000010 0.000010 0.000010 0.000010 0.000010 0.000010 0.470912
0.000010 0.000010 0.000010 0.000010 0.000010 0.000010 0.000010 0.999910 0.000010 0.000010
0.000010 0.000010 0.000010 0.000010 0.000010 0.000010 0.000010 0.000010 0.999910 0.000010
0.000011 0.000010 0.000010 0.289497 0.000010 0.561356 0.000010 0.000010 0.000010 0.149076
0.000015 0.000010 0.000011 0.000010 0.000010 0.493264 0.506643 0.000018 0.000010 0.000010
0.000014 0.474932 0.000012 0.000010 0.000010 0.000010 0.000010 0.000010 0.000010 0.524982
0.000010 0.033341 0.000010 0.000010 0.000010 0.031387 0.597078 0.007814 0.330329 0.000010
0.310698 0.645803 0.000010 0.000010 0.000010 0.000010 0.000010 0.000010 0.000010 0.043429
0.000010 0.090052 0.000010 0.000010 0.012904 0.033154 0.000010 0.000012 0.863828 0.000010
0.000010 0.000010 0.000010 0.000010 0.000010 0.000010 0.000010 0.000010 0.000010 0.999910
0.000010 0.359759 0.000010 0.000010 0.000010 0.019739 0.000010 0.000010 0.616370 0.004072
0.000010 0.000010 0.000010 0.000010 0.000010 0.000010 0.000010 0.000010 0.000010 0.999910
0.598624 0.000010 0.000010 0.401296 0.000010 0.000010 0.000010 0.000010 0.000010 0.000010
0.000010 0.000010 0.000010 0.189024 0.000010 0.489055 0.000010 0.000010 0.000010 0.321851
0.418046 0.284501 0.109169 0.034512 0.061747 0.001093 0.003222 0.035538 0.052163 0.000010
0.000010 0.977483 0.000010 0.000010 0.000010 0.022437 0.000010 0.000010 0.000010 0.000010
0.406220 0.245699 0.068775 0.064591 0.042849 0.043898 0.029533 0.075159 0.023266 0.000010
0.796042 0.000010 0.019924 0.037033 0.044449 0.000010 0.102502 0.000010 0.000010 0.000010
0.000010 0.999910 0.000010 0.000010 0.000010 0.000010 0.000010 0.000010 0.000010 0.000010
0.011632 0.517550 0.037425 0.074617 0.022130 0.003344 0.000010 0.102325 0.230956 0.000010
0.024249 0.526139 0.046164 0.026541 0.047291 0.000010 0.000010 0.103602 0.225984 0.000010
0.000010 0.925396 0.000010 0.000010 0.000010 0.000010 0.000010 0.000010 0.000010 0.074524
0.000010 0.898133 0.000010 0.000010 0.000010 0.000010 0.000010 0.101787 0.000010 0.000010
0.386413 0.549052 0.019112 0.000010 0.028521 0.000010 0.016851 0.000010 0.000010 0.000010
0.000010 0.748260 0.023351 0.000010 0.030296 0.109397 0.000010 0.000010 0.000010 0.088646
0.000010 0.999910 0.000010 0.000010 0.000010 0.000010 0.000010 0.000010 0.000010 0.000010
0.000010 0.192334 0.000010 0.057908 0.239112 0.017392 0.000010 0.337298 0.155916 0.000010
0.063482 0.299805 0.058069 0.027791 0.150951 0.067381 0.000010 0.070283 0.221143 0.041087
0.552091 0.000010 0.000010 0.000012 0.000010 0.000010 0.000018 0.000012 0.447817 0.000010
0.000010 0.000010 0.000010 0.000010 0.000010 0.000010 0.000010 0.999910 0.000010 0.000010
0.000020 0.000010 0.000010 0.000010 0.000010 0.000010 0.999891 0.000020 0.000010 0.000010
0.281627 0.131334 0.050989 0.000010 0.056338 0.000010 0.479662 0.000010 0.000010 0.000010
0.000010 0.000010 0.049828 0.000010 0.000010 0.000010 0.699102 0.251000 0.000010 0.000010
0.000010 0.000010 0.999910 0.000010 0.000010 0.000010 0.000010 0.000010 0.000010 0.000010
0.000010 0.000010 0.830898 0.000010 0.000010 0.000010 0.169022 0.000010 0.000010 0.000010
0.000010 0.001460 0.602734 0.000010 0.316257 0.079489 0.000010 0.000010 0.000010 0.000010
0.000010 0.000010 0.462660 0.000010 0.000010 0.000010 0.537260 0.000010 0.000010 0.000010
0.000010 0.000010 0.623907 0.000010 0.000010 0.000010 0.376013 0.000010 0.000010 0.000010
0.000010 0.000010 0.081666 0.000010 0.530176 0.118144 0.000010 0.003346 0.191944 0.074684
0.000010 0.000010 0.844135 0.000010 0.155785 0.000010 0.000010 0.000010 0.000010 0.000010
0.065363 0.000010 0.064622 0.094034 0.000010 0.000010 0.327334 0.000010 0.032149 0.416459
0.000010 0.000010 0.751538 0.248382 0.000010 0.000010 0.000010 0.000010 0.000010 0.000010
0.000010 0.000010 0.752106 0.247814 0.000010 0.000010 0.000010 0.000010 0.000010 0.000010
0.104763 0.039105 0.694965 0.000010 0.000013 0.000010 0.000010 0.006832 0.154282 0.000010
0.000010 0.000010 0.858552 0.000010 0.000010 0.000010 0.141368 0.000010 0.000010 0.000010
0.000012 0.000010 0.783319 0.000010 0.000010 0.000010 0.000010 0.000010 0.216599 0.000010
0.000010 0.000010 0.000010 0.000010 0.000010 0.000010 0.999910 0.000010 0.000010 0.000010
0.338040 0.000010 0.017234 0.075457 0.136488 0.000010 0.000010 0.000010 0.432731 0.000010
0.000010 0.000010 0.000010 0.000010 0.000010 0.000010 0.000010 0.999910 0.000010 0.000010
0.000010 0.919676 0.034152 0.000010 0.000010 0.028236 0.000010 0.017876 0.000010 0.000010
0.000010 0.000010 0.000010 0.000010 0.000010 0.000010 0.000010 0.999910 0.000010 0.000010
0.000010 0.000010 0.000010 0.000010 0.000010 0.000010 0.000010 0.999910 0.000010 0.000010
0.606793 0.016114 0.104090 0.000010 0.071000 0.046960 0.062764 0.000010 0.000010 0.092248
0.000010 0.000010 0.000010 0.000010 0.000010 0.000010 0.000010 0.000010 0.999910 0.000010
0.822597 0.000010 0.147114 0.000010 0.000010 0.000010 0.030218 0.000010 0.000010 0.000010
0.713885 0.000010 0.067893 0.000010 0.000010 0.000010 0.000010 0.000010 0.218152 0.000010
0.794999 0.000010 0.051770 0.000010 0.000010 0.000010 0.034051 0.000010 0.119120 0.000010
0.000010 0.202374 0.000010 0.000010 0.000010 0.144887 0.000010 0.032028 0.620650 0.000010
0.770131 0.000010 0.000010 0.000010 0.000010 0.037462 0.000010 0.000010 0.182856 0.009490
0.000010 0.886250 0.048262 0.000010 0.000010 0.000010 0.000010 0.065418 0.000010 0.000010
0.000010 0.396340 0.070313 0.144232 0.000010 0.000010 0.000010 0.038716 0.018088 0.332271
0.000010 0.910049 0.012710 0.000010 0.000010 0.000010 0.000010 0.077171 0.000010 0.000010
0.000010 0.000011 0.919116 0.000010 0.000010 0.073741 0.000010 0.000010 0.000010 0.007071
0.256264 0.348499 0.088883 0.058042 0.000010 0.051705 0.142431 0.038565 0.012626 0.002976
0.141594 0.317335 0.043885 0.000010 0.029137 0.068162 0.014221 0.012479 0.306501 0.066676
0.000010 0.394099 0.020535 0.048030 0.000010 0.000010 0.000010 0.026741 0.476434 0.034121
0.585463 0.025614 0.118802 0.000010 0.000010 0.069292 0.154168 0.027641 0.000010 0.018989
0.000010 0.121973 0.023492 0.000010 0.282529 0.000010 0.000010 0.571946 0.000010 0.000010
0.246053 0.185005 0.175620 0.000010 0.024951 0.066930 0.009566 0.065825 0.121581 0.104460
0.396476 0.037589 0.182130 0.000010 0.019780 0.096493 0.000010 0.000010 0.145390 0.122111
0.000010 0.000010 0.375026 0.000010 0.000012 0.210068 0.178639 0.000010 0.025323 0.210893
0.018323 0.000010 0.245770 0.000010 0.000012 0.095704 0.034662 0.000010 0.064840 0.540659
0.323164 0.181465 0.111087 0.000010 0.033943 0.110494 0.000010 0.098037 0.138293 0.003498
0.099328 0.141609 0.185466 0.000010 0.000010 0.234814 0.000010 0.009780 0.153762 0.175211
0.335954 0.000010 0.138275 0.000010 0.000010 0.000010 0.004507 0.494174 0.000010 0.027040
0.189397 0.176679 0.060465 0.000010 0.000010 0.006905 0.343491 0.223024 0.000010 0.000010
0.000010 0.000010 0.000010 0.000010 0.000010 0.999909 0.000010 0.000010 0.000010 0.000010
0.000010 0.000010 0.514034 0.147178 0.000010 0.000010 0.338718 0.000010 0.000010 0.000010
0.000010 0.174762 0.000010 0.000010 0.000010 0.582626 0.000010 0.000010 0.000010 0.242543
0.000010 0.089184 0.141030 0.487479 0.000010 0.000010 0.244566 0.000010 0.037691 0.000010
0.546876 0.000010 0.000010 0.000019 0.000010 0.000010 0.000012 0.000010 0.453033 0.000010
0.000010 0.566646 0.000010 0.000010 0.000010 0.000010 0.000010 0.433274 0.000010 0.000010
0.000010 0.000010 0.000010 0.000010 0.999910 0.000010 0.000010 0.000010 0.000010 0.000010
