0	388910	400103	440909	443406	444100	424186	440466	414851	441857	419178	424769	390051	418359	402190	428703	428852	415643	383995	363092	479093	471677	452205	447995	446034	433776	475173	447602	439192	435486	420591	417292	431696	462077	471524	438217	445032	446827	446525	432303	423330	452373	370081	445895	451769	422302	445705	445957	456151	427689	439947	439482	450083	355998	442690	444488	461050	444448	412842	436981	416745	439875	421076	454414	435499	469657	462669	460454	448910	438171	467986	442139	448250	458616	439013	464996	444723	467463	427941	405892	431884	475320	426855	445921	452811	433447	417292	451335	450769	398846	432156	420587	411384	415787	460373	427297	460094	411786	446048	458801	450919	426673	459264	427166	359579	441727	430794	452898	456632	387015	375430	461763	447152	410984	429006	461965	437155	364641	443527	424879	361344	432043	433922	412389	386533	376913	393212	438814	453396	462525	444463	443756	454903	438493	433895	442594	445388	437759	451102	437402	464959	457018	342834	464515	452788	466379	402797	444409	349393	445882	399500	452286	418503	453145	428770	475688	426961	420875	468129	430947	443858	476747	456442	451164	480012	469503	434642	421829	363390	501698	473954	471563	469948	450734	430907	433082	461884	457749	462001	453856	453384	452937	452516	429289	448522	420415	472470	447029	511155	512696	501382	499018	444960	407075	434058	439374	432402	417751	431789	485129	464413	502757	444063	450744	449144	410472	457375	472838	446134	437356	468615	447511	459464	449827	470085	470862	500735	453832	476527	448713	366561	475485	453610
388910	0	391598	459612	426975	428789	436845	462210	459291	400861	421565	418632	306228	477356	426339	419349	423305	458367	431005	442890	391623	374976	442652	368812	436687	425648	393051	391979	453317	377524	450497	394399	419697	416604	393587	452197	429168	431475	463540	454834	447214	432105	436103	410675	417300	441885	385284	425670	406516	404478	446949	445683	398640	381593	426338	410796	368317	431135	466341	401724	409132	415815	412381	367455	346251	380747	372129	375788	395296	415951	386130	433078	392015	446007	426971	407144	391303	395431	409140	398188	391620	415628	461281	383422	424016	433177	439653	424941	385080	442421	454721	445594	451715	460059	362428	417522	377274	419122	376266	441658	421789	412572	436856	427207	370913	442040	455466	443783	334154	422533	438342	434652	365453	432248	406825	376136	365131	352938	427126	448598	415524	423383	426362	450525	398264	403229	417268	451486	426815	443283	474316	432649	429507	450057	452076	419606	394972	449909	441419	455819	419276	378206	396031	435343	436493	422678	378682	427193	402810	462030	425058	431345	432496	422728	434313	413695	446588	452907	390398	374658	383207	389829	385107	427664	415244	407504	407568	398826	440492	412591	493280	488990	466209	453269	448655	450789	465635	468131	483992	449112	471736	477567	478884	455383	465937	454895	492346	487979	424192	428375	412268	409185	486894	493838	474237	502755	489638	392910	470170	393511	417207	412176	435223	448101	456172	443173	461197	421090	445486	453428	447891	462386	435030	420652	439549	446668	433705	482210	435915	455180	453724	399629	451743
400103	391598	0	431592	393528	399767	424622	430825	423965	412708	423506	423433	418758	419296	437111	423160	425835	411826	399988	410314	427168	434912	448572	402690	445032	439685	437194	409870	429230	387702	433690	413457	412142	430137	449759	427174	413137	431934	433226	408585	419506	433069	414597	426138	422699	430034	452345	437258	445685	440068	428357	428390	395919	285343	438144	424978	419154	415614	410481	389558	427380	446387	402535	420757	425918	429842	427917	423364	389658	419216	425590	450572	411072	442978	411428	437230	408349	430893	425469	412756	431926	448966	414609	418043	449561	455563	423956	456737	427241	416060	424872	409882	442968	411610	422899	416666	424878	443468	411302	439756	428988	419507	464433	415586	384337	447068	417077	451312	420767	430749	421133	426459	414206	419316	440671	433040	435314	424923	445199	408877	419824	441429	443875	435218	388931	384877	400821	428431	447104	425493	437509	435561	442967	427992	431522	439065	408438	423708	447938	424788	435284	421462	400403	448241	453943	440995	411118	455857	411393	468436	417160	449650	419720	445169	382428	421404	422405	412156	425413	399323	402760	426143	399496	395164	439069	415483	420885	410220	413242	459854	460731	471287	450243	444225	431566	452869	446655	449206	458254	447574	457709	467276	467058	420177	447164	423413	458932	491397	478230	470247	459667	456659	433069	462750	437917	460079	446762	263584	446122	438745	452844	450391	434383	441148	445891	443114	434276	452047	439774	432198	464667	455087	450694	448575	449871	451136	467663	456483	467485	441402	423722	438071	450838
440909	459612	431592	0	412636	413585	445082	145835	406874	434506	451478	453430	469902	399255	434084	453721	451913	407113	442460	435668	511913	498954	483011	483679	468507	469450	491247	466024	149952	447973	445523	466077	410633	475272	482541	147230	378434	427192	227552	330552	276599	306335	278560	328255	295111	283914	401128	464373	479267	388359	153145	153753	447435	438155	312177	314053	483084	270633	392457	448629	430709	485360	378315	491816	475970	494106	496986	493333	474491	428360	506099	449136	459647	358962	442675	493954	403482	499847	359141	439089	383465	505206	386457	470416	499494	466260	305718	488497	480404	416522	162743	392497	460227	405647	492339	468835	492918	461778	485725	500905	483841	476076	494118	462365	452603	324544	263610	350671	496813	433498	420338	443292	499433	389396	467331	480541	467872	432932	364328	442353	429980	439048	438499	461042	459920	451381	424383	150045	481074	297314	148314	308285	479967	152146	243158	456689	460259	145693	482294	147909	477134	488544	450263	483470	321397	491233	269992	463858	448410	487049	472386	477692	424568	489007	433557	486952	428693	385509	494605	450704	452188	489863	487882	434648	476270	493686	468834	462361	418259	541366	144413	311335	258587	407444	365073	455857	257465	293609	505364	440814	380005	438132	438124	433075	353277	431846	151476	488457	552742	547455	540868	538275	424524	492157	414499	459672	424229	506736	459424	514516	494903	516900	426220	436854	504750	511290	396068	519933	464478	462311	414404	481761	480487	501330	462244	377986	541043	321887	533916	387169	437638	527296	479886
443406	426975	393528	412636	0	139196	429974	410142	391047	397736	427491	429963	452669	407305	434675	425285	426619	415028	410116	434280	431542	408131	445437	402101	434449	433804	418140	413051	411891	386025	430460	415407	429062	404926	417094	409408	393376	414801	395913	412644	422251	413370	437779	415147	386760	438316	440753	421242	400195	437327	413349	412700	380907	419818	420462	406117	399798	409433	388715	365231	414465	433815	414050	394154	436296	399303	416402	410401	428256	410878	405222	409309	380791	420277	412805	423971	395745	404504	396531	428793	430286	442941	400745	414914	445013	422161	403302	424379	399996	402021	408306	382315	448615	413768	414469	427375	410208	454104	379611	447420	416157	423853	424872	422429	458835	408200	397455	407230	420114	413465	434144	399781	435608	405723	411332	397456	433130	416221	421730	407903	409773	416625	418443	447566	406751	421464	410071	411923	440467	412823	414643	429447	428075	411244	422496	436966	405377	406181	445254	406181	421024	407158	456577	432353	421046	402521	426832	404555	447331	442542	443447	441313	412857	417533	372170	404912	399261	390003	394358	405173	385250	399240	386468	379481	405347	397388	411949	417864	446522	443411	439731	423729	459827	448615	447324	464657	451088	439574	463767	433400	451984	440860	439876	437541	446691	462724	440754	488269	465304	476309	442846	439305	411593	490444	415295	459776	431554	463565	447524	431451	446154	426645	436472	423146	459238	469649	434850	439451	423752	444411	458750	465486	418870	447111	432598	435002	458599	442460	451170	453648	462038	411899	449432
444100	428789	399767	413585	139196	0	430907	412474	394407	399210	430151	432746	450237	408116	432704	429263	428704	415368	411072	430376	432780	410189	448666	407368	436981	439301	420858	419537	413363	392139	429916	420109	429971	409883	420018	412313	397498	414849	398429	415305	423779	414833	438496	417150	389857	440349	441150	423611	402249	437038	415622	414919	384968	423001	425395	410420	404935	415015	390689	369569	416693	436527	416838	398180	437295	404304	417279	413365	431300	414753	410224	412827	384474	423381	414487	425063	398543	409833	396145	428100	430563	441799	401699	414758	447086	424851	403051	427335	398767	404312	408969	385813	447494	415189	416317	430292	414052	453071	384629	452080	420376	426128	426359	425144	460463	410280	398897	410834	424147	414296	435420	402284	437357	406562	414781	402254	434810	419261	424735	410930	412232	419130	419921	449234	410152	423448	411452	413089	445928	416956	415702	432646	432187	412716	426043	438560	409808	411601	448149	410253	424273	410992	456905	436714	422416	407676	428180	408112	450844	444952	447580	444121	414659	420431	378075	407032	401942	394622	400587	411786	390487	404636	393573	383561	410660	401765	416384	422374	447977	445871	442148	426213	461675	449864	448153	466036	452708	441343	464917	435694	453657	443403	441810	439449	448975	464201	442954	483072	463040	472078	445914	442867	413707	482794	415782	453382	431312	464737	447632	434258	447330	429121	438678	424942	460115	466424	436167	442731	426676	445507	459926	465574	421192	449373	435542	435540	461127	443119	454108	455109	465373	415035	451912
424186	436845	424622	445082	429974	430907	0	445678	441377	432916	407633	405154	441469	430872	402373	403240	404467	439571	422150	357107	465890	470155	461664	445695	452389	450842	464946	445187	442974	439439	387573	419607	437304	465203	468316	442272	452227	441375	447152	444602	440100	444084	429137	448675	446819	454640	461293	448406	451191	443671	441239	440856	427984	422804	460975	447688	457096	439620	421193	446427	447514	467659	440034	453136	451321	469840	459007	459096	453754	445968	464458	462073	439257	465968	446016	469383	452614	463539	445560	434657	453688	471854	428378	456170	464615	444128	430406	474325	454295	419139	439214	425428	368725	440231	456110	437894	458612	383739	450643	465772	459775	440346	465248	425310	432527	452987	441289	463300	461244	439669	436435	451983	463789	403452	434512	463665	454088	440725	467178	449712	422329	428516	429054	384910	387504	430943	416966	442214	455173	455018	452679	445298	461558	440894	447237	446409	441572	440942	460980	442009	452918	456418	442360	456977	468688	468592	438199	465403	430194	465323	439746	456672	439020	451916	432522	462974	454332	417941	473037	424884	427274	465995	444941	445443	455436	459213	333926	412478	433148	497115	476102	460521	473792	467532	460243	432924	474942	472826	395506	450326	482263	446775	447806	465285	470215	450856	474226	443147	503786	502774	497508	494380	449950	400705	451169	463588	446918	471061	468137	479822	471053	488325	467550	474389	474071	464134	461372	474704	463343	456200	481453	482339	460733	475846	474485	479674	494848	471414	498356	468064	442306	479403	433288
440466	462210	430825	145835	410142	412474	445678	0	404792	432964	450802	454331	473863	397221	437398	454593	452158	407464	442423	438727	515475	501590	482070	482831	469392	468982	492275	465376	147760	446434	443630	461286	408007	474366	483044	146333	377058	428246	219927	327152	276817	306190	278681	328606	294037	282218	403376	466099	479964	390401	154097	155443	447058	436023	308772	311827	481899	266577	390418	446776	429393	483486	377973	492093	478771	494508	499234	493744	476147	425186	505039	447640	458613	354788	442772	492288	400035	498843	359636	440620	383595	506450	387939	471948	498691	464145	306936	486136	480165	413282	159332	390554	462077	404856	495644	466851	492243	462645	483951	498172	482041	475158	492964	461390	450973	323321	260107	346393	495816	432576	418958	442889	498729	388332	465894	478204	469434	432803	360652	439393	427825	438253	436938	460257	458450	451320	423208	149409	480143	293343	142393	307448	479250	151360	241255	457056	459692	144229	481809	143273	476875	488760	448063	480490	320731	488730	268709	463719	446630	486662	471374	476936	423976	487652	429269	483385	424081	384669	491888	446407	450125	488693	485983	434743	471622	491097	466213	462733	415316	538454	139073	307292	254415	404774	363035	453119	253215	289703	502492	437263	375792	435143	434784	430128	349411	429154	146212	490516	553679	548610	538715	535255	420975	495545	412935	462334	422491	504936	457080	511481	491843	514092	422214	433137	502166	512200	392744	517716	459911	459625	411712	478993	477429	498442	458764	376246	538466	318962	530987	383988	434330	524155	477522
414851	459291	423965	406874	391047	394407	441377	404792	0	436579	447062	453992	468761	402981	413406	451178	451350	265293	426216	396692	503865	482042	471246	462407	456913	452612	477384	468531	407014	427103	432505	448250	434710	457918	466833	404911	443699	434455	401854	427593	371732	435875	405569	455390	419416	426804	463200	440379	462306	433246	408400	408921	444285	429111	433368	443590	468456	421953	393916	422693	416456	475639	427472	474221	464544	475766	480165	475501	465017	434452	480212	367463	458608	448237	373560	486368	449796	484032	433789	443856	450081	497856	393506	456651	487430	445902	403350	470649	468593	311074	397916	373639	441622	264409	480080	455556	475863	443554	465952	473746	462786	440338	470726	435811	440252	433398	343241	449632	487265	374128	336628	454852	500424	392848	453351	459227	473572	405254	453436	364781	407788	433316	433901	437757	439293	421512	337404	406436	473445	453674	407603	435531	468708	407146	428370	465630	442357	402542	471948	402919	469589	472041	443640	474284	455868	464687	422530	429815	425512	476298	469258	472100	345067	468795	417323	466364	411606	380367	469973	443299	429480	478645	465353	409207	464684	465475	454309	436511	343666	513682	432363	421362	467489	456177	449118	472721	439013	447569	479913	473512	463850	453499	453102	448605	453971	466200	432261	458820	529417	527917	514144	510561	425542	445759	396488	433896	402529	487370	305889	492412	494998	512500	454185	433019	423922	487071	373237	495403	419466	443275	476081	481102	445503	477898	464091	472431	522905	438928	507326	459676	346563	497079	473775
441857	400861	412708	434506	397736	399210	432916	432964	436579	0	420864	429455	433059	443930	451143	428263	425684	453111	410658	439450	417298	404977	444107	386391	447823	439183	411785	403298	437680	397477	417768	398976	412224	404530	413085	436465	407922	426564	425056	436707	436839	416318	448244	423706	398960	454484	435241	419951	408058	424794	441623	441651	371016	412839	427461	414970	375367	400123	439081	394367	426231	440600	432043	385834	416391	398706	396103	391611	418835	400531	390708	417383	392627	414280	410764	396562	399290	399470	403741	404673	411722	410269	438218	398896	422208	423484	438438	425722	379914	408606	430162	425480	450331	451703	390931	408934	390823	443030	375020	422470	420382	414599	425640	417092	421048	433960	429517	439586	403667	409042	450300	406888	401881	424121	392942	382831	421943	431892	408672	418702	423632	417205	418005	449993	402655	417882	413076	437500	449545	414183	432722	433540	424813	437702	433246	435588	408906	436781	444461	433064	409200	388243	440612	420989	437724	407280	431906	415854	434120	452773	428452	446358	437161	409856	425120	378302	413148	426199	393752	376682	356837	397103	374860	417835	403262	385689	414500	413513	455850	412203	467659	450465	453156	458850	456690	460571	464494	456682	469063	448465	463478	463408	463379	441605	450901	465121	467422	500021	427746	436060	411593	408668	453991	482665	456142	487690	466428	444299	467487	399210	427400	417839	449949	432813	463646	453762	469799	422183	425427	454503	445680	466953	416357	438897	428721	446720	423868	468816	433763	445320	475490	394205	437000
419178	421565	423506	451478	427491	430151	407633	450802	447062	420864	0	220032	439612	445691	434314	219494	220556	455199	422582	428717	440090	431967	443687	399922	441661	431690	433541	430252	451616	427317	416530	413900	419597	418956	432184	450192	433985	446179	445252	444896	440450	444626	448649	446644	437033	443722	454066	438834	423326	430801	453606	453012	411722	432799	438449	427482	418997	422511	438528	417642	446299	448785	439094	423270	439743	426203	433032	427885	432194	429224	422582	449706	416429	442447	444404	430640	426565	422062	431454	419326	434124	439521	439417	430309	436228	435277	442669	435054	423873	419275	446351	425673	406229	454921	425243	425166	428329	419036	415446	448928	433961	427725	444877	432306	432092	452119	448192	441877	435281	440809	450345	443265	439739	427096	429472	418559	437549	437172	433893	428396	433099	428997	430637	409673	412337	428155	425093	451212	447819	440812	453788	437452	436693	451840	443578	433356	424307	448169	444080	446999	430063	425722	438939	444127	446835	437054	438716	443960	417419	452987	432670	447141	446824	429188	423763	429821	430860	438773	424333	415981	409872	423786	406670	425054	424295	429635	411534	413926	454084	460686	484725	465528	478939	477590	471340	420389	483975	482817	428950	441074	475673	462738	463879	462437	482017	468693	484010	484061	476429	461479	460393	456906	455860	476102	462624	493518	466760	460370	462274	423414	444248	447181	462127	458188	456617	463511	481895	395455	445449	472641	484181	477056	454244	457825	458066	468091	455279	474489	454472	455021	468725	442079	248449
424769	418632	423433	453430	429963	432746	405154	454331	453992	429455	220032	0	427523	441286	425554	207511	213443	455482	428089	425143	427542	419892	444385	403256	437116	434122	428882	423702	448003	428986	422837	424499	430441	421968	430323	446467	431409	435241	457783	456165	437921	443693	449166	436316	437396	445098	446136	439234	425651	414611	442115	440903	401215	435648	448529	431556	416133	424245	441836	421551	445688	447755	432663	418812	429383	421827	419015	421269	429339	433789	431429	445830	417507	455133	447823	440909	435518	423345	432262	418259	435645	445234	430204	423230	442911	447548	432922	441554	430699	435360	447958	428614	403801	456638	410114	432161	424622	423481	419460	454942	430444	423614	452647	429221	440154	450505	456235	452488	442127	443144	451388	450920	445264	424739	427914	425972	434906	432821	439452	443957	431759	431820	436223	419467	419452	434319	433756	446159	447261	453617	464715	431152	437821	445432	446567	432913	429721	443454	443851	447378	427176	421605	447785	447701	448028	445721	436433	443342	425949	452045	435958	452081	442695	436928	427485	441037	441889	440692	427282	424561	418071	423047	411186	415558	434290	436595	418072	408379	460797	460655	485294	470908	481680	472980	471487	425582	483378	481083	431625	439251	481821	463047	464933	464289	479660	468179	484426	482827	471038	470927	459321	456812	454490	478012	457310	487833	464928	467663	474797	435057	449525	449999	468150	462424	466875	465678	482373	396024	456301	473823	489370	480196	456046	466678	457887	470646	463836	470583	461642	456346	469369	447338	253104
390051	306228	418758	469902	452669	450237	441469	473863	468761	433059	439612	427523	0	465754	434060	434062	435613	463088	426737	422747	415426	420085	443499	410252	460514	450178	431728	420974	464424	427300	446556	412480	433388	450454	435261	464166	448026	437879	486500	472463	454611	451381	430752	434921	445906	448218	400604	457761	437233	413806	458311	456924	437101	384398	445239	449713	415494	451772	463176	448859	395854	396690	415406	411399	316421	429547	404054	411007	416124	426278	434330	436531	444052	456805	459310	437156	424210	433538	414256	406639	393980	437247	457999	408174	441491	444483	445734	450263	420465	457869	465900	459078	447694	465752	397657	431746	412305	408397	415916	461004	452322	438342	448795	439437	339805	446225	469142	478100	382254	424077	421527	462552	395131	441472	418009	430677	362793	347317	443550	475166	397818	454098	456120	456431	411704	398841	446167	462055	445959	483208	484275	454796	443665	461100	467065	441285	442025	464988	440967	469054	434451	413582	329580	435947	454532	449143	397506	455799	375851	445982	427635	448752	459347	442247	456556	449922	452071	455234	443673	412636	407173	433696	421693	450657	452238	441168	433716	426217	446731	448485	504354	490111	487214	453195	460633	453011	480681	483622	491708	465587	494766	487515	487892	454672	461540	448741	503032	488421	450572	464704	448564	446723	493034	468182	478894	494295	485747	418370	473002	444848	452021	463358	453420	466614	461959	454938	492624	447501	459481	482395	469447	481466	437937	447517	443659	476613	461354	492315	463876	473628	460812	438696	467643
418359	477356	419296	399255	407305	408116	430872	397221	402981	443930	445691	441286	465754	0	420724	444763	443906	375212	420792	402972	482531	494596	454437	485110	459742	456042	486345	450185	399548	442439	439435	459954	460063	460311	477344	398513	433370	451137	413971	414478	410751	448535	414801	455058	441565	440719	435294	410267	480203	438438	401561	401019	444694	444454	444277	452341	490339	428111	346563	441087	382955	443540	427838	490106	460784	490530	495265	493265	456921	421963	476340	426651	444251	424014	414943	480081	462015	480489	433697	442489	448077	479741	364924	480815	460954	447688	386431	460641	481029	424703	396411	374487	441694	375080	488669	469338	493499	444961	487541	462102	482577	467518	470065	433654	442115	425837	408043	443952	474124	413938	386464	408856	477222	403186	462239	496488	450592	405404	446706	394615	397652	435595	433826	447367	447381	432981	420121	399267	450400	428703	398935	421760	453664	399194	414359	451423	449021	398207	453354	396062	458018	489573	442262	454713	433124	479790	408866	434153	432899	439595	446313	448700	411371	478328	409124	470786	418376	361919	483328	458460	462576	483112	483589	442938	467200	469536	466520	452559	402567	532618	422899	420142	461904	450232	445690	464356	446402	438200	461210	466313	450586	457001	454413	435492	453053	443625	422012	459488	540880	522472	532013	529824	318275	449429	370547	410574	390328	469233	431383	518243	481233	505079	457327	468454	464690	482497	430450	499321	463161	423399	460608	459904	441511	465184	448032	454128	505754	417716	495206	456823	410017	517674	472346
402190	426339	437111	434084	434675	432704	402373	437398	413406	451143	434314	425554	434060	420724	0	425175	428448	410726	433047	375457	473244	482748	467702	467760	447950	455848	484625	452632	428268	441972	420442	450992	464676	468584	478196	428060	465468	446203	457313	446597	425540	450535	401479	434495	444275	427211	438956	430729	460725	428466	421385	420125	445037	426497	454532	452484	469760	454200	405826	445495	433979	466533	428005	468026	453533	490130	460096	466807	461997	445869	480535	453526	450407	479841	447714	496713	471267	479506	441701	425719	440497	488638	409267	455061	476621	446354	412777	489667	474356	411652	429023	408817	407000	413662	464184	451421	467758	409813	463303	484460	470160	452352	473201	432487	434311	443427	429322	473464	471562	431484	415250	455446	475995	398920	449213	481881	447703	417138	476471	433262	417989	444939	445522	373938	432121	424355	401035	426336	452674	465011	448965	443915	477833	424967	441687	448367	448462	426981	465487	433140	476758	468019	442668	484475	457321	472850	430260	453820	421830	460627	455464	456268	435373	474347	424309	495971	449423	417423	488418	455723	446088	493040	476287	455680	496043	487629	455330	399226	412755	519341	469686	474750	471076	468145	460750	465870	463469	467084	467771	473247	480750	437355	438296	480765	475059	460092	468345	175982	520702	524448	518810	517440	451396	424818	431693	436106	419864	471971	438711	509406	495570	521663	468689	479891	468075	475223	454887	509160	472566	456028	486103	480692	473656	492932	477974	478718	525524	465231	521837	474332	419559	500433	470365
428703	419349	423160	453721	425285	429263	403240	454593	451178	428263	219494	207511	434062	444763	425175	0	137143	456822	431757	424055	424081	422461	440210	397967	433543	424383	422876	418768	450001	422039	424285	422488	428825	417682	429256	448159	432831	436672	453321	441842	441094	441413	449161	439187	438789	440955	440258	430242	424863	423722	445825	445379	403803	435387	439828	432258	412326	425652	435866	417472	442375	452517	438872	416890	427327	422319	417011	417230	423387	426480	426942	444524	415343	446392	441634	438664	426549	415466	426551	428039	428749	438542	439552	417879	434757	449374	436400	436954	427832	429599	449090	431334	413467	457592	411863	419879	419448	430166	413441	448162	427562	419440	448415	428070	438563	450036	458203	449340	438171	448156	453525	441246	439318	427049	429571	417020	427056	435904	442622	438836	435018	430448	432933	416295	418152	433770	423181	448832	435917	445311	463067	437070	431463	447754	445930	423242	418341	445938	439734	448389	421068	416348	450164	443627	450915	436156	443178	439367	421280	451453	431243	439511	441083	430568	424381	438689	439792	441805	424860	414501	411910	421410	410479	424087	428553	433933	417711	406865	462731	455262	485491	465467	479062	478341	475945	425583	488003	489149	432838	440374	475874	462792	465589	468659	481593	473740	485342	480974	467443	464208	454137	451894	450635	474799	463922	497544	472087	461554	471072	426484	444234	444357	470208	464829	458118	460517	484563	396339	451429	474374	486175	479477	451933	460706	455646	462727	457354	474854	457102	456287	475172	441225	242917
428852	423305	425835	451913	426619	428704	404467	452158	451350	425684	220556	213443	435613	443906	428448	137143	0	456053	431137	425044	428925	427308	441302	400964	435761	426938	425984	423395	450017	423737	419701	419537	425786	420349	431283	448910	433497	439248	447523	438988	442745	442209	450088	440287	438620	441444	443720	433246	426904	427454	449529	448662	406219	434747	439033	432531	413233	425790	432887	417944	441708	451182	439845	421002	430726	424352	421193	419585	426795	425707	427805	444724	416900	442977	442748	434879	422875	417707	425666	427852	429967	437473	441191	419869	435312	446465	437237	435947	423727	427659	447354	431451	413126	456488	415915	419135	419945	428434	413733	446172	427418	420932	446008	429098	437217	449687	455440	446092	438777	446338	451987	439181	437697	426519	430280	415918	429958	438385	441117	436670	433482	430725	431825	414963	417812	434937	421549	449213	439122	444007	457911	438577	431366	448908	446066	424922	418816	448281	440909	448339	423310	417998	446846	442398	449544	436070	442516	442030	421401	452284	431478	439562	440728	430557	422367	433983	434478	441757	424790	414049	410883	423053	411874	425363	425288	432630	415453	408963	460937	455151	484454	464675	478567	477331	474891	424371	487463	489183	432503	440033	475959	463093	464834	468780	480825	473623	484261	480107	467294	463924	453612	451205	449645	473323	462539	496662	471319	461755	470299	425742	443946	444162	469076	464133	457136	459780	483185	395664	451081	473821	485348	478682	451754	459818	454639	462098	456801	473926	456834	455538	475507	440910	243275
415643	458367	411826	407113	415028	415368	439571	407464	265293	453111	455199	455482	463088	375212	410726	456822	456053	0	413415	408925	511593	508960	481623	478113	467808	466219	503195	480005	406938	438269	439818	461792	460037	481732	494966	406642	445804	453277	417940	423681	359092	458698	404452	457371	436565	429458	477019	442909	486776	441449	407878	407197	439735	420460	455350	445962	487613	437706	379355	441107	392929	485577	422610	493181	478964	506847	494296	492234	482281	429977	509636	335223	455083	459561	327344	507336	462178	505058	429450	454319	456352	512878	382227	470649	494755	458918	395491	492052	486447	387519	403775	370855	441910	142874	487642	472441	491841	445035	491351	489536	480389	449748	499798	442730	431872	434397	335561	464652	506225	345280	262185	445114	501351	393443	479729	488365	478996	371261	460087	303828	402555	433104	432884	435843	443721	420470	412467	406136	479048	460399	411159	438375	485647	406120	422893	468875	457883	406425	481254	405007	485653	490145	440359	486124	464114	497562	414682	442521	443526	481974	475153	476701	288560	488716	428742	489788	432872	359350	501879	451320	453515	503994	484637	425907	488229	489671	472028	442088	282195	533713	433900	445801	472229	450606	443912	468655	444033	451109	485841	474322	469018	454271	452097	433340	459593	451718	433306	452191	542354	539737	534275	531253	411032	454677	374568	415609	395908	475352	307553	511311	508820	532852	456742	462974	482159	497997	312271	513671	460696	440758	482330	478691	449826	486549	457454	462692	544249	433661	531948	469488	281098	522864	486774
383995	431005	399988	442460	410116	411072	422150	442423	426216	410658	422582	428089	426737	420792	433047	431757	431137	413415	0	399010	459466	461169	466171	434188	437794	450657	459577	458820	442225	426566	429216	432921	439314	459011	466652	441508	437918	434654	434241	433567	439369	451212	407013	450295	443969	449212	473090	436333	438745	450539	442847	442690	409018	378577	460448	435579	442722	434886	419901	440776	414494	452104	432603	444993	443995	458734	451569	448943	462521	429509	454503	441959	439662	448682	416253	456909	441050	454069	418003	416275	444115	468971	416591	438054	450877	442832	427123	465221	443391	421674	437698	419905	424631	413181	445269	436722	449037	433435	442507	467453	447133	435926	463875	426132	400201	446964	425036	469139	452648	411987	390948	435521	455629	410789	430457	452346	454856	406648	444591	426253	393800	428980	431198	426558	407832	395298	433214	441410	467357	448724	447187	439795	452499	441345	438583	442097	454168	440408	465618	439566	455681	447866	393240	467663	465436	468004	423716	445254	407183	456810	428041	466493	416102	450596	424800	451162	430140	403112	466236	423239	424057	463042	438141	437465	459784	444641	439819	430679	397775	486986	475547	467941	475037	481137	461071	472496	487984	481841	455352	470920	474330	462653	461481	361711	477437	384570	473520	479119	497430	497963	486181	484459	435803	442401	438958	460580	444548	450515	462231	462037	466904	488123	471083	442879	464023	464030	475543	472905	435544	459625	487806	481117	452353	473128	456463	455023	492602	462846	487336	457409	405596	472535	452132
363092	442890	410314	435668	434280	430376	357107	438727	396692	439450	428717	425143	422747	402972	375457	424055	425044	408925	399010	0	487212	494991	458046	484890	451242	441948	501048	469112	432180	459844	402595	458909	451474	484002	486273	432621	460934	447615	453184	427881	416707	454722	386936	457788	457184	430972	436617	455139	468976	437142	427277	425275	445671	397952	466464	458891	494067	459280	389225	455669	433272	466798	430449	484507	449094	501178	486676	492997	464540	455803	493674	468501	462112	469584	442597	499057	481954	494056	446400	405382	434459	492546	403861	461844	474759	429658	407659	483396	475762	341868	423181	413152	396682	410896	481940	425648	493817	404262	480152	475729	478325	443354	474840	412899	398457	442730	424239	479117	485313	412306	396442	457984	479641	391073	446541	499721	449332	427447	478475	437901	397445	448201	449776	405121	419941	396532	332690	429289	458884	460495	446632	437095	476898	428126	437344	441116	466949	432453	456293	434924	470435	490326	403597	485412	464060	485571	431542	470061	386772	448863	427254	460635	424176	466033	431120	492355	452174	412008	507922	450523	434665	507185	478184	451507	497069	486302	466316	435313	398174	550370	478475	477080	482568	465045	453452	465816	466662	466296	457837	471614	486734	452246	450169	456131	468538	432786	474881	409253	537353	528623	550736	549955	434621	129894	435882	394575	411796	466942	413871	529239	497744	543775	476485	483387	441832	442932	473580	516812	463777	456018	475151	477251	481950	498833	495445	498949	535356	461467	531319	454212	416752	520987	460433
479093	391623	427168	511913	431542	432780	465890	515475	503865	417298	440090	427542	415426	482531	473244	424081	428925	511593	459466	487212	0	333561	409863	346757	421506	427009	336930	347654	505276	385999	480412	420485	434261	335098	370960	505138	417119	430200	501992	483089	497905	413121	515917	423647	442733	485380	407872	398681	392219	436571	496853	495261	392853	463839	402219	436860	360062	453754	497567	405375	453154	410493	443150	338950	365690	341360	353639	359050	292597	435849	295503	440868	406575	362363	439731	331995	382266	274868	423927	419422	383187	245350	486247	374758	335090	445498	478875	394581	362256	471456	506315	487206	473861	514387	341409	429993	362458	473627	363102	331128	399459	405590	376957	431822	467039	454686	502020	433289	314266	477032	520406	416322	304507	478865	393085	361946	378764	445027	361694	464503	477542	452580	456914	488245	423142	446096	447967	502617	416896	412903	527081	477008	391280	501047	498492	419042	392189	503571	408099	508959	374019	363469	483925	343974	387213	389675	464047	411651	460048	430419	430127	424532	477014	352107	442827	366725	451086	485591	354591	387600	399934	342047	357816	425507	369202	356137	405084	391913	530058	391363	546807	518732	516138	489608	510433	470425	529450	519150	467746	493392	487474	518782	521666	479594	507416	496554	544758	537498	402487	386162	390439	388301	499683	540326	525729	546042	537102	422535	510558	373483	407945	355937	469573	447748	438227	450204	500543	405885	453760	483640	473534	460347	443457	420147	453942	459136	255730	522429	329062	488848	544487	380002	460682
471677	374976	434912	498954	408131	410189	470155	501590	482042	404977	431967	419892	420085	494596	482748	422461	427308	508960	461169	494991	333561	0	375021	311473	396154	402548	235286	329887	490975	376517	482997	416561	408280	303916	220669	490620	356486	405987	484486	475241	478643	437736	506513	409174	419983	469533	410359	384487	358327	403116	483232	482435	377857	468694	431916	414238	352142	433747	503128	386203	456709	397558	442546	318429	357008	152426	344037	349508	378008	434658	323348	434935	288519	425590	413466	292681	391662	317015	403003	419840	426078	358090	485647	362380	373257	431581	464202	280893	339766	456286	492765	476899	471246	511065	345601	347367	352246	474994	342873	398200	370994	377309	386257	434569	473379	442160	497719	416907	347630	471366	529442	399280	381455	457082	387234	260591	369593	445192	431807	437824	478488	414198	418530	489529	407413	427153	445332	488794	384464	423469	513718	451582	358010	487165	480935	385020	376539	489088	373073	493877	344116	352318	484211	388690	412113	282528	458679	290024	456625	411174	417072	390630	457170	382095	441079	346874	444091	490610	239461	379327	375024	202745	349878	330582	283004	337995	407077	390678	528355	380820	534253	502303	507545	494647	502476	476977	516561	515025	459800	473994	470684	512600	514756	489876	505777	515875	533133	546335	393587	350236	380806	378360	499193	550589	524112	542336	540192	435475	505429	330745	379731	317193	467113	424749	417136	419641	500423	387830	429265	478591	472167	453680	454967	426835	449977	446463	366747	505362	324749	444737	542889	361600	451566
452205	442652	448572	483011	445437	448666	461664	482070	471246	444107	443687	444385	443499	454437	467702	440210	441302	481623	466171	458046	409863	375021	0	399140	312882	270430	315283	391620	480661	413759	473550	438499	445485	411599	336427	479037	414256	403557	471879	392365	467204	482885	471522	457085	454328	381021	363310	429123	384158	395724	480769	480317	434702	467928	442239	440882	428541	442377	480392	438322	462942	285180	429790	411378	417081	369318	428898	424390	440053	432963	400666	440772	421384	433250	423476	393463	434059	406443	426422	437853	431307	424196	481795	425213	319018	362055	456337	288613	414177	457783	476455	478403	466134	481585	426947	411590	424127	469990	415272	336152	346018	368155	349990	370426	459005	361094	496215	421190	416001	472947	487699	366954	426774	463931	436986	408025	340066	452181	446996	454204	458763	343416	346593	466559	438603	426615	464039	480393	244335	448934	487506	364908	259638	479377	428953	250911	396981	477381	142768	476598	278213	418004	461373	363818	436324	303821	461184	399379	444033	232727	429286	248094	407833	324240	449774	413215	442068	481101	382964	419873	411028	343663	415460	448855	377259	411804	423423	407900	486345	451262	510946	488142	492311	454027	469729	454978	470613	472195	455703	442704	374839	468903	470081	475945	473884	462042	510867	517440	468595	435526	450548	447143	472100	504945	504610	535101	510360	443405	474741	420183	349241	399646	430930	455774	440707	449014	500955	438698	430185	463152	434808	347894	449413	424602	454984	470749	432412	458530	364298	396454	495641	434972	465789
447995	368812	402690	483679	402101	407368	445695	482831	462407	386391	399922	403256	410252	485110	467760	397967	400964	478113	434188	484890	346757	311473	399140	0	399839	398998	329457	333560	479742	369140	460975	388835	378184	351803	345745	477949	387021	415715	457988	458265	455119	424325	489140	409970	390047	453549	427052	381145	344097	399767	477346	476821	361608	434033	410466	386177	329006	408011	486808	363420	452937	406236	433672	310139	376912	308483	340443	337228	363947	408355	326427	411347	360431	423581	429416	331758	362354	324407	395510	391664	397025	363202	467284	353435	381438	417180	458184	359939	329396	437929	477153	458365	458189	478256	326634	387263	338278	458616	318762	382348	361736	367009	394166	417496	445619	444065	458607	419145	359874	438700	493310	416170	370399	445782	368550	317713	374243	426744	394811	405873	456014	411710	414933	461983	378499	396853	421943	478304	404933	437553	490465	440359	376493	477680	464121	392199	342528	475373	399856	476862	368136	337080	455626	379127	430292	356739	439137	388176	435673	427887	417359	407906	448226	370147	406411	342562	413942	460990	306834	356519	357857	315596	311411	378967	354867	339555	364418	368541	493733	366745	521740	475977	488439	478580	489222	433701	497284	495891	474047	468886	473598	493443	496808	460536	479731	489613	521171	534250	388110	274884	366246	362666	501822	545345	504631	542958	525139	423793	481536	226462	386914	337893	451467	405897	432048	431547	485310	381975	426229	486012	486035	464557	427578	428766	436594	440942	373675	496847	372707	451650	512951	343627	429363
446034	436687	445032	468507	434449	436981	452389	469392	456913	447823	441661	437116	460514	459742	447950	433543	435761	467808	437794	451242	421506	396154	312882	399839	0	242905	331590	426988	465876	416135	457710	443993	429999	421549	365973	464537	422574	404607	467174	421727	465175	451684	454959	443951	440898	383272	409599	435342	334164	371352	463146	462334	411679	456163	446109	430626	416842	442065	465406	413987	464026	344576	424164	415076	438862	395931	430859	430681	426094	443504	420446	467927	413226	471446	442194	420532	425823	420427	432366	421764	453202	432244	460207	409981	353129	326349	436034	362797	420547	444489	463942	458225	442588	467647	414848	418038	431786	467768	416425	377228	352344	341424	366395	337351	466648	362072	471051	434321	432366	472197	480738	378433	452794	439810	430864	418743	378711	455049	457537	449522	463072	347590	349535	460320	444189	434493	439866	464298	297325	460918	476921	347794	353787	463436	405563	252669	384043	463253	312520	465177	369126	428889	467911	377126	448659	347100	469595	413878	460340	280406	475052	300733	372979	361334	428635	441484	431994	465962	407894	417256	425561	370398	419653	429778	404787	428464	423859	422893	478532	464226	500150	487969	482048	448444	452230	458323	481763	477000	476824	451816	381501	446343	447137	453097	482561	457482	499436	499707	475772	448300	463554	460919	459665	501192	480422	505489	489447	477269	475624	418770	339697	418414	431566	429143	458871	447757	463190	457234	448648	459239	435493	359485	488035	436041	468020	478106	447339	437626	403566	379529	488510	442074	468940
