0.121270 0.878720 0.000010
0.574132 0.425858 0.000010
0.312334 0.646664 0.041002
0.000010 0.000010 0.999980
0.412868 0.483896 0.103236
0.403578 0.495460 0.100962
0.202781 0.787854 0.009365
0.000010 0.000010 0.999980
0.041779 0.910305 0.047916
0.564759 0.368579 0.066662
0.408126 0.591864 0.000010
0.412773 0.586767 0.000460
0.419284 0.580706 0.000010
0.092638 0.789631 0.117731
0.050332 0.926942 0.022726
0.440834 0.559156 0.000010
0.435558 0.564432 0.000010
0.000010 0.999980 0.000010
0.218477 0.781513 0.000010
0.000010 0.999980 0.000010
0.999979 0.000011 0.000010
0.999980 0.000010 0.000010
0.961010 0.038980 0.000010
0.999972 0.000018 0.000010
0.775127 0.224863 0.000010
0.818665 0.181325 0.000010
0.999979 0.000011 0.000010
0.824921 0.138842 0.036237
0.000010 0.000010 0.999980
0.647338 0.309075 0.043588
0.211754 0.769563 0.018683
0.650847 0.349143 0.000010
0.518059 0.318813 0.163128
0.868019 0.098654 0.033327
0.999980 0.000010 0.000010
0.000010 0.000010 0.999980
0.552989 0.143451 0.303560
0.654052 0.177458 0.168490
0.160894 0.052126 0.786980
0.221979 0.374838 0.403183
0.043418 0.375223 0.581359
0.431884 0.000010 0.568106
0.000010 0.459440 0.540550
0.525383 0.000010 0.474607
0.417333 0.000010 0.582657
0.286653 0.091399 0.621948
0.593966 0.140432 0.265602
0.570043 0.399276 0.030681
0.886448 0.113542 0.000010
0.508776 0.215137 0.276087
0.000010 0.000010 0.999980
0.000015 0.000010 0.999975
0.629810 0.314403 0.055787
0.176767 0.823223 0.000010
0.474794 0.000010 0.525196
0.481019 0.000010 0.518971
0.999980 0.000010 0.000010
0.358013 0.000010 0.641977
0.000010 0.879329 0.120661
0.620184 0.342913 0.036903
0.253630 0.693218 0.053152
0.767546 0.232444 0.000010
0.244790 0.510863 0.244346
0.999980 0.000010 0.000010
0.743317 0.256673 0.000010
0.999980 0.000010 0.000010
0.999980 0.000010 0.000010
0.999980 0.000010 0.000010
0.802007 0.160131 0.037862
0.574887 0.350038 0.075075
0.999980 0.000010 0.000010
0.532879 0.446816 0.020306
0.697107 0.277951 0.024942
0.597719 0.000010 0.402271
0.364993 0.612286 0.022721
0.999979 0.000011 0.000010
0.770819 0.000010 0.229171
0.999980 0.000010 0.000010
0.489965 0.166326 0.343709
0.519859 0.449101 0.031040
0.526495 0.189325 0.284180
0.999976 0.000014 0.000010
0.008296 0.819410 0.172294
0.881511 0.118479 0.000010
0.974894 0.025096 0.000010
0.633435 0.366555 0.000010
0.040402 0.491331 0.468267
0.999978 0.000012 0.000010
0.999980 0.000010 0.000010
0.195121 0.753805 0.051074
0.000010 0.021426 0.978564
0.000010 0.871328 0.128662
0.194174 0.805816 0.000010
0.000010 0.999980 0.000010
0.999979 0.000011 0.000010
0.669019 0.330971 0.000010
0.999980 0.000010 0.000010
0.197927 0.802063 0.000010
0.999980 0.000010 0.000010
0.960417 0.039573 0.000010
0.999980 0.000010 0.000010
0.824322 0.175668 0.000010
0.938511 0.061479 0.000010
0.556913 0.443077 0.000010
0.176233 0.823757 0.000010
0.486319 0.008335 0.505345
0.000010 0.401521 0.598469
0.571458 0.000010 0.428532
0.886090 0.113900 0.000010
0.157815 0.842175 0.000010
0.000010 0.999980 0.000010
0.632412 0.301665 0.065923
0.849550 0.150440 0.000010
0.158183 0.682655 0.159162
0.636058 0.354235 0.009707
0.999980 0.000010 0.000010
0.830126 0.169864 0.000010
0.218074 0.771517 0.010409
0.611785 0.000010 0.388205
0.279579 0.720411 0.000010
0.139651 0.854105 0.006244
0.531677 0.406674 0.061649
0.527656 0.413384 0.058961
0.174119 0.825871 0.000010
0.494392 0.505598 0.000010
0.354862 0.645128 0.000010
0.246469 0.722007 0.031523
0.000010 0.000010 0.999980
0.877614 0.122376 0.000010
0.430402 0.000010 0.569588
0.000010 0.000010 0.999980
0.353993 0.103515 0.542492
0.999976 0.000014 0.000010
0.000010 0.000010 0.999980
0.162572 0.091801 0.745627
0.843570 0.146971 0.009459
0.745665 0.220943 0.033392
0.000010 0.000010 0.999980
0.958649 0.041341 0.000010
0.000010 0.000010 0.999980
0.999945 0.000010 0.000045
0.999980 0.000010 0.000010
0.148272 0.851718 0.000010
0.943367 0.056623 0.000010
0.497154 0.000010 0.502836
0.981814 0.018176 0.000010
0.145609 0.253601 0.600790
0.673513 0.292011 0.034475
0.229987 0.770003 0.000010
0.805130 0.194860 0.000010
0.440948 0.559042 0.000010
0.870941 0.129049 0.000010
0.199157 0.800833 0.000010
0.999980 0.000010 0.000010
0.378194 0.580218 0.041589
0.999980 0.000010 0.000010
0.424506 0.505653 0.069841
0.000010 0.842012 0.157978
0.999979 0.000011 0.000010
0.701466 0.294721 0.003814
0.711384 0.280935 0.007681
0.999980 0.000010 0.000010
0.990360 0.009630 0.000010
0.531434 0.396984 0.071582
0.929511 0.060929 0.009560
0.999980 0.000010 0.000010
0.703982 0.296008 0.000010
0.587199 0.398952 0.013849
0.000010 0.999980 0.000010
0.999978 0.000012 0.000010
0.000010 0.000010 0.999980
0.156588 0.314668 0.528744
0.277752 0.000010 0.722238
0.083569 0.700949 0.215481
0.048389 0.616368 0.335243
0.302158 0.609659 0.088183
0.050202 0.225881 0.723916
0.040925 0.359004 0.600071
0.390715 0.609275 0.000010
0.239911 0.626760 0.133329
0.414284 0.233104 0.352612
0.038869 0.852250 0.108881
0.030011 0.859870 0.110120
0.153976 0.726671 0.119352
0.087814 0.518199 0.393987
0.066486 0.806870 0.126643
0.000010 0.000010 0.999980
0.000013 0.999977 0.000010
0.999980 0.000010 0.000010
0.980085 0.019905 0.000010
0.999978 0.000012 0.000010
0.999978 0.000012 0.000010
0.164531 0.705753 0.129717
0.000014 0.999976 0.000010
0.000010 0.887671 0.112319
0.000010 0.958752 0.041238
0.000010 0.906146 0.093844
0.486838 0.513152 0.000010
0.096542 0.903448 0.000010
0.979787 0.020203 0.000010
0.832754 0.156181 0.011065
0.999975 0.000015 0.000010
0.258283 0.567869 0.173848
0.492136 0.330464 0.177400
0.495521 0.485059 0.019420
0.530217 0.469773 0.000010
0.150216 0.623540 0.226244
0.846405 0.153585 0.000010
0.457783 0.488651 0.053566
0.261510 0.699282 0.039208
0.403471 0.330971 0.265557
0.523869 0.414169 0.061962
0.439794 0.542250 0.017956
0.567340 0.432650 0.000010
0.552342 0.374922 0.072736
0.437091 0.178775 0.384134
0.999980 0.000010 0.000010
0.076933 0.435566 0.487502
0.996918 0.003072 0.000010
0.393619 0.283956 0.322425
0.000010 0.999980 0.000010
0.999976 0.000014 0.000010
0.428017 0.564450 0.007533
