V1	V2	V3	V4	V5	V6	V7	V8	accession
0.117315	0.610278	1e-05	0.037829	0.019519	0.133522	1e-05	0.081517	UNT_010_reseq
0.034163	0.89757	1e-05	1e-05	0.007242	0.060985	1e-05	1e-05	CAMPUB_077
1e-05	0.992847	1e-05	1e-05	1e-05	1e-05	0.007093	1e-05	CAMPUB_172
1e-05	0.99993	1e-05	1e-05	1e-05	1e-05	1e-05	1e-05	CAMPUB_182
0.036022	0.902485	0.003519	1e-05	0.051616	1e-05	0.006198	0.00014	CAMPUB_031
0.240027	0.40488	1e-05	0.338221	1e-05	1e-05	0.005789	0.011052	CAMPUB_276
1e-05	0.827398	1e-05	1e-05	0.083619	0.060353	0.025686	0.002914	CAMPUB_221
0.351906	0.36108	1e-05	0.049534	0.064096	0.065555	0.030759	0.07706	CAMPUB_277
0.346104	0.015641	0.13854	0.033961	0.243716	0.130215	0.049492	0.042332	UNT_035_reseq
0.210412	0.128058	0.0079	0.058129	0.233471	0.215341	0.088803	0.057887	UNT_042_reseq
1e-05	1e-05	0.195675	1e-05	1e-05	0.41616	0.153056	0.235069	UNT_044_reseq
1e-05	0.024829	0.035566	1e-05	0.038787	0.289348	0.490678	0.120772	UNT_045_reseq
0.062945	0.174565	1e-05	1e-05	0.364032	0.241179	0.071461	0.085799	UNT_043_reseq
0.150295	0.179665	1e-05	0.007741	0.090987	0.229493	0.114726	0.227084	UNT_047_reseq
0.065547	0.255445	1e-05	0.018162	1e-05	0.608185	1e-05	0.052631	UNT_007_reseq
1e-05	1.3e-05	1e-05	0.009116	1e-05	0.990821	1e-05	1e-05	UNT_011_reseq
1e-05	1e-05	1e-05	1e-05	1e-05	0.99993	1e-05	1e-05	UNT_013_reseq
1e-05	1e-05	1e-05	1.1e-05	1e-05	0.999929	1e-05	1e-05	UNT_014_reseq
0.033926	0.128087	1e-05	0.015435	0.090154	0.732368	1e-05	1e-05	UNT_015_reseq
1e-05	0.200769	1e-05	1e-05	1e-05	0.799171	1e-05	1e-05	UNT_017_reseq
1e-05	1.3e-05	0.352114	1e-05	0.073201	0.572784	0.001858	1e-05	CAMPUB_165
1e-05	1e-05	0.348119	1e-05	1e-05	0.544559	0.107272	1e-05	UNT_054_reseq
1e-05	1.7e-05	0.536064	1e-05	1e-05	0.463869	1e-05	1e-05	UNT_008_reseq
1e-05	1e-05	0.373666	1e-05	1e-05	0.626274	1e-05	1e-05	UNT_009_reseq
1e-05	1.9e-05	0.06731	1.6e-05	1e-05	0.836153	1e-05	0.096472	CAMPUB_134
1e-05	1e-05	1e-05	1e-05	1e-05	0.921208	1e-05	0.078732	UNT_034_reseq
1e-05	1e-05	0.168271	1e-05	1e-05	0.831669	1e-05	1e-05	UNT_006_reseq
1e-05	1e-05	1e-05	1e-05	1e-05	0.99993	1e-05	1e-05	UNT_005_reseq
1e-05	1e-05	0.157808	1e-05	1e-05	0.842132	1e-05	1e-05	UNT_016_reseq
0.332456	0.487058	0.032	0.058799	0.034907	1e-05	0.05476	1e-05	CAMPUB_157
0.483293	0.333807	0.161629	1e-05	1e-05	0.021231	1e-05	1e-05	CAMPUB_079
0.280765	0.023664	0.244509	1e-05	0.12279	0.021455	0.306796	1e-05	CAMPUB_101
0.081878	0.229626	0.119707	0.046084	0.464648	0.038418	0.01963	1e-05	CAMPUB_207
0.096573	0.246329	0.292373	0.033488	1e-05	1e-05	1e-05	0.331207	CAMPUB_158
1e-05	1e-05	0.36091	1e-05	1.4e-05	1e-05	1e-05	0.639026	CAMPUB_214
1e-05	0.036205	0.305618	1e-05	0.067061	0.113041	0.478044	1e-05	UNT_012_reseq
1.4e-05	1e-05	0.486684	1e-05	1e-05	1e-05	0.513252	1e-05	CAMPUB_232
0.109861	0.081346	0.24982	1e-05	1e-05	0.183499	0.375443	1e-05	UNT_056_reseq
0.256724	1e-05	0.332535	0.215632	0.168331	0.021184	0.005574	1e-05	CAMPUB_156
0.170555	1e-05	0.333387	0.209331	0.174284	0.105821	1e-05	0.006602	UNT_052_reseq
0.238461	1e-05	0.404072	1e-05	1e-05	1e-05	0.187399	0.170028	CAMPUB_200
1.2e-05	1.7e-05	0.401187	1e-05	1.3e-05	1e-05	1e-05	0.598742	CAMPUB_151
1e-05	1.1e-05	0.55392	1.1e-05	1.1e-05	1e-05	1e-05	0.446018	CAMPUB_230
1e-05	1.9e-05	0.51009	1.1e-05	1.4e-05	1e-05	1e-05	0.489836	CAMPUB_247
1e-05	0.127411	0.366993	1e-05	0.125313	0.11009	0.270163	1e-05	CAMPUB_087
1e-05	1e-05	0.453529	1e-05	1e-05	1e-05	0.546411	1e-05	CAMPUB_198
1e-05	1e-05	0.557702	1e-05	1e-05	1e-05	1e-05	0.442238	CAMPUB_089
1.8e-05	1e-05	0.534403	1e-05	1e-05	1.7e-05	1e-05	0.465521	CAMPUB_112
0.428613	1e-05	0.57132	1.2e-05	1.5e-05	1e-05	1e-05	1e-05	CAMPUB_092
0.497481	1e-05	0.502459	1e-05	1e-05	1e-05	1e-05	1e-05	CAMPUB_114
0.134093	0.007921	0.451072	0.007319	0.277201	0.122374	1e-05	1e-05	UNT_003_reseq
1e-05	1e-05	0.583431	1e-05	1e-05	1.9e-05	0.416499	1e-05	CAMPUB_095
0.345671	1e-05	0.626967	0.027312	1e-05	1e-05	1e-05	1e-05	CAMPUB_119
0.067467	0.070901	0.554206	1.4e-05	0.307377	1.6e-05	1e-05	1e-05	CAMPUB_088
1e-05	0.437898	0.562036	1e-05	1.4e-05	1.2e-05	1e-05	1e-05	CAMPUB_090
1e-05	1e-05	0.684551	0.243931	1e-05	0.071468	1e-05	1e-05	UNT_004_reseq
1e-05	1e-05	0.56494	1e-05	0.434998	1.3e-05	1e-05	1e-05	CAMPUB_199
0.049419	0.321723	0.59362	1.4e-05	1e-05	1e-05	1e-05	0.035194	CAMPUB_250
1e-05	1e-05	0.702706	1e-05	1e-05	1e-05	0.297234	1e-05	CAMPUB_235
0.14421	1e-05	0.739465	0.017016	0.076275	0.023003	1e-05	1e-05	CAMPUB_086
1e-05	1e-05	0.99993	1e-05	1e-05	1e-05	1e-05	1e-05	UNT_002_reseq
1e-05	1e-05	0.972439	1.7e-05	1e-05	0.027494	1e-05	1e-05	UNT_018_reseq
1e-05	0.009448	0.950842	1e-05	0.03966	1e-05	1e-05	1e-05	CAMPUB_170
1e-05	1e-05	0.99993	1e-05	1e-05	1e-05	1e-05	1e-05	CAMPUB_231
1e-05	1e-05	0.99993	1e-05	1e-05	1e-05	1e-05	1e-05	CAMPUB_241
1.3e-05	1.1e-05	0.999926	1e-05	1e-05	1e-05	1e-05	1e-05	CAMPUB_234
1e-05	1.8e-05	0.999922	1e-05	1e-05	1e-05	1e-05	1e-05	CAMPUB_073
1e-05	1.6e-05	0.999924	1e-05	1e-05	1e-05	1e-05	1e-05	CAMPUB_228
1e-05	1e-05	0.999921	1e-05	1e-05	1.2e-05	1.7e-05	1e-05	CAMPUB_083
1e-05	1e-05	0.999927	1e-05	1.3e-05	1e-05	1e-05	1e-05	CAMPUB_239
1e-05	1e-05	0.999922	1e-05	1e-05	1e-05	1.8e-05	1e-05	CAMPUB_104
1e-05	1e-05	0.999924	1.3e-05	1e-05	1.3e-05	1e-05	1e-05	CAMPUB_108
1e-05	1.9e-05	0.999911	1e-05	1e-05	1.7e-05	1.4e-05	1e-05	CAMPUB_028
1e-05	1.3e-05	0.999924	1e-05	1e-05	1.3e-05	1e-05	1e-05	CAMPUB_033
0.116749	0.28929	0.011165	0.031759	0.493199	1e-05	1e-05	0.057817	CAMPUB_124
0.043698	0.652003	1e-05	0.028351	0.270549	1e-05	1e-05	0.005369	CAMPUB_218
0.218293	0.171204	1.2e-05	0.091084	0.296938	0.138525	1e-05	0.083934	UNT_046_reseq
0.169655	0.264307	0.031901	0.014368	0.519739	1e-05	1e-05	1e-05	CAMPUB_169
0.159963	0.348708	0.017437	0.017299	0.430932	1e-05	1e-05	0.025642	CAMPUB_226
1e-05	1e-05	1e-05	1e-05	0.99993	1e-05	1e-05	1e-05	CAMPUB_035
1e-05	0.061987	1e-05	0.008277	0.832534	0.052655	1e-05	0.044517	UNT_030_reseq
0.020739	1e-05	0.152442	0.025104	0.56405	0.160366	0.01544	0.061848	UNT_039_reseq
0.278038	1e-05	1e-05	1e-05	0.708065	1.3e-05	1e-05	0.013845	CAMPUB_216
1e-05	1e-05	1e-05	1e-05	0.670865	1e-05	0.329075	1e-05	CAMPUB_257
1e-05	0.366189	1e-05	1e-05	0.63375	1e-05	1e-05	1e-05	CAMPUB_278
1e-05	0.371368	1e-05	1e-05	0.628572	1e-05	1e-05	1e-05	UNT_057
1e-05	0.267578	1.9e-05	1e-05	0.732353	1e-05	1e-05	1e-05	CAMPUB_204
1e-05	1e-05	1e-05	1e-05	0.99993	1e-05	1e-05	1e-05	CAMPUB_055
1e-05	1e-05	1e-05	1e-05	0.99993	1e-05	1e-05	1e-05	CAMPUB_173
1e-05	0.064585	0.063463	1e-05	0.759851	1e-05	0.072433	0.039638	CAMPUB_041
0.068826	0.084479	0.053445	1e-05	0.557871	0.155198	0.049431	0.030739	UNT_024_reseq
0.022593	0.062123	0.127763	1e-05	0.787482	1e-05	1e-05	1e-05	CAMPUB_160
0.027883	0.053121	0.050958	1e-05	0.799925	0.068083	1e-05	1e-05	CAMPUB_171
0.010942	0.039573	0.089312	1e-05	0.804519	0.055625	1e-05	1e-05	CAMPUB_262
1e-05	0.16867	0.076957	1e-05	0.717516	0.036816	1e-05	1e-05	CAMPUB_120
1e-05	0.033574	0.037751	1e-05	0.73083	0.197805	1e-05	1e-05	UNT_026_reseq
1.2e-05	0.188004	0.006414	1e-05	0.648154	0.157386	1e-05	1e-05	UNT_027_new
1e-05	0.16301	0.035645	1e-05	0.674093	0.127212	1e-05	1e-05	UNT_028_reseq
1e-05	0.792945	1e-05	1e-05	0.206995	1e-05	1e-05	1e-05	CAMPUB_057
1e-05	0.758944	1e-05	1e-05	0.190364	0.050642	1e-05	1e-05	UNT_025_new
1e-05	0.643693	0.029786	1e-05	0.325074	1e-05	0.001407	1e-05	CAMPUB_045
1e-05	0.572155	1e-05	1e-05	0.311704	0.116091	1e-05	1e-05	UNT_019_new
0.142494	0.587521	1e-05	0.022857	0.247088	1e-05	1e-05	1e-05	CAMPUB_056
0.383298	0.490416	1e-05	0.030326	0.095919	1e-05	1e-05	1e-05	CAMPUB_223
0.23723	0.558866	1e-05	0.032914	0.156461	1e-05	0.014499	1e-05	CAMPUB_225
0.221418	0.490086	0.034033	0.025163	0.227317	1e-05	1e-05	0.001963	CAMPUB_025
0.098014	0.901926	1e-05	1e-05	1e-05	1e-05	1e-05	1e-05	CAMPUB_111
0.200784	0.590017	1.8e-05	0.053294	1e-05	0.058204	1e-05	0.097664	UNT_029_reseq
0.348447	0.64571	1e-05	1e-05	1e-05	1e-05	1e-05	0.005793	CAMPUB_255
0.040188	0.838499	1e-05	1e-05	0.121263	1e-05	1e-05	1e-05	CAMPUB_007
0.092465	0.880049	1e-05	1e-05	1e-05	1e-05	1e-05	0.027436	CAMPUB_252
1e-05	0.93758	1e-05	0.06236	1e-05	1e-05	1e-05	1e-05	CAMPUB_197
1.4e-05	0.999926	1e-05	1e-05	1e-05	1e-05	1e-05	1e-05	CAMPUB_244
0.219303	0.658563	1.7e-05	0.022787	1.2e-05	0.099299	1e-05	1e-05	UNT_059_reseq
0.223967	0.775973	1e-05	1e-05	1e-05	1e-05	1e-05	1e-05	CAMPUB_038
0.229551	0.758726	1e-05	0.011673	1e-05	1e-05	1e-05	1e-05	CAMPUB_039
0.222815	0.764896	1e-05	0.01224	1e-05	1e-05	1e-05	1e-05	CAMPUB_049
0.219681	0.764787	1e-05	0.015482	1e-05	1e-05	1e-05	1e-05	CAMPUB_052
0.359648	0.251763	0.011219	0.024051	0.196443	0.111579	1e-05	0.045287	UNT_037_reseq
0.146923	0.336585	1e-05	1e-05	0.516441	1e-05	1e-05	1e-05	CAMPUB_203
0.5437	0.351039	0.00224	1e-05	0.058908	1e-05	1e-05	0.044083	CAMPUB_209
0.466503	0.023397	0.02288	0.073504	0.311223	0.011906	0.015513	0.075074	CAMPUB_074
0.352313	1e-05	1e-05	0.002787	0.643163	1e-05	1e-05	0.001696	CAMPUB_152
0.319309	0.124904	0.013617	0.029481	0.402738	0.106151	1e-05	0.003791	CAMPUB_259
0.284368	0.103838	0.036609	0.075763	0.395623	0.055514	0.0144	0.033884	CAMPUB_261
0.529287	0.051185	0.016762	0.0417	0.327612	1e-05	1e-05	0.033434	CAMPUB_123
0.390331	1e-05	0.026189	0.014518	0.500091	0.068842	1e-05	1e-05	CAMPUB_029
0.385	1e-05	0.025299	0.015389	0.504221	0.070061	1e-05	1e-05	CAMPUB_030
0.482835	1e-05	0.259262	1e-05	0.092171	0.106834	1e-05	0.058868	CAMPUB_084
0.567276	1e-05	0.014957	1e-05	0.386846	0.030881	1e-05	1e-05	CAMPUB_271
0.072125	0.420747	1e-05	0.04318	0.424573	1e-05	1e-05	0.039345	CAMPUB_212
0.400878	0.351233	1e-05	0.130658	1e-05	1e-05	1e-05	0.117191	CAMPUB_136
0.216837	0.173336	1e-05	0.099141	1e-05	1e-05	0.432615	0.078041	CAMPUB_211
0.330442	0.518759	1e-05	0.105122	1e-05	1e-05	1e-05	0.045636	CAMPUB_008
0.104747	0.739574	1.6e-05	0.078808	1e-05	1e-05	1e-05	0.076825	CAMPUB_040
0.045039	0.121164	0.250479	0.045703	1e-05	1e-05	0.379402	0.158192	CAMPUB_096
0.237217	1e-05	0.03545	0.019073	0.253579	1e-05	0.454651	1e-05	CAMPUB_205
0.105386	0.196684	1e-05	1e-05	0.057868	1e-05	0.598826	0.041206	CAMPUB_164
0.092906	0.258114	1e-05	1e-05	0.056879	0.028543	0.554182	0.009355	CAMPUB_196
0.045619	0.042824	0.008328	1e-05	0.311746	1e-05	0.591453	1e-05	CAMPUB_219
0.043931	0.043349	0.005126	1e-05	0.317313	1e-05	0.590252	1e-05	CAMPUB_220
0.439242	1e-05	1e-05	1.4e-05	1e-05	1e-05	0.560694	1e-05	CAMPUB_233
0.547982	1e-05	1e-05	1e-05	1e-05	1e-05	0.451958	1e-05	CAMPUB_242
1e-05	1e-05	1e-05	1e-05	1e-05	1e-05	0.99993	1e-05	CAMPUB_068
1e-05	1e-05	1e-05	1e-05	1e-05	1e-05	0.99993	1e-05	CAMPUB_067
1e-05	1e-05	1e-05	1e-05	1e-05	1e-05	0.99993	1e-05	CAMPUB_236
1e-05	1e-05	1e-05	1e-05	1e-05	1e-05	0.99993	1e-05	CAMPUB_229
1e-05	1e-05	1e-05	1e-05	1e-05	1e-05	0.99993	1e-05	CAMPUB_256
0.116656	0.169951	1.7e-05	1e-05	1.2e-05	1e-05	0.694475	0.018869	CAMPUB_131
1e-05	1e-05	1e-05	1e-05	1e-05	1e-05	0.99993	1e-05	CAMPUB_253
1e-05	1e-05	1e-05	1e-05	1e-05	1e-05	0.99993	1e-05	CAMPUB_063
1e-05	1e-05	1e-05	1e-05	1e-05	1e-05	0.99993	1e-05	CAMPUB_240
0.381673	0.230027	0.052707	0.10975	0.164386	0.009231	1e-05	0.052216	CAMPUB_036
0.540049	0.129359	0.044358	0.058679	0.217225	1e-05	0.002369	0.00795	CAMPUB_110
0.547662	0.267822	1e-05	0.088769	0.038705	0.038356	0.007328	0.011349	CAMPUB_266
0.558421	0.263843	0.002421	0.087792	0.043525	0.0321	0.011888	1e-05	CAMPUB_268
1e-05	1e-05	0.019907	0.547766	0.358532	0.053757	0.020009	1e-05	CAMPUB_147
1e-05	1e-05	0.004635	0.510412	0.30596	0.178951	1.2e-05	1e-05	UNT_050_reseq
1e-05	1e-05	1e-05	0.532262	0.467678	1e-05	1e-05	1e-05	CAMPUB_149
0.029091	0.055895	1e-05	0.422045	0.078769	1e-05	0.41417	1e-05	CAMPUB_194
0.000811	0.469877	1e-05	0.528302	1e-05	1e-05	1e-05	0.00097	CAMPUB_078
0.160041	1e-05	0.237932	0.444456	1.3e-05	1.1e-05	1e-05	0.157527	CAMPUB_154
0.164927	0.182254	1e-05	0.584065	1e-05	0.068714	1e-05	1e-05	UNT_040_reseq
1e-05	1e-05	1e-05	0.558973	1e-05	1e-05	0.440967	1e-05	CAMPUB_193
0.212822	0.167595	1e-05	0.619534	1e-05	1e-05	1e-05	1e-05	CAMPUB_161
0.546771	1e-05	1e-05	0.453169	1e-05	1e-05	1e-05	1e-05	CAMPUB_210
1.2e-05	1e-05	1e-05	0.999928	1e-05	1e-05	1e-05	1e-05	CAMPUB_116
1e-05	1e-05	1e-05	0.99993	1e-05	1e-05	1e-05	1e-05	CAMPUB_174
1e-05	1e-05	1e-05	0.999926	1e-05	1e-05	1.4e-05	1e-05	CAMPUB_243
1.7e-05	1e-05	1e-05	0.99992	1.1e-05	1.2e-05	1e-05	1e-05	CAMPUB_138
1.6e-05	1e-05	1e-05	0.999915	1.4e-05	1.5e-05	1e-05	1e-05	CAMPUB_145
1.8e-05	1e-05	1e-05	0.999918	1.2e-05	1e-05	1.1e-05	1e-05	CAMPUB_180
1e-05	1e-05	1e-05	0.99993	1e-05	1e-05	1e-05	1e-05	UNT_020_new
1e-05	1e-05	1e-05	0.99993	1e-05	1e-05	1e-05	1e-05	UNT_023_reseq
1e-05	1e-05	1e-05	0.99993	1e-05	1e-05	1e-05	1e-05	UNT_001_reseq
1e-05	1e-05	1e-05	0.99993	1e-05	1e-05	1e-05	1e-05	UNT_022_reseq
1e-05	0.111862	0.164453	0.497844	0.030137	1e-05	0.195674	1e-05	CAMPUB_085
1e-05	1e-05	0.48147	0.51847	1e-05	1e-05	1e-05	1e-05	CAMPUB_091
0.552669	1e-05	1e-05	1e-05	0.40778	1e-05	1e-05	0.039501	CAMPUB_098
0.565419	1e-05	1e-05	1e-05	1e-05	1e-05	0.434521	1e-05	CAMPUB_099
0.567292	1e-05	0.017	1e-05	0.198968	1e-05	0.216699	1e-05	CAMPUB_237
1e-05	1e-05	1e-05	1e-05	1e-05	1e-05	0.464867	0.535073	CAMPUB_192
1e-05	1e-05	1e-05	1e-05	1.2e-05	1e-05	0.482905	0.517032	CAMPUB_162
1e-05	1e-05	1e-05	1e-05	1e-05	1e-05	0.528345	0.471595	CAMPUB_195
1e-05	1e-05	1e-05	1e-05	1e-05	1e-05	0.509459	0.490481	CAMPUB_258
1e-05	1e-05	1e-05	1e-05	1e-05	1e-05	0.435113	0.564827	CAMPUB_246
1e-05	0.052959	1e-05	1e-05	0.134086	1e-05	1e-05	0.812905	CAMPUB_146
0.156011	0.115564	1e-05	0.066576	1e-05	1e-05	1e-05	0.661809	CAMPUB_201
0.051578	0.176722	1e-05	0.028301	1e-05	1e-05	1e-05	0.743359	CAMPUB_206
0.149427	1.1e-05	1e-05	0.027605	1.4e-05	1e-05	1e-05	0.822913	CAMPUB_058
1.4e-05	1e-05	1e-05	1e-05	1.1e-05	1e-05	1e-05	0.999925	CAMPUB_159
1e-05	1e-05	1e-05	1e-05	1e-05	1e-05	1e-05	0.99993	UNT_053_reseq
0.959906	1e-05	1e-05	0.040034	1e-05	1e-05	1e-05	1e-05	CAMPUB_066
0.843411	1e-05	1e-05	0.035241	1e-05	0.081691	1e-05	0.039617	UNT_021_new
0.828388	1e-05	1e-05	0.080272	1e-05	0.09129	1e-05	1e-05	UNT_031_reseq
0.880219	1e-05	1e-05	0.119721	1e-05	1e-05	1e-05	1e-05	CAMPUB_187
0.56521	1e-05	1e-05	0.417624	1e-05	0.017117	1e-05	1e-05	UNT_058_reseq
0.987172	1e-05	1e-05	1e-05	1e-05	1e-05	1e-05	0.012768	CAMPUB_260
0.99993	1e-05	1e-05	1e-05	1e-05	1e-05	1e-05	1e-05	CAMPUB_273
0.942031	1e-05	1e-05	0.057909	1e-05	1e-05	1e-05	1e-05	CAMPUB_270
0.99993	1e-05	1e-05	1e-05	1e-05	1e-05	1e-05	1e-05	CAMPUB_135
0.978339	1e-05	1e-05	0.021601	1e-05	1e-05	1e-05	1e-05	CAMPUB_168
0.661961	0.048621	0.02643	0.052239	0.12384	1e-05	0.010163	0.076737	CAMPUB_072
0.719349	1e-05	1e-05	1e-05	0.280591	1e-05	1e-05	1e-05	CAMPUB_150
0.517761	1e-05	1.1e-05	1e-05	1e-05	1e-05	0.482177	1e-05	CAMPUB_167
0.212119	1e-05	1e-05	1.2e-05	1e-05	0.017749	0.228464	0.541626	UNT_055_reseq
0.479657	1e-05	1e-05	1e-05	1e-05	1e-05	0.520283	1e-05	CAMPUB_248
0.768822	1e-05	1e-05	1e-05	0.002681	0.039841	0.071679	0.116946	CAMPUB_272
0.99993	1e-05	1e-05	1e-05	1e-05	1e-05	1e-05	1e-05	CAMPUB_264
0.691796	1e-05	1.2e-05	1e-05	1e-05	1e-05	0.308142	1e-05	CAMPUB_070
0.701887	1e-05	1e-05	1e-05	1e-05	1e-05	0.298053	1e-05	CAMPUB_081
0.936469	1.7e-05	1.6e-05	1e-05	1e-05	1e-05	0.063458	1e-05	CAMPUB_269
0.999916	1e-05	1.8e-05	1e-05	1.6e-05	1e-05	1e-05	1e-05	CAMPUB_061
0.999909	1.5e-05	1.8e-05	1e-05	1.8e-05	1e-05	1e-05	1e-05	CAMPUB_137
0.723978	1e-05	1e-05	1e-05	1e-05	1e-05	1e-05	0.275962	CAMPUB_148
0.770415	1e-05	1e-05	1e-05	1e-05	1e-05	1e-05	0.229525	CAMPUB_153
0.529428	1e-05	1e-05	1e-05	1.3e-05	1e-05	1e-05	0.47051	CAMPUB_155
0.454553	1e-05	1e-05	1e-05	0.125125	1e-05	1e-05	0.420271	CAMPUB_080
0.669483	1e-05	1e-05	1e-05	0.330457	1e-05	1e-05	1e-05	CAMPUB_251
0.425984	0.331934	1e-05	1e-05	1e-05	1e-05	0.242031	1e-05	CAMPUB_175
0.354188	0.433006	1e-05	0.031592	0.016735	0.079441	0.085018	1e-05	UNT_038_new
0.346818	0.025992	1e-05	0.04669	1e-05	0.111228	0.469242	1e-05	UNT_032_reseq
0.825139	1e-05	1e-05	0.096854	1e-05	0.076931	1e-05	0.001036	UNT_033_reseq
