0.020591 0.039436 0.017818 0.848020 0.000010 0.074124
0.136101 0.167298 0.000010 0.386118 0.000010 0.310463
0.034343 0.032357 0.000010 0.618244 0.039140 0.275907
0.000010 0.000010 0.000018 0.000010 0.999942 0.000010
0.026362 0.000010 0.000010 0.455961 0.099464 0.418193
0.027450 0.000010 0.000010 0.467062 0.097336 0.408132
0.016932 0.044913 0.037587 0.750830 0.008977 0.140761
0.000011 0.000010 0.000018 0.000010 0.999941 0.000010
0.000010 0.000010 0.000010 0.884966 0.041153 0.073850
0.111363 0.073578 0.000010 0.350907 0.067645 0.396497
0.022159 0.007171 0.010592 0.567510 0.000010 0.392558
0.040436 0.000012 0.000010 0.567900 0.000010 0.391631
0.113957 0.204499 0.000010 0.542178 0.000010 0.139346
0.000010 0.060866 0.074107 0.750889 0.114118 0.000010
0.034666 0.000010 0.071099 0.873527 0.020688 0.000010
0.044536 0.017843 0.029995 0.534205 0.000010 0.373411
0.043222 0.018630 0.025819 0.540304 0.000010 0.372016
0.000017 0.000010 0.000010 0.999943 0.000010 0.000010
0.034267 0.000010 0.000010 0.757877 0.000010 0.207826
0.000010 0.000010 0.000010 0.999950 0.000010 0.000010
0.038237 0.843995 0.000010 0.000010 0.000010 0.117738
0.000010 0.000010 0.000010 0.000010 0.000010 0.999950
0.000011 0.000010 0.999949 0.000010 0.000010 0.000010
0.064680 0.000010 0.000010 0.000010 0.000010 0.935280
0.000010 0.000012 0.999948 0.000010 0.000010 0.000010
0.000010 0.000010 0.999950 0.000010 0.000010 0.000010
0.000013 0.000011 0.314565 0.000010 0.000010 0.685391
0.057502 0.100842 0.016427 0.133057 0.035178 0.656994
0.000015 0.000012 0.000012 0.000010 0.999942 0.000010
0.074357 0.080064 0.007203 0.300900 0.046798 0.490678
0.014178 0.048621 0.032392 0.727802 0.020004 0.157003
0.514826 0.038951 0.000010 0.361082 0.000010 0.085121
0.009680 0.000010 0.000010 0.303184 0.162472 0.524644
0.000010 0.394569 0.000010 0.076807 0.035869 0.492735
0.000012 0.000010 0.280706 0.000010 0.000010 0.719252
0.000016 0.000011 0.000010 0.000010 0.999943 0.000010
0.000010 0.055782 0.009300 0.116739 0.312642 0.505527
0.510225 0.000010 0.192794 0.130802 0.166159 0.000010
0.020491 0.000010 0.000010 0.045333 0.784537 0.149620
0.000010 0.000010 0.304934 0.295962 0.399074 0.000010
0.000010 0.000010 0.000010 0.345500 0.576138 0.078332
0.000010 0.441224 0.000010 0.000010 0.558736 0.000010
0.000010 0.000010 0.000010 0.465103 0.534857 0.000010
0.518596 0.000010 0.000010 0.000010 0.481364 0.000010
0.000010 0.000013 0.000014 0.000010 0.573078 0.426875
0.000010 0.000010 0.407431 0.000011 0.592528 0.000010
0.050784 0.235790 0.397896 0.030090 0.262932 0.022509
0.000010 0.061817 0.000010 0.370911 0.028083 0.539170
0.000010 0.000010 0.420281 0.000010 0.000010 0.579679
0.007538 0.000010 0.309674 0.146132 0.260671 0.275974
0.000017 0.000010 0.000012 0.000010 0.999941 0.000010
0.000015 0.000010 0.000010 0.000010 0.999945 0.000010
0.068971 0.000010 0.000010 0.307817 0.056083 0.567108
0.017442 0.008133 0.000010 0.792080 0.000010 0.182324
0.000010 0.479424 0.000010 0.000010 0.520536 0.000010
0.000010 0.000010 0.000010 0.000010 0.511900 0.488060
0.999950 0.000010 0.000010 0.000010 0.000010 0.000010
0.020733 0.000010 0.000010 0.000010 0.638508 0.340729
0.000010 0.000010 0.000010 0.857994 0.122670 0.019306
0.042462 0.040397 0.000010 0.326350 0.037928 0.552853
0.030750 0.117097 0.000010 0.667496 0.051765 0.132883
0.000010 0.138011 0.704165 0.072429 0.000010 0.085376
0.023726 0.137576 0.187050 0.399957 0.251680 0.000010
0.044380 0.000010 0.000010 0.000010 0.000010 0.955580
0.161460 0.206549 0.014495 0.246550 0.000010 0.370936
0.000010 0.000010 0.000010 0.000010 0.000010 0.999950
0.999950 0.000010 0.000010 0.000010 0.000010 0.000010
0.999946 0.000010 0.000014 0.000010 0.000010 0.000010
0.027351 0.818584 0.000010 0.141049 0.012996 0.000010
0.541477 0.000010 0.021395 0.364132 0.072976 0.000010
0.011757 0.293121 0.000010 0.000010 0.000010 0.695092
0.549541 0.000015 0.000010 0.450414 0.000010 0.000010
0.000010 0.000010 0.000010 0.251755 0.016113 0.732102
0.000010 0.602342 0.000010 0.000010 0.397618 0.000010
0.000010 0.000686 0.002152 0.593743 0.022708 0.380702
0.000010 0.245245 0.000017 0.000012 0.000010 0.754706
0.454934 0.160609 0.000010 0.000010 0.240241 0.144196
0.000010 0.484940 0.000010 0.000010 0.000010 0.515020
0.220814 0.000010 0.000057 0.169483 0.347347 0.262289
0.092811 0.011721 0.076341 0.422597 0.029070 0.367461
0.060096 0.382812 0.017646 0.157357 0.296537 0.085551
0.000010 0.999950 0.000010 0.000010 0.000010 0.000010
0.000010 0.000010 0.000010 0.766909 0.169795 0.063266
0.623087 0.000010 0.008094 0.134984 0.000010 0.233815
0.000010 0.538733 0.461227 0.000010 0.000010 0.000010
0.000010 0.044927 0.596075 0.216275 0.000010 0.142703
0.000010 0.000010 0.113662 0.416090 0.470217 0.000010
0.000010 0.000010 0.466872 0.000010 0.000010 0.533088
0.048713 0.000010 0.000010 0.000011 0.000010 0.951246
0.020372 0.000010 0.000010 0.725885 0.047629 0.206094
0.000010 0.000010 0.000010 0.031311 0.968649 0.000010
0.000010 0.000010 0.000010 0.801263 0.125650 0.073057
0.000010 0.038237 0.077294 0.753397 0.000010 0.131053
0.000010 0.000010 0.000010 0.999950 0.000010 0.000010
0.999950 0.000010 0.000010 0.000010 0.000010 0.000010
0.003704 0.000010 0.251974 0.263134 0.000010 0.481168
0.999943 0.000010 0.000017 0.000010 0.000010 0.000010
0.014163 0.060012 0.011802 0.765893 0.000010 0.148120
0.156044 0.000010 0.000010 0.000012 0.000010 0.843914
0.000010 0.542448 0.457509 0.000014 0.000010 0.000010
0.569785 0.000010 0.430175 0.000010 0.000010 0.000010
0.428206 0.000010 0.423802 0.116374 0.000010 0.031598
0.000010 0.476230 0.523730 0.000010 0.000010 0.000010
0.000010 0.003144 0.564317 0.295073 0.000010 0.137446
0.060513 0.059802 0.000010 0.783037 0.000010 0.096628
0.000010 0.000010 0.540824 0.000010 0.459136 0.000010
0.000010 0.000010 0.000010 0.380699 0.593176 0.026095
0.000010 0.197055 0.163592 0.000010 0.407303 0.232029
0.091585 0.760158 0.000010 0.000010 0.000010 0.148227
0.000010 0.000010 0.000010 0.802864 0.000010 0.197096
0.000014 0.000010 0.000010 0.999945 0.000011 0.000010
0.003781 0.005317 0.434746 0.220938 0.066409 0.268810
0.057508 0.942452 0.000010 0.000010 0.000010 0.000010
0.057567 0.000010 0.029335 0.647575 0.155892 0.109621
0.000010 0.074987 0.000010 0.344100 0.001432 0.579461
0.458730 0.000010 0.000010 0.000010 0.000010 0.541230
0.120995 0.166220 0.421048 0.089937 0.000010 0.201791
0.054553 0.088066 0.000010 0.744548 0.007314 0.105510
0.000010 0.630351 0.000010 0.000010 0.369609 0.000010
0.000010 0.000010 0.000010 0.681479 0.000010 0.318481
0.033232 0.035773 0.000010 0.831965 0.002821 0.096199
0.000011 0.000010 0.552978 0.316374 0.046007 0.084619
0.000010 0.000010 0.553255 0.322405 0.043282 0.081038
0.014800 0.044265 0.075743 0.774716 0.000010 0.090466
0.055007 0.022535 0.000010 0.485066 0.000010 0.437373
0.061191 0.000010 0.037252 0.618024 0.000010 0.283514
0.028511 0.034178 0.000010 0.693688 0.033584 0.210029
0.000012 0.000015 0.000017 0.000010 0.999935 0.000010
0.000011 0.000010 0.999949 0.000010 0.000010 0.000010
0.000010 0.440854 0.000010 0.000015 0.559101 0.000010
0.000015 0.000010 0.000013 0.000010 0.999943 0.000010
0.000010 0.000012 0.500992 0.000015 0.498962 0.000010
0.000010 0.000010 0.543103 0.000012 0.000010 0.456855
0.000010 0.000010 0.000010 0.000010 0.999950 0.000010
0.000010 0.000010 0.283892 0.000010 0.716068 0.000010
0.000010 0.000011 0.999949 0.000010 0.000010 0.000010
0.007076 0.000010 0.203117 0.167251 0.032884 0.589661
0.000010 0.000013 0.000016 0.000010 0.999942 0.000010
0.000011 0.000010 0.999949 0.000010 0.000010 0.000010
0.000010 0.000010 0.000010 0.000010 0.999950 0.000010
0.000010 0.000010 0.438305 0.000010 0.000010 0.561655
0.999950 0.000010 0.000010 0.000010 0.000010 0.000010
0.025202 0.064805 0.000010 0.816351 0.000010 0.093622
0.000010 0.586757 0.413203 0.000010 0.000010 0.000010
0.000010 0.499449 0.000010 0.000014 0.500507 0.000010
0.000010 0.000010 0.500706 0.000010 0.000010 0.499254
0.014028 0.109461 0.000010 0.224586 0.603967 0.047948
0.000010 0.000010 0.006474 0.270441 0.033706 0.689359
0.000975 0.093687 0.000010 0.742138 0.000010 0.163180
0.000010 0.000010 0.999948 0.000011 0.000010 0.000010
0.000010 0.085086 0.000010 0.535870 0.000010 0.379014
0.000010 0.000010 0.999950 0.000010 0.000010 0.000010
0.000010 0.000010 0.326053 0.673907 0.000010 0.000010
0.000010 0.494083 0.505877 0.000010 0.000010 0.000010
0.035304 0.009353 0.004367 0.554492 0.043189 0.353295
0.011269 0.024495 0.000010 0.000010 0.000010 0.964205
0.074860 0.040624 0.022427 0.479964 0.071334 0.310792
0.000010 0.000010 0.000010 0.798507 0.158067 0.043396
0.000011 0.000010 0.000010 0.000010 0.000010 0.999949
0.108451 0.025314 0.016555 0.280423 0.000984 0.568272
0.112629 0.009157 0.019436 0.281671 0.002664 0.574442
0.000010 0.000010 0.049699 0.000010 0.000010 0.950261
0.090460 0.000010 0.000010 0.000010 0.000010 0.909500
0.000010 0.000010 0.000010 0.352112 0.067335 0.580522
0.000010 0.113908 0.087926 0.000010 0.001847 0.796299
0.000010 0.000010 0.000011 0.000010 0.000010 0.999949
0.347138 0.040051 0.030737 0.295228 0.000010 0.286836
0.079379 0.087011 0.072958 0.372395 0.014267 0.373991
0.000010 0.000010 0.000010 0.999944 0.000016 0.000010
0.999950 0.000010 0.000010 0.000010 0.000010 0.000010
0.000010 0.000010 0.000010 0.000018 0.999942 0.000010
0.004923 0.000010 0.000010 0.306227 0.527394 0.161437
0.266218 0.000010 0.000010 0.000010 0.733742 0.000010
0.006604 0.002975 0.327060 0.442194 0.221157 0.000010
0.000010 0.008073 0.247259 0.409964 0.334684 0.000010
0.047774 0.111600 0.182682 0.475058 0.094549 0.088338
0.006685 0.000010 0.148293 0.127093 0.717909 0.000010
0.000015 0.000010 0.199181 0.210914 0.589870 0.000010
0.038250 0.167887 0.035479 0.581119 0.000010 0.177255
0.079092 0.054414 0.304739 0.428304 0.133441 0.000010
0.000010 0.029981 0.467274 0.133955 0.355856 0.012924
0.000010 0.000010 0.264957 0.625587 0.109426 0.000010
0.000010 0.000010 0.262633 0.627766 0.109571 0.000010
0.086132 0.000010 0.165120 0.591201 0.129555 0.027982
0.041403 0.000010 0.202958 0.357155 0.398464 0.000010
0.009985 0.017877 0.224527 0.619861 0.127740 0.000010
0.000010 0.000010 0.000010 0.000010 0.999950 0.000010
0.027640 0.000010 0.000010 0.972320 0.000010 0.000010
0.999940 0.000017 0.000010 0.000010 0.000014 0.000010
0.030140 0.027857 0.000010 0.000010 0.000010 0.941973
0.999950 0.000010 0.000010 0.000010 0.000010 0.000010
0.999950 0.000010 0.000010 0.000010 0.000010 0.000010
0.000010 0.065671 0.063169 0.669734 0.130316 0.071101
0.000012 0.000010 0.000010 0.999948 0.000010 0.000010
0.000010 0.000010 0.000010 0.888116 0.111844 0.000010
0.000010 0.000010 0.000010 0.959402 0.040558 0.000010
0.000010 0.000010 0.000011 0.910834 0.089125 0.000010
0.064972 0.219187 0.000010 0.496034 0.000010 0.219788
0.000010 0.007290 0.000010 0.896682 0.000010 0.095998
0.083771 0.000010 0.000010 0.000010 0.000010 0.916189
0.048185 0.000010 0.455230 0.037784 0.008849 0.449942
0.086565 0.000010 0.000010 0.000010 0.000010 0.913395
0.035345 0.093679 0.336053 0.359154 0.175760 0.000010
0.046972 0.038282 0.049521 0.314021 0.178048 0.373156
0.013844 0.108224 0.011085 0.478579 0.018041 0.370227
0.032298 0.000010 0.062557 0.456810 0.000010 0.448315
0.043668 0.087148 0.028703 0.595887 0.226836 0.017758
0.584636 0.011340 0.000010 0.175926 0.000010 0.228078
0.076444 0.078395 0.125098 0.445024 0.053002 0.222037
0.000010 0.153183 0.110633 0.639449 0.038478 0.058247
0.000010 0.309793 0.238898 0.179218 0.272071 0.000010
0.000018 0.190964 0.541003 0.206593 0.061412 0.000010
0.105778 0.144062 0.000010 0.526886 0.018877 0.204387
0.017725 0.327542 0.162007 0.352001 0.000010 0.140714
0.521407 0.000010 0.027930 0.375484 0.075159 0.000010
0.228682 0.000010 0.000010 0.195235 0.386121 0.189942
0.000010 0.999950 0.000010 0.000010 0.000010 0.000010
0.000010 0.000010 0.240998 0.276554 0.482417 0.000010
0.000010 0.593512 0.199239 0.000010 0.000010 0.207220
0.000010 0.000010 0.395674 0.142596 0.323779 0.137931
0.000010 0.000010 0.000010 0.999949 0.000011 0.000010
0.443911 0.000010 0.000010 0.000010 0.000010 0.556049
0.044278 0.016180 0.000010 0.552786 0.006017 0.380729
