V1	V2	V3	accession
0.038869	0.85225	0.108881	UNT_013_reseq
0.030011	0.85987	0.11012	UNT_014_reseq
0.302158	0.609659	0.088183	UNT_007_reseq
0.040402	0.491331	0.468267	CAMPUB_165
0.076933	0.435566	0.487502	UNT_054_reseq
0.153976	0.726671	0.119352	UNT_015_reseq
0.239911	0.62676	0.133329	UNT_011_reseq
0.066486	0.80687	0.126643	UNT_017_reseq
0.048389	0.616368	0.335243	UNT_006_reseq
0.083569	0.700949	0.215481	UNT_005_reseq
0.087814	0.518199	0.393987	UNT_016_reseq
0.24479	0.510863	0.244346	CAMPUB_134
0.258283	0.567869	0.173848	UNT_034_reseq
0.489965	0.166326	0.343709	CAMPUB_156
0.437091	0.178775	0.384134	UNT_052_reseq
0.414284	0.233104	0.352612	UNT_012_reseq
0.353993	0.103515	0.542492	CAMPUB_232
0.393619	0.283956	0.322425	UNT_056_reseq
0.571458	1e-05	0.428532	CAMPUB_200
0.597719	1e-05	0.402271	CAMPUB_151
0.430402	1e-05	0.569588	CAMPUB_230
0.497154	1e-05	0.502836	CAMPUB_247
0.221979	0.374838	0.403183	CAMPUB_087
0.486319	0.008335	0.505345	CAMPUB_198
0.156588	0.314668	0.528744	UNT_003_reseq
0.431884	1e-05	0.568106	CAMPUB_089
0.474794	1e-05	0.525196	CAMPUB_112
0.286653	0.091399	0.621948	CAMPUB_095
0.050202	0.225881	0.723916	UNT_008_reseq
0.040925	0.359004	0.600071	UNT_009_reseq
1e-05	0.45944	0.54055	CAMPUB_090
0.043418	0.375223	0.581359	CAMPUB_088
0.358013	1e-05	0.641977	CAMPUB_119
0.145609	0.253601	0.60079	CAMPUB_250
1e-05	0.401521	0.598469	CAMPUB_199
0.277752	1e-05	0.722238	UNT_004_reseq
0.162572	0.091801	0.745627	CAMPUB_235
0.160894	0.052126	0.78698	CAMPUB_086
1e-05	0.021426	0.978564	CAMPUB_170
1e-05	1e-05	0.99998	CAMPUB_234
1e-05	1e-05	0.99998	CAMPUB_073
1e-05	1e-05	0.99998	CAMPUB_241
1e-05	1e-05	0.99998	CAMPUB_083
1e-05	1e-05	0.99998	CAMPUB_239
1e-05	1e-05	0.99998	CAMPUB_228
1e-05	1e-05	0.99998	CAMPUB_104
1.5e-05	1e-05	0.999975	CAMPUB_108
1e-05	1e-05	0.99998	CAMPUB_028
1e-05	1e-05	0.99998	UNT_018_reseq
1e-05	1e-05	0.99998	CAMPUB_033
1e-05	1e-05	0.99998	CAMPUB_231
1e-05	1e-05	0.99998	UNT_002_reseq
0.417333	1e-05	0.582657	CAMPUB_092
0.481019	1e-05	0.518971	CAMPUB_114
0.139651	0.854105	0.006244	CAMPUB_218
0.439794	0.54225	0.017956	UNT_046_reseq
0.518059	0.318813	0.163128	CAMPUB_079
0.440948	0.559042	1e-05	CAMPUB_255
0.218477	0.781513	1e-05	CAMPUB_056
0.519859	0.449101	0.03104	CAMPUB_157
0.494392	0.505598	1e-05	CAMPUB_223
0.354862	0.645128	1e-05	CAMPUB_225
0.312334	0.646664	0.041002	CAMPUB_025
0.176767	0.823223	1e-05	CAMPUB_111
0.486838	0.513152	1e-05	UNT_029_reseq
0.218074	0.771517	0.010409	CAMPUB_212
0.12127	0.87872	1e-05	CAMPUB_007
0.229987	0.770003	1e-05	CAMPUB_252
0.176233	0.823757	1e-05	CAMPUB_197
0.148272	0.851718	1e-05	CAMPUB_244
1e-05	0.99998	1e-05	CAMPUB_057
1.4e-05	0.999976	1e-05	UNT_025_new
0.495521	0.485059	0.01942	UNT_037_reseq
0.096542	0.903448	1e-05	UNT_030_reseq
0.195121	0.753805	0.051074	CAMPUB_169
0.246469	0.722007	0.031523	CAMPUB_226
0.25363	0.693218	0.053152	CAMPUB_124
0.150216	0.62354	0.226244	UNT_039_reseq
0.279579	0.720411	1e-05	CAMPUB_216
0.199157	0.800833	1e-05	CAMPUB_257
1e-05	0.99998	1e-05	CAMPUB_204
1e-05	0.99998	1e-05	CAMPUB_278
1e-05	0.99998	1e-05	UNT_057
0.041779	0.910305	0.047916	CAMPUB_035
1e-05	0.99998	1e-05	CAMPUB_055
1e-05	0.99998	1e-05	CAMPUB_173
0.158183	0.682655	0.159162	CAMPUB_207
1e-05	0.958752	0.041238	UNT_027_new
1e-05	0.906146	0.093844	UNT_028_reseq
0.092638	0.789631	0.117731	CAMPUB_041
0.164531	0.705753	0.129717	UNT_024_reseq
1e-05	0.887671	0.112319	UNT_026_reseq
1e-05	0.879329	0.120661	CAMPUB_120
0.008296	0.81941	0.172294	CAMPUB_160
1e-05	0.871328	0.128662	CAMPUB_171
1e-05	0.842012	0.157978	CAMPUB_262
0.050332	0.926942	0.022726	CAMPUB_045
1.3e-05	0.999977	1e-05	UNT_019_new
0.174119	0.825871	1e-05	CAMPUB_221
0.587199	0.398952	0.013849	CAMPUB_277
0.428017	0.56445	0.007533	UNT_059_reseq
0.408126	0.591864	1e-05	CAMPUB_038
0.412773	0.586767	0.00046	CAMPUB_039
0.440834	0.559156	1e-05	CAMPUB_049
0.435558	0.564432	1e-05	CAMPUB_052
0.202781	0.787854	0.009365	CAMPUB_031
0.703982	0.296008	1e-05	CAMPUB_276
0.390715	0.609275	1e-05	UNT_010_reseq
0.211754	0.769563	0.018683	CAMPUB_077
0.194174	0.805816	1e-05	CAMPUB_172
0.197927	0.802063	1e-05	CAMPUB_182
0.403471	0.330971	0.265557	UNT_044_reseq
0.523869	0.414169	0.061962	UNT_045_reseq
0.26151	0.699282	0.039208	UNT_043_reseq
0.56734	0.43265	1e-05	UNT_047_reseq
0.508776	0.215137	0.276087	CAMPUB_101
0.632412	0.301665	0.065923	CAMPUB_205
0.633435	0.366555	1e-05	CAMPUB_164
0.556913	0.443077	1e-05	CAMPUB_196
0.531677	0.406674	0.061649	CAMPUB_219
0.527656	0.413384	0.058961	CAMPUB_220
0.999976	1.4e-05	1e-05	CAMPUB_233
0.999945	1e-05	4.5e-05	CAMPUB_242
0.767546	0.232444	1e-05	CAMPUB_131
0.84357	0.146971	0.009459	CAMPUB_236
0.775127	0.224863	1e-05	CAMPUB_067
0.818665	0.181325	1e-05	CAMPUB_068
0.877614	0.122376	1e-05	CAMPUB_229
0.870941	0.129049	1e-05	CAMPUB_256
0.80513	0.19486	1e-05	CAMPUB_253
0.96101	0.03898	1e-05	CAMPUB_063
0.958649	0.041341	1e-05	CAMPUB_240
0.62981	0.314403	0.055787	CAMPUB_110
0.564759	0.368579	0.066662	CAMPUB_036
0.701466	0.294721	0.003814	CAMPUB_266
0.711384	0.280935	0.007681	CAMPUB_268
0.574887	0.350038	0.075075	CAMPUB_147
0.552342	0.374922	0.072736	UNT_050_reseq
0.532879	0.446816	0.020306	CAMPUB_149
0.824322	0.175668	1e-05	CAMPUB_194
0.770819	1e-05	0.229171	CAMPUB_154
0.650847	0.349143	1e-05	CAMPUB_078
0.846405	0.153585	1e-05	UNT_040_reseq
0.99998	1e-05	1e-05	CAMPUB_193
0.881511	0.118479	1e-05	CAMPUB_161
0.99998	1e-05	1e-05	CAMPUB_210
0.99998	1e-05	1e-05	CAMPUB_116
0.999979	1.1e-05	1e-05	CAMPUB_174
0.99998	1e-05	1e-05	UNT_020_new
0.999978	1.2e-05	1e-05	UNT_001_reseq
0.999978	1.2e-05	1e-05	UNT_022_reseq
0.999978	1.2e-05	1e-05	UNT_023_reseq
0.99998	1e-05	1e-05	CAMPUB_243
0.99998	1e-05	1e-05	CAMPUB_138
0.99998	1e-05	1e-05	CAMPUB_145
0.99998	1e-05	1e-05	CAMPUB_180
0.654052	0.177458	0.16849	CAMPUB_085
0.525383	1e-05	0.474607	CAMPUB_091
0.974894	0.025096	1e-05	CAMPUB_162
0.960417	0.039573	1e-05	CAMPUB_192
0.99998	1e-05	1e-05	CAMPUB_258
0.938511	0.061479	1e-05	CAMPUB_195
0.943367	0.056623	1e-05	CAMPUB_246
0.611785	1e-05	0.388205	CAMPUB_214
0.868019	0.098654	0.033327	CAMPUB_080
0.88609	0.1139	1e-05	CAMPUB_201
0.84955	0.15044	1e-05	CAMPUB_206
0.802007	0.160131	0.037862	CAMPUB_146
0.999979	1.1e-05	1e-05	CAMPUB_058
0.999976	1.4e-05	1e-05	CAMPUB_159
0.99998	1e-05	1e-05	UNT_053_reseq
0.832754	0.156181	0.011065	UNT_032_reseq
0.999975	1.5e-05	1e-05	UNT_033_reseq
0.824921	0.138842	0.036237	CAMPUB_072
0.697107	0.277951	0.024942	CAMPUB_150
0.999979	1.1e-05	1e-05	CAMPUB_153
0.99998	1e-05	1e-05	CAMPUB_155
0.999978	1.2e-05	1e-05	CAMPUB_167
0.996918	0.003072	1e-05	UNT_055_reseq
0.981814	0.018176	1e-05	CAMPUB_248
0.929511	0.060929	0.00956	CAMPUB_272
0.999979	1.1e-05	1e-05	CAMPUB_264
0.999979	1.1e-05	1e-05	CAMPUB_070
0.99998	1e-05	1e-05	CAMPUB_081
0.99998	1e-05	1e-05	CAMPUB_269
0.99998	1e-05	1e-05	CAMPUB_061
0.99998	1e-05	1e-05	CAMPUB_137
0.980085	0.019905	1e-05	UNT_021_new
0.999972	1.8e-05	1e-05	CAMPUB_066
0.979787	0.020203	1e-05	UNT_031_reseq
0.99998	1e-05	1e-05	CAMPUB_148
0.99036	0.00963	1e-05	CAMPUB_270
0.99998	1e-05	1e-05	CAMPUB_187
0.999976	1.4e-05	1e-05	UNT_058_reseq
0.99998	1e-05	1e-05	CAMPUB_135
0.99998	1e-05	1e-05	CAMPUB_168
0.99998	1e-05	1e-05	CAMPUB_260
0.99998	1e-05	1e-05	CAMPUB_273
0.743317	0.256673	1e-05	CAMPUB_136
0.830126	0.169864	1e-05	CAMPUB_211
0.574132	0.425858	1e-05	CAMPUB_008
0.419284	0.580706	1e-05	CAMPUB_040
0.593966	0.140432	0.265602	CAMPUB_096
0.526495	0.189325	0.28418	CAMPUB_158
0.157815	0.842175	1e-05	CAMPUB_203
0.636058	0.354235	0.009707	CAMPUB_209
0.570043	0.399276	0.030681	CAMPUB_098
0.886448	0.113542	1e-05	CAMPUB_099
0.745665	0.220943	0.033392	CAMPUB_237
0.552989	0.143451	0.30356	CAMPUB_084
0.673513	0.292011	0.034475	CAMPUB_251
0.531434	0.396984	0.071582	CAMPUB_271
0.364993	0.612286	0.022721	CAMPUB_152
0.647338	0.309075	0.043588	CAMPUB_074
0.620184	0.342913	0.036903	CAMPUB_123
0.412868	0.483896	0.103236	CAMPUB_029
0.403578	0.49546	0.100962	CAMPUB_030
0.378194	0.580218	0.041589	CAMPUB_259
0.424506	0.505653	0.069841	CAMPUB_261
0.669019	0.330971	1e-05	CAMPUB_175
0.530217	0.469773	1e-05	UNT_038_new
0.492136	0.330464	0.1774	UNT_035_reseq
0.457783	0.488651	0.053566	UNT_042_reseq
