0.017463 0.930294 0.000010 0.000010 0.052223
0.000010 0.500540 0.000010 0.000010 0.499430
0.172627 0.529563 0.035247 0.000010 0.262553
0.000010 0.000010 0.999960 0.000010 0.000010
0.420179 0.129572 0.061453 0.000010 0.388786
0.423568 0.137385 0.059134 0.000010 0.379903
0.000010 0.899489 0.003768 0.001847 0.094885
0.000010 0.000010 0.999960 0.000010 0.000010
0.747567 0.213836 0.006283 0.000010 0.032305
0.112226 0.300048 0.068120 0.000010 0.519596
0.000010 0.732842 0.000010 0.000010 0.267128
0.000010 0.726935 0.000010 0.000010 0.273035
0.000010 0.694645 0.000010 0.000010 0.305325
0.468489 0.331866 0.088694 0.110941 0.000010
0.115892 0.850646 0.032729 0.000722 0.000010
0.000010 0.713038 0.000010 0.000010 0.286932
0.000010 0.715964 0.000010 0.000010 0.284006
0.999960 0.000010 0.000010 0.000010 0.000010
0.198172 0.641214 0.000010 0.000010 0.160594
0.000010 0.999960 0.000010 0.000010 0.000010
0.000010 0.000010 0.000010 0.005475 0.994495
0.000010 0.000010 0.000010 0.013724 0.986246
0.000010 0.000010 0.000010 0.999960 0.000010
0.000010 0.014106 0.000010 0.044970 0.940904
0.000010 0.000010 0.000010 0.999960 0.000010
0.000012 0.000018 0.000013 0.999947 0.000010
0.000010 0.000010 0.000010 0.412704 0.587266
0.061119 0.101830 0.034025 0.081019 0.722006
0.000010 0.000010 0.999960 0.000010 0.000010
0.248435 0.113585 0.026093 0.031305 0.580583
0.069042 0.829618 0.007051 0.000010 0.094280
0.000010 0.393618 0.000010 0.000010 0.606352
0.000010 0.346044 0.174387 0.025326 0.454233
0.105358 0.015248 0.029161 0.023301 0.826932
0.000010 0.000010 0.000010 0.386264 0.613706
0.000010 0.000010 0.999960 0.000010 0.000010
0.168435 0.000010 0.290834 0.055340 0.485381
0.002341 0.157145 0.178738 0.160850 0.500926
0.092877 0.000010 0.756510 0.000010 0.150593
0.188190 0.159135 0.378538 0.274127 0.000010
0.229680 0.170982 0.564523 0.000010 0.034805
0.000010 0.000010 0.567133 0.000010 0.432837
0.000016 0.449888 0.550076 0.000010 0.000010
0.000010 0.000010 0.477005 0.000010 0.522965
0.000010 0.000010 0.585913 0.000010 0.414057
0.000012 0.000010 0.597963 0.402005 0.000010
0.000010 0.122271 0.244149 0.392534 0.241037
0.228168 0.207800 0.022106 0.043135 0.498791
0.000010 0.000010 0.000010 0.466527 0.533443
0.067629 0.123551 0.256700 0.334939 0.217181
0.000010 0.000010 0.999960 0.000010 0.000010
0.000010 0.000010 0.999960 0.000010 0.000010
0.122985 0.236332 0.053802 0.025731 0.561150
0.000010 0.881777 0.000012 0.000010 0.118191
0.000010 0.000010 0.529004 0.000010 0.470966
0.000010 0.000010 0.526309 0.000010 0.473661
0.000010 0.000010 0.000010 0.000010 0.999960
0.000010 0.000010 0.645140 0.009576 0.345264
0.493763 0.416600 0.089617 0.000010 0.000010
0.218510 0.181738 0.023542 0.000010 0.576199
0.363349 0.393129 0.030119 0.000010 0.213393
0.000010 0.153299 0.000010 0.724723 0.121957
0.689587 0.000010 0.131045 0.067932 0.111427
0.000010 0.000010 0.000010 0.000010 0.999960
0.000010 0.342454 0.000010 0.019017 0.638509
0.000010 0.000010 0.000010 0.007839 0.992131
0.000010 0.000010 0.000010 0.000010 0.999960
0.000010 0.000011 0.000010 0.000010 0.999959
0.064040 0.149251 0.033960 0.000010 0.752738
0.345949 0.045626 0.048928 0.000010 0.559487
0.000010 0.000010 0.000010 0.000010 0.999960
0.470460 0.000010 0.000010 0.000010 0.529510
0.221807 0.085744 0.012528 0.048938 0.630983
0.000010 0.000010 0.410985 0.000010 0.588985
0.570479 0.067115 0.000010 0.044414 0.317983
0.000010 0.000010 0.000010 0.049940 0.950030
0.000010 0.000010 0.236584 0.000010 0.763386
0.000010 0.000010 0.000010 0.000010 0.999960
0.129944 0.062112 0.340487 0.003488 0.463969
0.000010 0.520545 0.030260 0.063746 0.385438
0.000010 0.258040 0.280792 0.012707 0.448451
0.000010 0.000010 0.000010 0.000010 0.999960
0.472379 0.379704 0.147898 0.000010 0.000010
0.000010 0.160398 0.000019 0.000010 0.839562
0.000010 0.000010 0.000010 0.504514 0.495456
0.026286 0.231556 0.000010 0.616031 0.126117
0.570401 0.000010 0.393647 0.035932 0.000010
0.000010 0.000010 0.000010 0.559464 0.440506
0.000010 0.034585 0.000010 0.000010 0.965385
0.290303 0.513149 0.043141 0.000010 0.153398
0.000010 0.028183 0.971787 0.000010 0.000010
0.558588 0.352887 0.088505 0.000010 0.000010
0.000010 0.957515 0.000010 0.042455 0.000010
0.999960 0.000010 0.000010 0.000010 0.000010
0.000010 0.000010 0.000010 0.000010 0.999960
0.000010 0.332353 0.000010 0.269444 0.398184
0.000010 0.000010 0.000010 0.000010 0.999960
0.000010 0.951433 0.000010 0.000010 0.048537
0.000010 0.000010 0.000010 0.000010 0.999960
0.000010 0.000010 0.000010 0.518422 0.481548
0.000010 0.000010 0.000010 0.378208 0.621762
0.057363 0.072201 0.000010 0.379490 0.490936
0.000010 0.000010 0.000010 0.544944 0.455026
0.061457 0.294444 0.000010 0.566072 0.078018
0.000010 0.885378 0.000010 0.000010 0.114592
0.000010 0.000010 0.458924 0.541046 0.000010
0.339595 0.068586 0.580565 0.000010 0.011244
0.000010 0.000010 0.412789 0.212299 0.374892
0.000010 0.154832 0.000010 0.000010 0.845138
0.401539 0.482232 0.000010 0.000010 0.116208
0.540573 0.459397 0.000010 0.000010 0.000010
0.214925 0.019067 0.053252 0.486696 0.226060
0.000010 0.196682 0.000010 0.000010 0.803288
0.304817 0.429346 0.143835 0.007490 0.114511
0.000010 0.415781 0.008693 0.013591 0.561925
0.000010 0.000010 0.000010 0.000010 0.999960
0.000010 0.169975 0.000010 0.426982 0.403023
0.303885 0.532223 0.000010 0.000010 0.163872
0.000010 0.000010 0.396705 0.000010 0.603265
0.645065 0.072937 0.000010 0.000010 0.281977
0.198070 0.711901 0.006062 0.000010 0.083957
0.176226 0.203131 0.035633 0.585000 0.000010
0.187362 0.199798 0.030755 0.582075 0.000010
0.090536 0.835973 0.000010 0.048194 0.025287
0.046851 0.527974 0.000010 0.000010 0.425155
0.102849 0.616258 0.000010 0.026985 0.253898
0.201824 0.573232 0.031877 0.000010 0.193057
0.000010 0.000010 0.999960 0.000010 0.000010
0.000012 0.000011 0.000010 0.999957 0.000010
0.000011 0.000010 0.570642 0.000010 0.429328
0.000010 0.000010 0.999960 0.000010 0.000010
0.000010 0.000010 0.502835 0.497135 0.000010
0.000010 0.000010 0.000010 0.621047 0.378923
0.000010 0.000010 0.999960 0.000010 0.000010
0.000010 0.000010 0.718376 0.281594 0.000010
0.000013 0.000010 0.000010 0.999957 0.000010
0.136500 0.063414 0.028864 0.243158 0.528064
0.000010 0.000010 0.999960 0.000010 0.000010
0.000010 0.000010 0.000010 0.999960 0.000010
0.000010 0.000010 0.999960 0.000010 0.000010
0.000010 0.000010 0.000010 0.522042 0.477928
0.000010 0.000010 0.000010 0.000010 0.999960
0.000010 0.964502 0.000010 0.000010 0.035468
0.000010 0.000010 0.000010 0.452173 0.547797
0.000010 0.000010 0.509780 0.000010 0.490190
0.000010 0.000010 0.000010 0.581855 0.418115
0.000010 0.304696 0.599970 0.000010 0.095314
0.258279 0.046450 0.017198 0.135862 0.542211
0.000014 0.874129 0.000010 0.000010 0.125837
0.000010 0.000010 0.000010 0.999960 0.000010
0.000010 0.634920 0.000010 0.023910 0.341150
0.000013 0.000010 0.000010 0.999957 0.000010
0.697327 0.000010 0.000010 0.302643 0.000010
0.000010 0.000010 0.000010 0.535680 0.464290
0.370565 0.262003 0.024607 0.008298 0.334527
0.000010 0.000010 0.000010 0.000010 0.999960
0.352325 0.202883 0.050153 0.028637 0.366001
0.554675 0.324744 0.120561 0.000010 0.000010
0.000010 0.000010 0.000010 0.000010 0.999960
0.060125 0.273039 0.002150 0.031982 0.632703
0.045843 0.284354 0.010120 0.034169 0.625514
0.000010 0.000010 0.000010 0.167661 0.832309
0.000017 0.039606 0.000010 0.000010 0.960356
0.340384 0.098154 0.044409 0.000010 0.517044
0.050122 0.013636 0.011248 0.144263 0.780732
0.000010 0.015266 0.000010 0.000010 0.984704
0.000010 0.368675 0.000010 0.000010 0.631295
0.078997 0.382840 0.003455 0.073148 0.461560
0.463769 0.536201 0.000010 0.000010 0.000010
0.000010 0.000011 0.000010 0.000010 0.999959
0.000015 0.000010 0.999955 0.000010 0.000010
0.222678 0.143361 0.501643 0.000010 0.132309
0.000010 0.000010 0.725400 0.000010 0.274570
0.999960 0.000010 0.000010 0.000010 0.000010
0.802336 0.000010 0.197634 0.000010 0.000010
0.563515 0.202171 0.000010 0.010258 0.224045
0.419050 0.000010 0.580920 0.000010 0.000010
0.573682 0.000010 0.426288 0.000010 0.000010
0.100379 0.568988 0.000010 0.063803 0.266820
0.837875 0.000010 0.000010 0.038981 0.123124
0.111411 0.037176 0.330595 0.520808 0.000010
0.999960 0.000010 0.000010 0.000010 0.000010
0.999960 0.000010 0.000010 0.000010 0.000010
0.856991 0.040679 0.000010 0.000010 0.102310
0.781060 0.000010 0.218910 0.000010 0.000010
0.838281 0.161689 0.000010 0.000010 0.000010
0.000010 0.000010 0.999960 0.000010 0.000010
0.168479 0.831491 0.000010 0.000010 0.000010
0.000010 0.000010 0.000010 0.000010 0.999960
0.036723 0.007861 0.000010 0.070555 0.884852
0.000010 0.000010 0.000010 0.000010 0.999960
0.000010 0.000011 0.000010 0.000010 0.999958
0.441805 0.300189 0.094143 0.094766 0.069097
0.000010 0.999960 0.000010 0.000010 0.000010
0.571540 0.354394 0.074046 0.000010 0.000010
0.438863 0.539383 0.021734 0.000010 0.000010
0.436431 0.492125 0.071424 0.000010 0.000010
0.002846 0.562162 0.000010 0.000010 0.434973
0.552563 0.393468 0.000010 0.000010 0.053949
0.060115 0.000010 0.000010 0.020794 0.919071
0.009016 0.029586 0.003752 0.556839 0.400807
0.000010 0.000010 0.000010 0.146595 0.853375
0.832135 0.000010 0.000010 0.062211 0.105634
0.221491 0.142306 0.160205 0.075854 0.400145
0.137331 0.377526 0.016147 0.076276 0.392720
0.005108 0.479227 0.000010 0.143473 0.372182
0.654307 0.007465 0.175452 0.044049 0.118727
0.039056 0.152086 0.000010 0.000010 0.808838
0.304981 0.231063 0.026278 0.115668 0.322010
0.430219 0.305880 0.009389 0.141232 0.113281
0.360028 0.000010 0.199331 0.269191 0.171440
0.293309 0.000010 0.037503 0.618992 0.050186
0.330332 0.282194 0.000010 0.000010 0.387454
0.262455 0.159204 0.000010 0.208060 0.370271
0.436820 0.000010 0.031846 0.000010 0.531314
0.206484 0.017102 0.360739 0.000010 0.415665
0.000010 0.000010 0.000010 0.031508 0.968462
0.541209 0.000010 0.355666 0.103105 0.000010
0.000011 0.000010 0.000010 0.314766 0.685203
0.106688 0.077064 0.300358 0.430548 0.085342
0.498055 0.501915 0.000010 0.000010 0.000010
0.000010 0.000010 0.000010 0.000010 0.999960
0.001889 0.648493 0.012403 0.000010 0.337205
