V1	V2	V3	V4	V5	V6	accession
0.245165	0.0284	0.061969	0.664446	1e-05	1e-05	UNT_038_new
0.029225	1e-05	0.169456	0.80129	1e-05	1e-05	UNT_019_new
1e-05	1e-05	0.112894	0.887066	1e-05	1e-05	UNT_027_new
0.413744	1e-05	1e-05	0.586216	1e-05	1e-05	UNT_021_new
0.406096	1e-05	1e-05	0.520399	1e-05	0.073475	UNT_031_reseq
0.249017	1e-05	1e-05	0.711953	0.039001	1e-05	UNT_052_reseq
0.428548	1e-05	1e-05	0.571412	1e-05	1e-05	UNT_050_reseq
0.60023	1.5e-05	1e-05	0.399725	1e-05	1e-05	UNT_058_reseq
0.99995	1e-05	1e-05	1e-05	1e-05	1e-05	UNT_020_new
0.627492	1e-05	1e-05	0.372468	1e-05	1e-05	UNT_040_reseq
0.99995	1e-05	1e-05	1e-05	1e-05	1e-05	UNT_023_reseq
0.99995	1e-05	1e-05	1e-05	1e-05	1e-05	UNT_001_reseq
0.99995	1e-05	1e-05	1e-05	1e-05	1e-05	UNT_022_reseq
0.169864	1e-05	0.076429	0.753677	1e-05	1e-05	UNT_010_reseq
0.188396	1.4e-05	0.06488	0.74669	1e-05	1e-05	UNT_059_reseq
0.01651	1.4e-05	0.091693	0.891763	1e-05	1e-05	UNT_024_reseq
1e-05	1e-05	0.082846	0.917114	1e-05	1e-05	UNT_026_reseq
1e-05	1e-05	0.104441	0.895519	1e-05	1e-05	UNT_028_reseq
0.037593	1e-05	0.087691	0.869448	0.005248	1e-05	UNT_039_reseq
0.1107	1e-05	1e-05	0.88926	1e-05	1e-05	UNT_007_reseq
0.017825	1e-05	1e-05	0.982135	1e-05	1e-05	UNT_015_reseq
1e-05	1e-05	1e-05	0.949392	0.050568	1e-05	UNT_006_reseq
1.5e-05	1e-05	1e-05	0.999945	1e-05	1e-05	UNT_017_reseq
1e-05	1e-05	1e-05	0.99995	1e-05	1e-05	UNT_034_reseq
1e-05	1e-05	1e-05	0.99995	1e-05	1e-05	UNT_005_reseq
1e-05	1e-05	1e-05	0.944032	0.055928	1e-05	UNT_016_reseq
0.035145	1e-05	1e-05	0.964815	1e-05	1e-05	UNT_011_reseq
1.5e-05	1.1e-05	1e-05	0.999944	1e-05	1e-05	UNT_013_reseq
1e-05	1e-05	1e-05	0.99995	1e-05	1e-05	UNT_014_reseq
0.013588	0.178436	1e-05	0.783972	0.023984	1e-05	UNT_012_reseq
0.015576	0.097339	1e-05	0.846088	0.040977	1e-05	UNT_056_reseq
0.007161	1e-05	1e-05	0.846364	0.146444	1e-05	UNT_003_reseq
1e-05	1e-05	1e-05	0.92969	0.07027	1e-05	UNT_054_reseq
1e-05	1e-05	1e-05	0.806096	0.193864	1e-05	UNT_008_reseq
1e-05	1e-05	1e-05	0.851045	0.148915	1e-05	UNT_009_reseq
0.158284	1e-05	1e-05	0.607385	0.234301	1e-05	UNT_004_reseq
1e-05	1e-05	1e-05	0.600588	0.399372	1e-05	UNT_002_reseq
1e-05	1e-05	1e-05	0.629415	0.370545	1e-05	UNT_018_reseq
0.248904	1.3e-05	0.060742	0.690321	1e-05	1e-05	UNT_029_reseq
0.052831	1e-05	0.09262	0.854519	1e-05	1e-05	UNT_030_reseq
0.2068	1e-05	1e-05	0.741332	1e-05	0.051838	UNT_037_reseq
0.194973	1e-05	0.042833	0.762165	1e-05	1e-05	UNT_046_reseq
0.221856	0.008227	1e-05	0.749802	0.014538	0.005567	UNT_035_reseq
0.173813	0.042489	1.2e-05	0.783666	1e-05	1e-05	UNT_042_reseq
0.004632	0.028334	1e-05	0.967005	1e-05	1e-05	UNT_044_reseq
1e-05	0.17047	1e-05	0.82949	1e-05	1e-05	UNT_045_reseq
0.018763	1e-05	0.050967	0.93024	1e-05	1e-05	UNT_043_reseq
0.117184	0.022446	1.2e-05	0.815154	1e-05	0.045194	UNT_047_reseq
0.215353	1e-05	1e-05	0.60248	1e-05	0.182138	UNT_053_reseq
0.201929	0.058118	1e-05	0.632711	1e-05	0.107221	UNT_055_reseq
0.22382	0.161631	1e-05	0.614519	1e-05	1e-05	UNT_032_reseq
0.375997	1e-05	1e-05	0.560098	1e-05	0.063875	UNT_033_reseq
1e-05	1.3e-05	0.999947	1e-05	1e-05	1e-05	CAMPUB_057
1e-05	1.6e-05	0.302168	0.697787	1e-05	1e-05	UNT_025_new
0.01393	1e-05	0.694919	0.061818	0.06868	0.160644	CAMPUB_169
0.00783	1e-05	0.649628	0.045578	0.0387	0.258255	CAMPUB_226
0.018274	1e-05	0.704548	0.134549	0.00096	0.141658	CAMPUB_077
1e-05	0.036583	0.789326	1e-05	1e-05	0.17406	CAMPUB_172
0.018953	1e-05	0.771211	0.035627	1e-05	0.174188	CAMPUB_182
1e-05	0.001377	0.806013	1e-05	1e-05	0.19258	CAMPUB_031
0.244305	0.016229	0.330627	1e-05	1e-05	0.408819	CAMPUB_276
0.004843	1e-05	0.59155	0.040601	0.009462	0.353533	CAMPUB_038
1e-05	1e-05	0.596337	1e-05	0.012264	0.391369	CAMPUB_039
1e-05	0.009448	0.583963	1e-05	1e-05	0.406559	CAMPUB_049
0.003605	0.011589	0.601964	1e-05	1e-05	0.382822	CAMPUB_052
1e-05	0.058968	0.719312	0.075026	1e-05	0.146674	CAMPUB_221
1e-05	0.049896	0.82402	1e-05	0.029806	0.096257	CAMPUB_045
0.002472	0.061497	0.410271	0.00139	0.023847	0.500522	CAMPUB_277
0.091426	1e-05	0.372013	0.063474	0.078745	0.394332	CAMPUB_036
1e-05	1e-05	0.802659	0.038364	1e-05	0.158947	CAMPUB_203
1e-05	1e-05	0.359418	0.02772	0.008317	0.604525	CAMPUB_209
1e-05	0.007573	0.397928	1e-05	0.022136	0.572344	CAMPUB_098
1e-05	0.411945	0.026363	1e-05	1e-05	0.561662	CAMPUB_099
1e-05	0.203205	0.203629	0.017956	0.019884	0.555315	CAMPUB_237
0.031454	0.056808	0.478083	1e-05	0.037638	0.396007	CAMPUB_157
0.016858	0.012393	0.290489	1e-05	1e-05	0.68024	CAMPUB_136
1e-05	0.418276	0.143287	1e-05	1e-05	0.438407	CAMPUB_211
1e-05	1e-05	0.74747	1e-05	1e-05	0.25249	CAMPUB_212
1e-05	1e-05	0.447197	1e-05	1e-05	0.552763	CAMPUB_008
1e-05	1e-05	0.600251	1e-05	1e-05	0.399709	CAMPUB_040
1e-05	0.369622	0.085686	1e-05	0.239146	0.305526	CAMPUB_096
1e-05	0.319826	0.199013	1e-05	0.255234	0.225907	CAMPUB_101
0.015982	0.432941	0.1903	0.079989	0.049542	0.231246	CAMPUB_205
1.1e-05	0.567666	0.36666	1e-05	0.037439	0.028213	CAMPUB_219
0.019196	0.566489	0.376546	1e-05	0.037749	1e-05	CAMPUB_220
0.003759	0.534838	0.206319	0.122801	1e-05	0.132273	CAMPUB_164
1e-05	0.495557	0.364584	1e-05	1e-05	0.139829	CAMPUB_196
1e-05	0.423868	1e-05	0.075592	1e-05	0.50051	CAMPUB_192
1e-05	0.496205	1e-05	0.007876	1e-05	0.495889	CAMPUB_258
1e-05	0.467488	1e-05	0.08195	1e-05	0.450532	CAMPUB_195
1e-05	0.384352	1e-05	0.086426	1e-05	0.529192	CAMPUB_246
1e-05	0.459839	1e-05	0.048341	1e-05	0.49179	CAMPUB_162
0.016203	0.623377	1e-05	7.1e-05	1e-05	0.360329	CAMPUB_233
1e-05	0.529826	1e-05	1e-05	1e-05	0.470134	CAMPUB_242
0.008481	0.698118	0.13121	1e-05	1e-05	0.16217	CAMPUB_131
1e-05	0.99995	1e-05	1e-05	1e-05	1e-05	CAMPUB_067
1e-05	0.99994	1.9e-05	1e-05	1.2e-05	1e-05	CAMPUB_068
1e-05	0.99995	1e-05	1e-05	1e-05	1e-05	CAMPUB_236
1e-05	0.99995	1e-05	1e-05	1e-05	1e-05	CAMPUB_229
1e-05	0.999949	1e-05	1e-05	1.1e-05	1e-05	CAMPUB_256
1e-05	0.99995	1e-05	1e-05	1e-05	1e-05	CAMPUB_253
1e-05	0.99995	1e-05	1e-05	1e-05	1e-05	CAMPUB_063
1e-05	0.99995	1e-05	1e-05	1e-05	1e-05	CAMPUB_240
0.305696	1e-05	1e-05	1e-05	0.242063	0.452211	CAMPUB_154
0.256108	6.3e-05	0.397516	1e-05	0.084861	0.261443	CAMPUB_147
0.329506	1e-05	0.390685	1e-05	1e-05	0.279779	CAMPUB_078
0.260749	1e-05	0.489715	1e-05	1e-05	0.249506	CAMPUB_149
0.250607	1e-05	1e-05	1e-05	1e-05	0.749353	CAMPUB_210
0.239808	1e-05	0.174565	1e-05	1e-05	0.585597	CAMPUB_161
0.384782	1.2e-05	1e-05	1e-05	1e-05	0.615176	CAMPUB_138
0.410119	1.2e-05	1e-05	1e-05	1e-05	0.58984	CAMPUB_243
0.399932	1.3e-05	1e-05	1e-05	1e-05	0.600025	CAMPUB_145
0.384092	1e-05	1.4e-05	1e-05	1e-05	0.615864	CAMPUB_180
0.373749	1e-05	1e-05	1e-05	1e-05	0.626211	CAMPUB_116
0.281906	1.2e-05	1.7e-05	1e-05	1e-05	0.718045	CAMPUB_174
0.286335	0.428602	1e-05	1e-05	1e-05	0.285032	CAMPUB_193
0.149513	0.401747	0.108	1e-05	1e-05	0.34072	CAMPUB_194
0.190336	0.195356	0.19084	1e-05	0.167534	0.255924	CAMPUB_085
0.207177	1e-05	1e-05	1e-05	0.484411	0.308382	CAMPUB_091
0.009685	0.012778	0.335913	1e-05	0.049333	0.592281	CAMPUB_074
1e-05	0.020618	0.584934	0.004305	0.033333	0.3568	CAMPUB_152
1e-05	1e-05	0.364032	1e-05	0.047637	0.5883	CAMPUB_110
0.02149	1e-05	0.328031	0.02651	0.045844	0.578116	CAMPUB_123
1e-05	1e-05	0.432951	0.031935	0.10426	0.430834	CAMPUB_029
1e-05	1e-05	0.443468	0.06047	0.092973	0.403069	CAMPUB_030
0.027366	0.243788	0.231139	0.065304	1e-05	0.432394	CAMPUB_175
0.071684	0.014968	0.293721	0.056277	0.005769	0.557581	CAMPUB_266
0.049465	0.007795	0.295795	0.038788	0.016685	0.591473	CAMPUB_268
0.147361	1.3e-05	1e-05	0.181496	1e-05	0.67111	CAMPUB_260
0.065718	1e-05	1e-05	0.127149	1e-05	0.807102	CAMPUB_273
1e-05	1e-05	1e-05	1e-05	1e-05	0.99995	CAMPUB_135
0.135505	1e-05	1e-05	0.077837	1e-05	0.786628	CAMPUB_168
0.130264	1e-05	0.003637	1e-05	1e-05	0.866069	CAMPUB_187
0.072149	1e-05	0.044206	1e-05	1e-05	0.883616	CAMPUB_270
0.002632	1e-05	0.094311	0.122566	1e-05	0.780471	CAMPUB_206
1e-05	1e-05	0.092987	0.058627	1e-05	0.848357	CAMPUB_201
1e-05	1e-05	1e-05	0.061201	1e-05	0.938759	CAMPUB_159
1e-05	1e-05	1e-05	1e-05	1e-05	0.99995	CAMPUB_058
1e-05	1e-05	0.161072	1e-05	0.020315	0.818582	CAMPUB_146
0.043859	1e-05	1e-05	1.1e-05	1e-05	0.9561	CAMPUB_148
1e-05	1e-05	1e-05	1e-05	1e-05	0.99995	CAMPUB_155
1e-05	0.009969	0.130716	0.029892	0.294736	0.534677	CAMPUB_084
1e-05	1e-05	0.362169	1e-05	0.059786	0.578015	CAMPUB_271
1e-05	1e-05	0.299324	0.012669	0.033716	0.654272	CAMPUB_150
0.031593	0.020588	0.077261	1e-05	1e-05	0.870538	CAMPUB_066
1e-05	0.03704	0.153048	1e-05	0.029179	0.780713	CAMPUB_072
1e-05	0.514397	1e-05	0.066865	1e-05	0.418708	CAMPUB_167
1e-05	1e-05	0.101403	1e-05	0.030751	0.867816	CAMPUB_080
1e-05	0.070176	0.248956	1e-05	0.041894	0.638954	CAMPUB_251
1e-05	0.530655	1e-05	1e-05	1e-05	0.469305	CAMPUB_248
0.00394	1e-05	1e-05	0.027893	1e-05	0.968137	CAMPUB_264
1e-05	0.37933	1e-05	1e-05	1e-05	0.62063	CAMPUB_070
1e-05	0.33621	1e-05	1.5e-05	1e-05	0.663745	CAMPUB_081
1e-05	0.155551	1e-05	1e-05	1e-05	0.844409	CAMPUB_269
1e-05	1e-05	1.1e-05	1e-05	1e-05	0.999949	CAMPUB_061
1e-05	1e-05	1e-05	1e-05	1e-05	0.99995	CAMPUB_137
0.038676	1e-05	1e-05	0.125986	1e-05	0.835308	CAMPUB_153
1e-05	0.073901	1e-05	0.22508	1e-05	0.700989	CAMPUB_272
0.006254	0.001643	0.467625	0.120469	0.048567	0.355442	CAMPUB_259
0.097469	0.019091	0.315437	0.268985	0.045199	0.253819	CAMPUB_261
0.006114	0.163915	1e-05	0.137827	0.342266	0.349867	CAMPUB_200
1e-05	0.074017	0.341388	0.101096	0.236114	0.247375	CAMPUB_134
1e-05	0.038653	0.377119	0.02497	0.466935	0.092313	CAMPUB_165
1e-05	0.273539	0.224895	0.112539	0.389007	1e-05	CAMPUB_087
1e-05	0.55751	1e-05	1e-05	0.44245	1e-05	CAMPUB_198
1e-05	1e-05	1e-05	1e-05	0.549245	0.450715	CAMPUB_089
1e-05	1e-05	1e-05	0.051473	0.502918	0.445578	CAMPUB_112
1e-05	1e-05	1e-05	1e-05	0.591219	0.408741	CAMPUB_092
1e-05	1e-05	1e-05	1e-05	0.560807	0.439153	CAMPUB_114
0.005536	1e-05	0.371193	0.06753	0.555721	1e-05	CAMPUB_199
0.005401	1e-05	0.291212	1e-05	0.562403	0.140964	CAMPUB_250
1e-05	0.466146	1e-05	1e-05	0.533814	1e-05	CAMPUB_232
1e-05	0.411253	1e-05	1e-05	0.588707	1e-05	CAMPUB_095
1e-05	1e-05	0.36299	1e-05	0.585655	0.051325	CAMPUB_088
1e-05	1e-05	0.450819	1e-05	0.549141	1e-05	CAMPUB_090
1e-05	1e-05	1e-05	1e-05	0.67046	0.3295	CAMPUB_119
0.055657	1e-05	1e-05	0.258684	0.6764	0.00924	CAMPUB_086
1e-05	1e-05	1e-05	0.135701	0.864259	1e-05	CAMPUB_231
1e-05	0.27853	1e-05	1e-05	0.72143	1e-05	CAMPUB_235
1e-05	1e-05	1e-05	1e-05	0.99995	1e-05	CAMPUB_028
1e-05	1e-05	1e-05	1e-05	0.99995	1e-05	CAMPUB_033
1e-05	1e-05	1e-05	1e-05	0.99995	1e-05	CAMPUB_170
1e-05	1e-05	1e-05	1.3e-05	0.999947	1e-05	CAMPUB_241
1e-05	1e-05	1e-05	1e-05	0.99995	1e-05	CAMPUB_073
1e-05	1e-05	1e-05	1e-05	0.99995	1e-05	CAMPUB_228
1e-05	1e-05	1e-05	1e-05	0.99995	1e-05	CAMPUB_234
1e-05	1e-05	1e-05	1e-05	0.99995	1e-05	CAMPUB_104
1e-05	1e-05	1.5e-05	1e-05	0.999945	1e-05	CAMPUB_108
1e-05	1e-05	1e-05	1e-05	0.99995	1e-05	CAMPUB_083
1e-05	1e-05	1e-05	1e-05	0.99995	1e-05	CAMPUB_239
1e-05	1e-05	1e-05	0.145489	0.338668	0.515813	CAMPUB_151
1e-05	1e-05	1e-05	0.052483	0.549984	0.397502	CAMPUB_230
1e-05	1e-05	1e-05	0.071648	0.389358	0.538965	CAMPUB_214
1e-05	1e-05	1e-05	0.006197	0.502731	0.491041	CAMPUB_247
0.105314	0.007713	0.230694	1e-05	0.321147	0.335122	CAMPUB_156
0.00945	1e-05	0.219002	1e-05	0.290953	0.480575	CAMPUB_158
0.043072	0.004663	0.257726	0.126138	0.167565	0.400835	CAMPUB_079
1e-05	0.020878	0.529048	0.019503	1e-05	0.430551	CAMPUB_255
0.004729	1e-05	0.768409	1e-05	0.007249	0.219594	CAMPUB_056
0.053169	1.1e-05	0.51895	1e-05	1e-05	0.42785	CAMPUB_223
0.020177	0.030193	0.638929	1e-05	1e-05	0.310681	CAMPUB_225
1e-05	1e-05	0.844027	1e-05	0.026634	0.129308	CAMPUB_218
1e-05	1e-05	0.60552	1e-05	0.042913	0.351536	CAMPUB_025
0.020256	1e-05	0.806167	1e-05	1e-05	0.173547	CAMPUB_111
1e-05	0.01601	0.866964	1e-05	1e-05	0.116996	CAMPUB_007
1e-05	1e-05	0.766891	1e-05	1e-05	0.233069	CAMPUB_252
0.051886	1e-05	0.803045	1e-05	1e-05	0.145039	CAMPUB_197
0.082943	1e-05	0.80971	0.041316	1e-05	0.06601	CAMPUB_244
1e-05	1e-05	0.99995	1e-05	1e-05	1e-05	CAMPUB_278
1e-05	1e-05	0.54184	0.45812	1e-05	1e-05	UNT_057
0.004016	1e-05	0.601351	0.13237	1e-05	0.262243	CAMPUB_216
1e-05	0.313288	0.686672	1e-05	1e-05	1e-05	CAMPUB_257
1e-05	1e-05	0.876805	0.005296	0.052168	0.065712	CAMPUB_035
1e-05	1e-05	0.99995	1e-05	1e-05	1e-05	CAMPUB_204
1e-05	1e-05	0.99995	1e-05	1e-05	1e-05	CAMPUB_055
1.1e-05	1e-05	0.999949	1e-05	1e-05	1e-05	CAMPUB_173
0.014787	1e-05	0.635281	0.021444	0.049105	0.279372	CAMPUB_124
0.005602	0.008025	0.665703	1e-05	0.168228	0.152432	CAMPUB_207
1e-05	1e-05	0.749206	1e-05	0.162417	0.088347	CAMPUB_160
1e-05	1e-05	0.7832	0.001848	0.139147	0.075785	CAMPUB_171
1e-05	1e-05	0.779876	1e-05	0.156771	0.063324	CAMPUB_262
1e-05	0.112357	0.658878	0.132583	0.096162	1e-05	CAMPUB_041
1e-05	1e-05	0.761717	0.088093	0.129267	0.020903	CAMPUB_120
