0	137848	138578	150267	148762	150640	147051	150669	145383	152038	145920	144417	140152	148660	145072	145123	146341	143878	138380	132026	155638	154584	149445	148481	149081	144585	154126	147066	147367	147033	151987	149080	150600	151430	154853	146513	148309	150017	158800	149888	144772	150491	134196	150194	151476	143372	149433	149725	151260	144859	146835	146514	149103	132179	149699	148538	153796	148830	145732	148370	145639	148929	146010	148814	147411	154101	154974	153696	148712	151197	154653	149386	151117	155607	148839	157497	154502	153426	146900	142900	146591	157114	146735	150967	151979	150354	145555	152882	154737	142967	147876	145730	147918	144880	152214	147583	153066	149309	150101	153950	152574	144673	153893	143261	132439	148101	149105	156163	153189	140583	135565	155671	153559	144656	147027	155180	146111	132236	150232	149497	133404	146290	148362	147955	136706	135102	142115	147341	149009	154519	158449	146682	151702	147193	146930	147367	149757	145297	148537	147688	152322	152938	132342	154486	152392	154795	140289	149493	129709	148508	139709	150076	143732	150252	149489	163715	156251	146177	156016	148192	150333	155872	150316	150226	161475	157813	151493	143969	134971	187950	178325	180187	178532	178677	174069	175067	178765	178163	182046	179058	177984	180589	180061	174472	177777	173396	178864	184710	188084	190147	188293	185518	176030	166149	175538	182129	175506	172997	178394	182203	178630	185498	176526	176080	176772	168383	178795	181676	175528	175648	181175	177148	178966	177535	180285	185210	186859	180714	183188	176769	153589	181568	177990
137848	0	137723	157236	148878	150759	148451	159678	154881	149872	150764	142628	120349	161170	143168	144135	147578	152241	148648	143381	136754	134264	150172	136042	147228	145123	140877	137006	151221	138991	162849	151691	154915	143675	142154	150344	147806	146445	172439	159568	148839	147283	145067	144072	146213	147697	136196	144896	142352	139238	145973	144949	140343	139887	152852	146167	140722	151242	158663	145707	145065	148739	143214	134388	129846	139018	136646	139477	138047	152826	144002	151613	142491	161218	147267	155165	152728	142599	145695	142117	141856	150656	150701	140251	152021	155931	147337	154953	149611	154006	155308	150989	154395	154633	132808	149540	139707	151957	141243	156556	151277	142760	154908	144560	137511	150038	158064	162041	132996	149786	149069	154987	143345	147631	145361	144840	131880	127974	153442	158882	145046	146965	150254	157232	141786	142766	147827	149865	145268	156989	172901	145713	152339	149198	152516	145402	142278	148091	149371	154363	146255	141201	147854	155363	153246	150316	138330	146178	142281	153214	147665	149697	146593	148897	154922	162734	168311	152682	146538	144231	142670	143309	140673	145284	159872	153180	153332	139815	152903	190591	194332	195649	191011	191240	188938	190587	192363	192383	197095	191296	193289	195535	195238	191161	193159	189829	194595	196613	189443	191229	190725	187895	193595	185692	192405	197475	193705	182658	194949	185004	187249	189283	188344	188781	190866	184109	191125	188740	188696	190195	191450	192497	188906	187318	190302	194406	193033	196076	192714	191026	176254	185725	191848
138578	137723	0	149722	135547	140358	146631	149021	143941	146287	146392	143372	147705	147073	151007	143386	146222	142569	140246	139497	145930	146864	148309	138822	148928	144002	148188	136738	145857	134835	154664	147305	146408	143933	148799	144381	141543	147837	156396	145141	143196	146648	141935	146477	144135	144654	150397	147368	148416	148927	144388	144286	136838	117647	148779	144135	144732	142829	143208	138046	146560	149762	140890	141960	146794	144158	149178	146432	136322	146501	145445	150960	140780	152013	142306	152443	149360	144998	148879	145237	147709	153987	143550	147332	151462	154038	146148	152991	152274	143314	146469	141666	153874	143410	145313	144274	147045	156718	142353	149684	148529	141956	154834	138843	137480	148793	145798	154731	144528	147549	143138	147414	147038	144829	147174	148762	146162	141350	150473	143867	143055	148777	151546	151332	135720	136585	142167	145340	145706	146353	158490	144656	149438	145055	145838	146766	140557	141087	147877	144152	146046	145976	144543	150394	153367	147403	143277	149530	140367	152263	141645	149152	142785	148818	136120	152688	154651	140982	144784	139117	140247	144272	136299	137600	153561	145336	149885	141456	144175	186620	180591	184101	179489	181318	177196	182302	180420	180644	185097	181402	182461	184731	184733	175222	180679	176533	180693	195505	190546	190915	186809	183711	176332	178969	180031	188823	179242	155307	184222	179522	181307	182522	178248	178391	179326	178991	178015	182711	176662	176793	183242	180958	182523	178724	181327	187115	185951	184684	185283	180352	164177	180475	181605
150267	157236	149722	0	148187	149371	156182	101832	147753	151939	154986	155808	160112	149461	156657	155564	155379	147205	153059	150203	168192	164924	159197	160747	158076	156309	162848	157274	102385	154075	157756	158802	147734	159590	160652	101011	142961	151964	120636	134134	123922	130587	123145	134839	127046	125110	147373	158486	159737	145133	103864	104003	154431	151554	130891	128282	161953	120992	144459	155146	152616	160749	143574	161597	160550	162494	166707	164427	161111	152489	164996	156515	156011	140825	153521	163424	149744	164224	140812	152986	143127	165869	146188	160302	163875	157957	130434	160957	161009	147364	103767	145517	161303	147041	163622	157510	164060	162042	160940	165118	161660	158087	162726	154588	154040	133274	123827	140838	164516	151100	148649	154501	164101	144887	157611	161422	157657	151317	139227	153311	149623	153212	154286	158989	153822	154376	150658	102680	160055	127020	106742	127210	159209	103145	117544	154250	156851	99462	158758	100561	158230	162706	155122	162055	133041	162350	124508	157464	152253	159716	156759	159390	149184	161477	151596	164554	156461	144743	162768	154778	153942	162539	160214	152919	161345	163814	161741	157005	149561	189293	129825	155047	145235	168421	160293	175278	146365	150863	183983	172498	164272	172579	172663	171350	160036	170493	131534	188748	190179	192451	189135	186263	168621	173653	170630	182911	171051	183135	178925	181546	177782	182728	168457	170554	180000	178210	166632	182678	172827	174370	168913	177018	177582	178925	175317	170618	188610	158021	185794	161154	165041	184308	177117
148762	148878	135547	148187	0	94266.2	149962	146815	140639	146177	148497	147893	157526	147885	154871	146469	148415	146820	144908	147814	152107	147192	151024	141615	150007	145042	148358	142207	145662	138727	154927	147754	150611	142842	146994	144038	141191	148776	150421	147386	146850	145993	148371	146850	141065	149156	152460	148049	143864	152009	145357	145014	138226	144305	146839	143793	144063	143021	141701	135873	147302	150094	145809	141170	152593	142605	151254	147546	146972	146787	145124	147188	139375	149956	146876	152613	147745	143322	147645	150796	150577	155735	145083	150057	153881	148957	145791	149358	149760	141504	145525	139989	157826	146862	148581	147651	146677	160397	139218	152470	147158	145755	150817	143045	152916	144874	144755	148304	148069	146885	148106	145921	153240	144638	144245	144907	150277	144958	149289	145198	144238	146983	149217	155225	141171	146225	145461	145938	148586	145543	154459	147399	149078	144930	146372	150016	142679	140809	150576	142739	147662	145839	155624	148901	149493	143329	148923	144286	148898	151152	148901	150705	145056	146222	136790	151237	150885	140966	142149	142414	138846	143132	136780	138087	147462	144889	148685	145155	152089	183877	177054	175915	179676	180981	178936	181708	180076	178268	185104	178192	180289	180143	180035	178136	179232	181715	178212	197083	189521	193223	183791	180465	172847	183504	177587	191372	178511	182957	184245	177462	180081	179333	176958	175093	179981	182912	178252	180171	173115	178323	183050	183028	177932	178912	177849	185171	184194	182039	182461	180714	170222	176021	179997
150640	150759	140358	149371	94266.2	0	151761	149191	143511	147817	151194	150491	156553	149114	154285	149570	150120	147748	146056	146998	152875	149238	153845	145525	151985	149727	150702	147269	147188	143416	155235	152085	151866	146820	149526	146538	144547	149097	152945	149856	148797	147272	149982	148560	143645	151450	153334	150028	145301	152565	147596	147004	141402	147453	150785	147267	147609	147562	143948	139283	149773	152756	148111	144431	153519	146112	151936	149516	149553	150108	148853	150085	142189	152803	148665	153618	150204	146908	147621	151073	151210	155147	146232	150553	155695	151604	146218	152167	149412	144013	146663	142783	157879	148243	149981	150489	149528	160685	142930	156282	150245	147904	152049	145930	154784	146742	146563	151123	150772	148164	149575	148010	154548	145813	147138	148635	152021	147887	151945	148073	146668	149410	150804	157469	144997	148371	147319	147256	152806	149463	155627	150312	152585	146642	149585	151656	145825	145558	153505	146428	150385	148820	156735	152335	150833	147220	150463	147066	152341	153435	152216	153344	146723	148481	141304	153186	153272	144898	146593	147671	143155	147045	142042	140879	152068	148079	152278	148689	153891	181869	175700	174223	177914	178676	176660	179572	178089	176423	183124	176388	178283	178343	177999	176197	177764	179906	176513	191487	185233	188101	182389	179172	171239	177070	174936	185282	175508	180742	181764	175736	177767	177595	175283	173435	177588	178592	175997	178761	171733	176242	180911	180106	175941	177325	176114	182284	182653	179655	181174	178905	170561	174648	178581
147051	148451	146631	156182	149962	151761	0	156839	152925	153698	147995	144462	152211	153454	146570	143827	145568	151827	148596	129287	156150	156438	156707	152019	154393	153137	156663	150719	152921	151176	147974	153750	155625	155844	156991	152105	154125	151652	164870	157700	150646	152408	148308	154506	153388	153866	155326	152314	153308	152057	150707	150488	147839	148597	158834	153075	157767	153628	150133	154642	155173	159875	152272	152753	153381	157252	157535	157701	153885	156741	158741	158214	150408	162490	153211	163024	162019	156986	154688	152024	155534	161039	149198	157226	159238	157073	150568	162377	160199	148464	153918	149604	140799	152934	154857	152702	157158	146145	155820	160735	159185	150535	159891	145952	150868	154903	155095	163664	157772	152433	150400	157986	160901	144770	150028	159007	152935	148977	160152	157902	147226	150001	152156	144565	139532	149892	146686	152291	153545	158168	166573	152038	158840	151576	154308	153023	152419	150434	155994	153538	154778	157186	156320	158248	160291	159209	152520	155899	148110	157465	151246	155826	151485	154643	153920	166385	166970	147013	160960	150917	150250	158149	152712	151497	162174	160405	135738	145727	151955	193900	185648	184000	185704	186517	183488	180889	186562	185973	176228	183559	188609	183256	183439	186118	186397	183414	185592	187026	192651	193441	194623	191587	181209	165794	182871	187713	181332	187563	187091	187078	186178	190331	185487	185616	184549	180308	184419	187733	182927	182295	188181	187472	184509	186043	186678	191948	192781	188614	192579	185915	171210	188508	181531
150669	159678	149021	101832	146815	149191	156839	0	146882	151449	155018	157064	163810	148576	159879	156796	156090	147917	153684	152758	171167	167377	159166	160742	159470	156653	164405	157296	101791	153706	157352	155843	146347	159702	161501	101178	142415	153539	115696	132575	124543	131080	124067	135813	127285	124773	149649	160440	161009	147366	104843	105581	155218	150539	128948	127318	161613	118568	143523	154495	152127	160079	143864	162691	163405	163686	169227	165560	162582	150843	164971	155906	155856	138175	154179	162713	148027	164250	141741	154770	144100	167663	147841	162248	163813	156813	131998	159824	161459	145922	102280	144771	163210	146922	166462	156930	164239	163214	160304	163481	161092	158268	162977	154234	153425	132954	121855	138144	164594	151075	148099	154600	164310	145090	157297	160494	159667	151713	137296	151382	148876	153574	153783	159036	153281	154957	150662	103146	159967	124824	103250	127214	159431	103214	116714	155027	157117	98810.9	159185	97990.9	158625	163572	154001	160476	133110	161405	124338	158141	151533	160310	156680	159469	149327	161363	148885	162501	153486	144655	161593	152200	153093	162269	159346	153582	158878	162404	160259	157522	147948	187576	126738	152767	142583	166972	159094	173993	143744	148181	182541	170182	162136	170719	170847	169319	157633	168812	128586	190355	191076	193474	187989	184577	166424	176131	170151	185049	169963	182049	177754	179647	176139	181153	166138	168453	178577	179310	164725	181252	170318	172846	167611	175505	175579	177114	173224	169592	187109	156098	184224	159452	162572	182496	175554
145383	154881	143941	147753	140639	143511	152925	146882	0	152006	153904	154227	159342	148588	152166	153413	154619	119993	148240	141164	164255	160721	155852	154129	155328	151077	158224	154940	146256	146102	156077	154001	151729	153901	156840	144646	151614	152233	150527	151571	136667	150282	144736	155741	148009	148604	157036	151876	155200	152385	145835	146358	150796	147567	149449	149894	157420	146667	143421	148384	148582	157245	149169	155906	157203	157203	162237	159392	155295	151971	158874	138849	154306	154929	139875	162978	156471	158697	152553	152950	153497	163263	145572	157458	161577	153438	147277	158164	160385	126299	144631	139135	157685	120081	160651	154115	159207	158441	156135	157746	156867	150205	158210	146517	150544	150435	135749	157180	160286	140423	132025	156066	163959	143935	151655	156020	157104	143407	153816	138860	144002	150037	151857	154741	147436	146754	132890	145924	156171	153455	153104	148805	156672	146109	148544	155789	151477	142420	156046	143908	155583	158333	153055	157339	155573	155338	148507	149958	145223	157389	154616	157230	132926	155259	147354	161276	153921	141413	156623	149721	146791	158188	153113	145186	158390	157107	157336	149798	134042	190442	174418	173812	179072	179499	177027	182105	176775	177687	186313	182623	180559	180679	180750	178309	178121	179742	175064	190750	193947	196187	190659	187309	174439	174166	173346	185753	172523	184772	160426	183611	184513	188096	177467	174270	173493	182571	164071	185496	171320	175949	182603	182466	177322	180914	180555	187632	190142	180045	187226	179031	152686	185784	183067
152038	149872	146287	151939	146177	147817	153698	151449	152006	0	152253	154437	156138	155625	159399	153843	152798	153858	148739	151784	156111	153114	156345	147144	156541	153677	152932	149156	152091	147742	153125	148391	149893	149786	152316	151551	149113	153846	154475	153464	152581	149304	152994	152908	147637	155895	156558	152648	150606	154082	153767	153583	142139	147249	152405	149087	146123	146354	152545	147409	151917	155588	154371	147221	153358	150033	153090	150573	151899	149421	148177	151926	146862	150874	150355	149925	150027	149855	150517	148893	150214	152379	154106	151507	154148	151868	154631	154134	147244	145563	150240	149808	159074	153862	150045	149540	149694	159043	145007	153373	153023	149874	154052	147803	148700	153195	150830	156699	151459	147855	152847	150028	150230	150475	146184	147836	153692	151713	150285	149290	149713	150676	151345	158070	145513	150406	148431	152167	158015	149606	155517	152398	153385	152393	151201	153920	149527	151200	156164	150577	150798	149000	153592	152364	154441	151140	151578	151135	150753	157739	151907	157599	152858	150453	151108	148166	154336	149842	148961	143183	138780	149993	143001	150284	151733	147600	154135	151507	154021	173664	172953	172071	171841	176239	173324	175703	174577	173669	179335	174076	175307	176628	176581	172802	173989	174938	173668	188398	176819	180358	174136	171006	171835	172579	175407	185140	174634	174104	178356	168076	171103	172695	173504	169585	174428	171985	175046	171861	168346	172605	174368	176790	170339	172146	172111	179350	174295	178390	174714	172683	167824	168521	172303
145920	150764	146392	154986	148497	151194	147995	155018	153904	152253	0	108309	155688	156018	155453	108770	110322	155138	148424	148577	155542	154819	153164	146190	154400	149765	153602	148651	153009	151287	154011	151146	152148	149606	153331	152216	152391	155883	160336	156035	152275	153412	151357	155087	152171	151584	157084	153943	151260	152049	153273	153111	147425	150186	153045	149100	151638	148586	152291	149892	154918	155581	152880	149616	155200	151791	156832	153704	151842	152746	151720	156290	149288	156049	154869	156775	156009	150697	153166	149868	152772	157390	152335	154671	154953	154294	153746	154294	155349	148651	153193	149494	150344	155846	153148	151261	153605	154505	149266	156985	155079	150266	155669	148921	150745	154048	155680	157116	154435	153237	152987	155666	157379	150162	151371	152359	153254	150378	152262	152348	150163	151103	153066	150118	146107	150300	151278	153130	152854	153559	161511	150336	154064	153254	152002	151682	150494	150057	153300	151528	151253	153210	154162	155823	155920	154603	151661	154223	146718	155231	150709	154394	153410	151647	150277	158829	159777	151259	152068	148674	147966	151433	145291	149036	154373	154890	151661	148294	155252	186966	181579	181143	181685	184798	181798	175623	183627	183372	178892	178327	182927	182816	182754	181499	184158	182270	182118	193238	189850	190192	187433	183753	179314	179410	182651	192529	182695	183818	186277	177989	179634	182363	180976	180547	180816	180965	184529	173678	177819	182083	186148	183816	182364	180979	181650	188747	185094	185684	183689	180627	172822	181057	148531
144417	142628	143372	155808	147893	150491	144462	157064	154227	154437	108309	0	147186	155271	146096	101291	105956	153570	147289	141597	145531	144021	150830	142057	149724	147215	148167	142659	150132	148839	156753	156165	155860	146233	148937	149214	149360	147844	168060	158844	147336	149943	148078	149299	150435	149075	149032	148253	147301	142687	145399	144352	141043	150901	155329	148416	149973	149219	154042	148932	154417	155420	148968	144349	146413	145735	147191	148978	145131	154996	151710	154846	146416	160225	152171	159886	159843	147973	151211	146697	149660	156356	146753	148939	155090	157735	148029	156200	157162	151960	153214	149267	145969	155299	143595	152012	150525	153647	148958	158452	153722	145990	157323	146581	151974	151232	157671	161189	153612	153289	152345	156743	157562	146729	149476	152969	146478	144925	154082	156813	148840	148798	153025	151057	146297	148522	151436	149220	148912	157056	168535	145353	153284	148571	151339	148439	149412	146622	150246	151224	147367	149845	157607	157267	155025	154957	149785	149252	147047	152525	149114	153987	150178	151554	152279	165416	166786	150410	152277	151352	149202	149395	144475	144071	160238	157031	154336	143230	157547	193404	188571	188614	188716	190894	188532	183519	190024	190053	185527	184959	190508	189920	190238	188465	191320	188653	188928	194814	192865	194207	193576	190753	185383	182220	187811	194198	187762	190414	192410	185955	186836	189151	189053	187174	188560	185039	190991	180667	185528	188908	192681	190540	188769	189361	188639	194074	192554	190760	191256	186712	177080	188280	156517
140152	120349	147705	160112	157526	156553	152211	163810	159342	156138	155688	147186	0	160565	144331	149599	151562	154447	150273	139523	141499	142904	153859	146066	153260	152607	149144	146756	154606	151466	163204	158369	159228	153464	151006	154547	153075	147767	177360	164558	151290	152812	145820	150239	154699	151158	139848	151877	149156	140989	149478	148403	150463	144641	158855	155069	152400	158666	160194	156561	146949	148990	147439	144890	124892	150220	142885	148059	144765	158209	154456	155240	154248	165315	154578	160922	160287	153106	147376	143339	142865	154011	151564	145183	156425	160907	149682	160656	155135	159242	158987	156891	154175	157366	139903	155067	148606	150920	151712	162331	159645	150263	158142	149778	136015	152818	161963	169641	144882	152514	148886	161526	149824	150533	150813	156159	133128	130412	158429	166375	144504	154879	157240	160918	148197	144966	153732	153210	152677	166462	175960	152423	156934	152423	157481	150780	153033	154625	151991	159940	150926	150493	140099	159162	157193	158777	143249	153731	142143	153592	151370	155673	154064	153897	162955	169953	171788	156768	159440	155699	150444	155007	152158	152062	169164	161948	161621	148456	157216	192005	192656	192466	190603	189290	188061	188684	190906	191625	194977	191014	192860	194692	194299	188939	190521	187195	192867	189982	185987	187550	192525	190256	191944	174812	189820	188947	188818	183063	191459	188335	188198	191920	189336	188147	188846	179533	191949	189279	188277	190539	191294	191829	186397	187547	188605	193946	192950	193539	192808	190184	177721	187976	190786
148660	161170	147073	149461	147885	149114	153454	148576	148588	155625	156018	155271	160565	0	154859	154537	155356	142503	151668	143523	163014	164868	156274	161988	158307	156371	163154	154725	147789	154204	158731	159963	159669	157755	160845	147142	152997	156567	156159	151272	148259	155888	148146	157497	155216	153230	153243	149142	162129	155056	148034	147736	155712	153868	156192	155254	165404	152918	137496	154462	145187	154655	152113	162982	158578	163044	166411	165330	157132	152756	160491	153511	154770	153749	149030	163191	162268	161128	154414	155469	155727	161942	141618	163463	158474	157924	146617	159118	164267	150942	147295	144218	159032	143378	164223	160353	165572	161350	163786	159820	163948	159217	160961	150890	153702	152556	149577	158755	160755	150248	144305	150757	162058	148028	158101	166225	155465	147331	156561	146661	145389	155044	155812	159605	153532	151861	150597	147645	155387	152195	153722	150538	157320	147388	150066	155250	156153	146054	155245	146518	156517	164552	154938	157074	154094	161752	149078	154015	151168	153372	152519	155797	149370	161150	149442	163957	157421	141355	162331	158457	158088	162786	161309	154939	162128	160121	163283	156632	148110	187591	168391	168688	172836	173695	171427	175597	172130	171688	178080	176261	174254	176611	175717	171437	173610	172306	168573	182217	187854	186575	187524	185349	151966	167458	163286	173215	165792	176270	173797	182303	177265	181444	173885	174801	174231	174254	170742	180067	173350	167602	174354	173795	171873	173698	172819	178809	182493	171380	180390	173041	160639	183517	176765
145072	143168	151007	156657	154871	154285	146570	159879	152166	159399	155453	146096	144331	154859	0	147572	150552	148187	152080	133558	151634	153888	158675	155956	152703	154549	158635	151401	150951	153326	158916	165867	164657	156408	157760	151025	157105	151433	174684	162598	148598	153917	144296	151277	155006	149829	146929	147567	153409	144576	145304	144215	151083	152916	161553	156627	161593	160507	151826	156897	154085	160743	150479	154622	149476	159856	153229	158112	153079	161799	162534	159326	154707	170504	154492	170720	169117	160094	153170	148313	151554	162997	145704	153906	163348	162085	146246	168499	165152	152448	155018	149401	148167	150948	151987	158147	158397	153115	160612	167219	163438	153987	163130	149101	154864	153143	158249	170160	160535	155029	149973	161639	164057	144725	155279	165430	148367	144285	164434	160910	149862	154526	156880	146135	151875	149122	147897	149553	154194	164902	172333	151691	163663	148632	154786	152904	154514	149608	157220	155565	158876	159934	159656	166612	159357	162853	150956	153747	150856	157096	156043	157895	151421	160335	157943	178896	172450	152180	166578	161849	158014	164174	162064	153976	176337	169940	165439	143221	153657	201697	190059	191621	190450	191952	188844	190640	190205	190931	192482	193138	192877	187876	187952	192996	193157	189446	190189	146186	195988	195890	201753	199785	187649	171929	184688	184225	182447	192400	188049	196600	193854	199205	191433	191511	190503	183438	189154	197339	190625	188145	194701	192620	191419	194187	192943	195599	201121	191878	200361	190212	174386	196508	190969
145123	144135	143386	155564	146469	149570	143827	156796	153413	153843	108770	101291	149599	154537	147572	0	91027.5	153646	148594	142388	146194	146064	150520	141230	149166	146001	147696	142307	150971	147391	156327	154111	154751	145785	148986	149917	149714	149360	165855	155734	148657	150376	149212	150388	150666	149412	149721	147054	147196	145878	147568	146998	142658	149869	153122	148476	148408	149201	151934	147921	152627	155397	149915	144339	147713	147035	147644	148182	145072	152312	150151	154010	145528	157726	151491	158419	156998	146311	149715	148988	149230	155242	149216	148381	153017	157842	148651	154847	156372	150797	153830	149284	148513	155090	144682	149453	149108	154643	147692	156628	152675	145419	156212	145854	151447	151606	158068	160202	152988	153713	152575	155262	156466	147576	149174	151083	146626	145995	154415	155199	149601	149389	152257	150604	146166	148528	149387	150441	147434	155261	167376	147344	151917	149699	151317	146914	146954	147560	149761	151780	146749	148420	157586	155654	155901	153161	151002	149333	145912	152559	148781	151419	150048	150375	150707	163564	164728	151086	151497	148573	147964	149002	144232	145814	158118	155827	153719	143602	156850	191030	187455	186545	187032	189702	187284	181770	189371	189173	184308	182546	188594	187396	187783	187434	189040	187383	188173	194425	191607	192811	191135	188413	183300	181095	187128	194542	187291	188005	191549	183555	184551	186982	187391	186038	185883	183296	189826	179002	183525	187300	190669	188894	186953	186743	186363	192187	190279	189979	188973	186004	177029	185844	153301
146341	147578	146222	155379	148415	150120	145568	156090	154619	152798	110322	105956	151562	155356	150552	91027.5	0	154203	149102	144315	150239	150182	152034	143867	151498	148482	150608	146419	151995	149796	154153	153207	153539	148528	151110	151538	151040	152190	162847	154830	150771	151955	150759	152257	151197	150546	152750	150086	149652	149508	150808	150205	145426	150462	153511	149941	150141	150242	151073	149339	153246	155610	151749	147734	151039	149380	151387	150499	148483	152626	151863	155070	147436	156344	153050	156784	155462	148766	149881	150153	150826	155444	151105	150734	153753	156747	150378	154950	154402	150593	153538	150420	149353	155365	148215	149956	150584	154811	148710	156091	153500	147565	155260	147411	151407	152375	157282	158799	153971	153752	152678	154423	156025	148488	150623	151560	149241	148766	154152	154650	149491	150440	152245	150827	146714	150344	149362	151922	150481	155046	164492	148957	152755	151544	152397	148643	148270	150332	151554	152735	149129	150229	156198	155967	156109	153657	151302	152125	146979	154124	150041	152205	150966	150956	150234	161002	161675	152100	152184	149117	148132	151138	146243	147766	157072	155767	153127	146024	156706	187875	183875	183287	183867	186133	183781	178174	186086	186324	181300	179364	185350	184530	184392	184524	185492	184436	184575	191517	188460	189880	187951	184981	179878	177519	183453	191966	184047	185005	188473	179831	181415	184061	183709	182692	182170	179979	186402	175471	180311	183827	187254	185323	183765	183502	183005	188996	186985	186672	185702	182379	175448	182631	150400
143878	152241	142569	147205	146820	147748	151827	147917	119993	153858	155138	153570	154447	142503	148187	153646	154203	0	145356	141365	162577	162768	157511	156168	155764	153827	161421	156693	145582	149308	155790	157648	156343	158364	160324	144949	151388	153596	156076	151963	135779	153778	143444	155030	150322	148594	156384	149954	157575	150341	144691	144073	149320	146157	154731	150333	160702	150968	140585	151612	143718	159236	147707	157933	157258	162188	162059	160972	156735	151715	163436	133491	152804	157872	130515	164759	159205	161605	149704	152407	152120	163390	141663	156955	161496	156130	143854	162125	160850	141702	145917	139397	155356	98146	158993	157285	160404	156712	160436	160981	160732	151802	161713	147551	148561	149758	134069	160424	162603	134486	119157	154241	162569	142729	157201	160848	155500	136256	155422	129242	141836	150179	151470	154209	148472	145707	146281	144912	156974	155597	154910	148880	159959	144601	147941	155195	153566	144240	157176	144906	157812	160852	152654	160150	156882	162091	146023	151739	149271	157871	155298	157399	122578	158582	150402	165527	158848	137869	163256	153948	152474	163236	157125	147824	164556	162186	161053	150003	123036	192118	174582	176863	179173	178195	175668	180628	176883	177472	187058	182266	181029	180526	180043	176193	178998	177643	175348	184843	191509	192652	192761	190003	172099	171422	169343	177621	170053	182217	159903	185490	184924	190142	177928	177892	181291	179730	157511	187306	177202	175201	182378	181153	177089	181472	179258	185197	191946	178429	190512	179758	142955	188105	183477
138380	148648	140246	153059	144908	146056	148596	153684	148240	148739	148424	147289	150273	151668	152080	148594	149102	145356	0	140366	155222	155324	155582	149196	150680	150893	154889	152491	150907	147919	154704	154009	153543	153820	155853	150354	151072	150583	159145	153988	149954	151927	142843	153101	152349	151146	156424	150280	150188	152731	150401	150129	144171	139089	156485	149614	154005	150364	147930	152077	148060	154958	149907	151116	151831	154347	155816	154647	154062	152153	155352	152511	150496	156999	147173	158609	157028	153930	148691	146424	151714	158551	146467	152786	154747	154112	149620	158836	155781	146942	151118	147995	151629	146191	152630	151066	153984	155228	152043	158395	154662	148876	157588	144986	144210	152397	150073	160870	155311	147315	141480	153358	156958	146003	149740	155861	152305	143735	154240	151551	142108	148935	151418	151740	143089	142441	150371	150331	154190	154517	161238	149191	154889	150373	150363	150644	153904	149047	155092	150574	153992	154842	145330	158223	156859	157400	147921	151898	143309	154538	148395	155444	145172	152160	149944	161184	159103	144836	157794	148655	147600	156420	149429	149487	160839	155650	157053	149438	143805	189107	181344	181330	180915	185407	179731	182879	183665	183462	183533	182913	183292	182508	182450	167912	184247	170593	181668	190382	189348	190805	189156	186783	176650	172140	179405	186630	178800	181150	184732	181850	181907	186609	182430	176738	180581	178422	182674	184165	175207	179696	185536	183573	181248	181934	181040	186302	188609	184258	187242	179838	162505	183938	179763
132026	143381	139497	150203	147814	146998	129287	152758	141164	151784	148577	141597	139523	143523	133558	142388	144315	141365	140366	0	150643	152732	151336	154753	147901	146712	156722	149932	145682	151244	148292	160095	156382	154282	155077	145835	150570	145972	165221	151624	142132	150017	135629	150118	151949	144915	142796	147694	150350	142144	141054	140013	145410	142349	157937	152265	160137	154382	141503	152847	149219	156330	146057	152737	144315	157365	153464	157743	149533	156158	159610	156269	150877	161265	148255	165089	164327	158453	148612	140029	146192	158749	139566	150236	157787	151607	140740	161208	158997	130319	147455	144191	141376	143591	150547	147908	158117	145976	157372	159365	159437	146830	158335	138577	142338	147296	150028	164927	158016	146054	140488	155047	159351	137295	150251	162321	144930	141723	159175	153997	139647	150439	152994	146369	143460	138848	126003	143902	150073	156252	163687	144312	157868	143271	147677	145293	153100	144684	150032	149286	151485	158365	147456	160538	155092	159673	145971	152068	139590	149555	145626	153483	144079	153172	151831	170290	164675	144945	164876	153617	148476	161367	155689	147295	168828	162563	161203	145833	144393	193812	179638	180923	180194	180635	176745	179421	179415	180338	181659	181478	183130	180216	179503	179103	181776	175327	179696	170146	184554	183786	194506	192565	173705	111904	173667	165633	169760	180267	172836	188370	182403	190454	181726	180465	173213	166932	179950	186535	178670	177561	181681	180557	180318	183897	183618	187033	191971	180516	190840	177046	164681	187238	178836
155638	136754	145930	168192	152107	152875	156150	171167	164255	156111	155542	145531	141499	163014	151634	146194	150239	162577	155222	150643	0	126729	147148	134214	147107	148606	132542	130810	161684	142713	169580	160048	160300	130639	138101	161605	147728	146124	181616	166987	158662	144275	160664	147353	153774	157924	139687	140655	141958	146130	154855	154109	141982	157684	150564	153416	142375	158676	164729	148367	155866	151062	151089	131655	132745	132979	134161	138049	120042	159667	128587	155097	147360	147526	150801	144352	153593	122820	150400	146963	141004	121784	155784	140246	137576	160824	155420	152158	148083	161448	165972	161185	158358	165478	130249	154034	139494	162757	142611	137895	150324	143369	145869	148734	158765	154470	167957	161783	131753	161109	165191	153796	134815	157183	145343	145110	135115	147098	144984	163699	159813	154980	158761	166977	149135	151429	154324	160097	145127	153392	184198	156145	148108	158937	163231	148389	144269	159866	145767	166246	140822	141062	166896	141584	145242	146989	156142	144274	155724	149976	149709	150749	157204	137876	159327	157620	172196	160366	142623	150728	149720	137709	139753	146295	155279	146662	156547	142256	171212	189857	202835	200753	199271	197923	198711	195168	201113	199743	196497	198554	197361	202774	202888	196324	199783	197186	202850	203466	187985	186186	189952	187544	196884	191076	200635	201773	200618	188868	201330	184667	188396	183887	194973	191345	189442	186213	197982	188987	191872	194756	195386	193015	193733	188305	195033	197352	167578	202405	179001	197193	192283	186018	194548
154584	134264	146864	164924	147192	149238	156438	167377	160721	153114	154819	144021	142904	164868	153888	146064	150182	162768	155324	152732	126729	0	140111	129021	142427	142824	113125	127354	157682	141047	170185	159526	156269	125744	110823	157434	136468	142066	178315	165069	154996	149902	157997	143700	149071	153993	139689	138784	135508	140798	151554	150943	138799	158177	155550	149746	141258	154080	166008	145826	155621	148566	150606	129237	131999	97526.9	132786	136851	136669	159587	135550	154648	125817	158710	146535	138179	155797	131484	147068	148163	148431	142836	156146	138319	145003	159086	152123	131915	146202	159199	162570	158297	157897	165291	131611	139017	138047	163466	139817	151131	144996	138740	148298	149948	160005	151558	167202	158223	138043	160311	167120	149729	148605	153174	144432	126028	133549	146992	157264	160068	158727	148455	152344	166457	146913	148966	153867	156165	139327	155073	180691	150948	141981	155306	159156	142113	141996	155707	138622	161731	134981	139160	167128	149441	150306	126860	154933	121534	155868	145992	147453	144883	153060	144454	159342	154759	171245	161022	121822	148796	145146	109859	139613	127929	139423	144826	157200	142280	171438	189310	200307	198342	197931	199044	197719	196296	199749	200022	195257	196356	194854	201885	201710	197660	199860	199723	200509	205253	188423	183535	189755	187580	196638	193333	201482	202517	201380	191667	200590	179958	184727	178927	195509	188541	186473	182873	198766	187786	188747	194854	195639	193524	194689	190165	195088	196041	186674	200220	179692	191623	192455	184586	194310
149445	150172	148309	159197	151024	153845	156707	159166	155852	156345	153164	150830	153859	156274	158675	150520	152034	157511	155582	151336	147148	140111	0	143090	126750	115350	128625	138550	155723	145090	164726	154766	155901	144705	132044	154487	145734	145479	165654	143959	153022	158128	153919	153969	153993	136911	136125	148601	141855	142299	154809	154351	149962	155450	151631	150592	152041	150655	157538	151105	153868	122845	150039	145741	147512	137459	153581	150973	149470	152438	145451	152004	149024	152991	148349	148755	156176	145271	150813	150824	150512	152467	157601	152340	131377	139725	154047	124691	154024	154682	156487	157830	159969	158489	150676	146837	150264	162591	148408	134252	135933	135434	137181	136842	154421	134193	163061	151396	148086	157982	157679	140419	152742	154232	150585	148047	131157	149251	153164	155995	153541	133462	136225	159101	148196	147465	156794	155830	111730	152750	167896	134715	117141	155181	146683	115112	143597	152661	93943.7	154981	119659	149346	156448	138094	150847	126576	153864	142767	148994	110864	146959	115176	143264	131091	153741	156851	160337	157833	141554	149013	147674	133315	146061	150984	145984	150478	153733	145101	159629	190161	189029	188668	187568	186649	186430	185584	186282	186738	187725	185147	168190	189247	189209	188334	187324	185745	190007	202128	193734	191359	190485	187388	185352	187248	192662	201602	191861	184838	190865	181944	169091	180442	182178	184092	182830	182941	191426	185588	179658	184416	182558	168454	186855	179445	186176	193335	185579	187610	173547	175416	179389	185297	187556
148481	136042	138822	160747	141615	145525	152019	160742	154129	147144	146190	142057	146066	161988	155956	141230	143867	156168	149196	154753	134214	129021	143090	0	143811	140992	132517	126885	155775	136999	162856	147110	145321	133280	135562	154926	140968	146773	165934	158455	151696	146486	155973	144408	142027	151065	147824	139432	133920	143691	153292	152853	135686	148479	146611	140993	133563	145547	160376	137457	152033	146976	148893	126077	139597	127762	136123	134319	134442	149465	133112	146229	137684	153288	150356	140845	145267	129861	144963	143513	142982	142499	154843	138705	143503	150794	152883	141848	140442	151824	158003	153697	157180	157301	131232	143104	134523	160381	130611	143745	140233	135568	146389	143838	151252	150622	156143	153734	138965	151639	157942	150632	143570	151267	137745	133806	137328	143234	145058	148417	152057	146585	149383	158212	137641	141271	147737	155123	141950	153138	170715	148535	142297	154764	154252	142286	133361	152303	143213	155906	138765	134277	156405	142499	150979	138024	149746	141539	147776	148178	145273	145465	150729	139453	147351	147143	159058	153457	130595	138121	136529	130079	126950	138855	145856	139521	143934	135512	160991	179852	191973	188073	188958	189901	189666	182268	191365	191050	191425	188857	187794	192836	193217	186198	189063	189489	192861	202880	183812	170448	180002	176976	190637	192203	193152	202966	194322	183624	191915	155425	177910	173984	184988	178105	182090	181539	189678	179521	180277	189172	191583	187898	184043	183056	185091	189439	178884	192924	179056	186611	180772	173883	183662
149081	147228	148928	158076	150007	151985	154393	159470	155328	156541	154400	149724	153260	158307	152703	149166	151498	155764	150680	147901	147107	142427	126750	143811	0	112095	131758	145926	154482	146671	161797	158829	155719	148034	137568	153436	148588	144598	168654	152843	153133	152148	150382	150867	152203	138200	142624	149310	131727	137513	151554	151106	146038	154249	155071	151055	150382	153663	156569	148199	156040	136007	148392	145915	148937	143344	151490	151486	146153	156451	150519	157751	147407	163212	152079	155231	156780	148886	151179	148064	154051	153149	153339	147743	137567	136123	150641	142287	154944	153411	156389	155560	154592	156920	146863	149052	151934	161895	149004	144017	139484	131279	141664	131666	156892	134994	160174	157221	152380	158411	157691	144085	157779	151052	149888	151657	136349	149983	157969	157898	155449	135060	137236	159432	150255	148704	152334	153406	122127	158705	169460	133677	138029	152916	144466	115721	141684	152091	126415	155811	138388	151919	159676	143368	155174	135711	155989	145660	153786	120994	156174	125199	137708	137078	153051	164692	162255	156836	148970	151312	150530	140863	148092	147752	155061	156227	155890	147601	160208	191610	188975	189050	186715	185365	183622	185912	187863	187558	191328	186501	171173	186122	186238	186115	189243	184667	189258	196563	191765	189898	191811	189366	184961	183246	189415	194777	188856	188866	190271	181974	169042	183234	182342	181360	185626	180208	186920	187834	182520	184676	182269	170697	190759	181873	187525	192681	187664	185706	180704	173968	179247	185211	188384
