V1	V2	V3	V4	V5	accession
0.215125	0.405232	1e-05	0.071123	0.30851	UNT_010_reseq
0.084762	0.593552	0.075603	0.03983	0.206253	CAMPUB_077
0.040747	0.675962	0.019924	0.11062	0.152746	CAMPUB_172
0.045098	0.671437	0.039008	0.056266	0.188191	CAMPUB_182
0.03782	0.630854	0.076578	0.05603	0.198719	CAMPUB_031
0.024811	0.26977	0.005256	0.038514	0.66165	CAMPUB_276
0.079458	0.637039	0.021383	0.114683	0.147436	CAMPUB_221
0.07783	0.311719	1e-05	0.143368	0.467072	CAMPUB_277
0.188625	0.209519	0.182254	0.035322	0.38428	UNT_035_reseq
0.331738	0.276535	0.036079	0.056081	0.299567	UNT_042_reseq
0.453667	1e-05	0.185841	0.169657	0.190825	UNT_044_reseq
0.33674	0.046159	0.026011	0.519287	0.071803	UNT_045_reseq
0.289983	0.410685	0.031323	0.099021	0.168989	UNT_043_reseq
0.281118	0.198874	1e-05	0.132614	0.387385	UNT_047_reseq
0.615231	0.16649	0.011657	1e-05	0.206612	UNT_007_reseq
0.99996	1e-05	1e-05	1e-05	1e-05	UNT_011_reseq
0.99996	1e-05	1e-05	1e-05	1e-05	UNT_013_reseq
0.999955	1e-05	1e-05	1.5e-05	1e-05	UNT_014_reseq
0.697683	0.221226	1e-05	1e-05	0.08107	UNT_015_reseq
0.767347	0.232623	1e-05	1e-05	1e-05	UNT_017_reseq
0.479725	0.05754	0.435261	0.027464	1e-05	CAMPUB_165
0.552283	1e-05	0.367181	0.080516	1e-05	UNT_054_reseq
0.474764	1e-05	0.525206	1e-05	1e-05	UNT_008_reseq
0.622792	1e-05	0.377178	1e-05	1e-05	UNT_009_reseq
0.708759	1e-05	0.116904	0.030341	0.143986	CAMPUB_134
0.8899	1e-05	1e-05	1e-05	0.11007	UNT_034_reseq
0.82799	1e-05	0.17198	1e-05	1e-05	UNT_006_reseq
0.99996	1e-05	1e-05	1e-05	1e-05	UNT_005_reseq
0.813477	1e-05	0.186493	1e-05	1e-05	UNT_016_reseq
1e-05	0.424753	0.072421	0.056864	0.445953	CAMPUB_157
0.050838	0.301738	0.163494	0.0391	0.444831	CAMPUB_079
0.005239	0.120383	0.287186	0.33536	0.251832	CAMPUB_101
0.069509	0.512284	0.232925	0.032584	0.152698	CAMPUB_207
1e-05	0.183581	0.288983	0.065965	0.461461	CAMPUB_158
1e-05	1e-05	0.390539	1e-05	0.609431	CAMPUB_214
0.160986	0.068453	0.301254	0.469298	1e-05	UNT_012_reseq
1e-05	1e-05	0.498252	0.501718	1e-05	CAMPUB_232
0.278702	0.084849	0.231863	0.332247	0.072339	UNT_056_reseq
0.038586	0.105552	0.408597	1e-05	0.447255	CAMPUB_156
0.18647	0.063943	0.391301	1e-05	0.358277	UNT_052_reseq
1e-05	1e-05	0.401711	0.221969	0.376301	CAMPUB_200
1e-05	1e-05	0.387805	0.02286	0.589315	CAMPUB_151
1e-05	1e-05	0.584523	1e-05	0.415447	CAMPUB_230
1e-05	1e-05	0.480557	1e-05	0.519413	CAMPUB_247
0.069039	0.218631	0.396993	0.315326	1e-05	CAMPUB_087
1.3e-05	1e-05	0.486159	0.513808	1e-05	CAMPUB_198
0.003891	1e-05	0.586561	1e-05	0.409528	CAMPUB_089
1e-05	1e-05	0.546769	0.009505	0.443706	CAMPUB_112
1e-05	1.9e-05	0.592605	1e-05	0.407357	CAMPUB_092
1e-05	1e-05	0.521636	1e-05	0.478334	CAMPUB_114
0.173428	0.212498	0.517962	1e-05	0.096102	UNT_003_reseq
1e-05	1e-05	0.57813	0.42184	1e-05	CAMPUB_095
1e-05	1e-05	0.625449	0.012465	0.362066	CAMPUB_119
1e-05	0.349127	0.581125	0.005777	0.06396	CAMPUB_088
0.002355	0.425611	0.572014	1e-05	1e-05	CAMPUB_090
0.167987	1e-05	0.636569	1e-05	0.195424	UNT_004_reseq
1e-05	0.384101	0.60577	1e-05	0.010109	CAMPUB_199
1e-05	0.198784	0.640757	1e-05	0.16044	CAMPUB_250
1e-05	1e-05	0.762357	0.237613	1e-05	CAMPUB_235
0.058821	1e-05	0.790593	1e-05	0.150567	CAMPUB_086
0.024123	1e-05	0.975847	1e-05	1e-05	UNT_002_reseq
0.049105	1e-05	0.950865	1e-05	1e-05	UNT_018_reseq
1e-05	0.044914	0.955056	1e-05	1e-05	CAMPUB_170
1e-05	1e-05	0.99996	1e-05	1e-05	CAMPUB_231
1e-05	1e-05	0.99996	1e-05	1e-05	CAMPUB_241
1e-05	1e-05	0.99996	1e-05	1e-05	CAMPUB_234
1e-05	1e-05	0.99996	1e-05	1e-05	CAMPUB_073
1e-05	1e-05	0.99996	1e-05	1e-05	CAMPUB_228
1e-05	1e-05	0.99996	1e-05	1e-05	CAMPUB_083
1e-05	1e-05	0.99996	1e-05	1e-05	CAMPUB_239
1e-05	1e-05	0.99996	1e-05	1e-05	CAMPUB_104
1e-05	1e-05	0.99996	1e-05	1e-05	CAMPUB_108
1e-05	1e-05	0.99996	1e-05	1e-05	CAMPUB_028
1e-05	1e-05	0.99996	1e-05	1e-05	CAMPUB_033
1e-05	0.633793	0.055467	0.021915	0.288815	CAMPUB_124
0.008781	0.77381	0.025028	1e-05	0.192371	CAMPUB_218
0.229736	0.402374	1e-05	1e-05	0.36787	UNT_046_reseq
0.018675	0.709872	0.099403	1e-05	0.17204	CAMPUB_169
0.060381	0.676998	0.04412	1e-05	0.218492	CAMPUB_226
0.022342	0.846455	0.097479	1e-05	0.033713	CAMPUB_035
0.151172	0.806477	1e-05	1e-05	0.042332	UNT_030_reseq
0.231176	0.431142	0.234148	1e-05	0.103523	UNT_039_reseq
0.003893	0.676642	0.005068	1e-05	0.314387	CAMPUB_216
0.041725	0.575571	0.055234	0.327459	1e-05	CAMPUB_257
1e-05	0.99996	1e-05	1e-05	1e-05	CAMPUB_278
0.068053	0.931917	1e-05	1e-05	1e-05	UNT_057
1.2e-05	0.999958	1e-05	1e-05	1e-05	CAMPUB_204
1e-05	0.999959	1.1e-05	1e-05	1e-05	CAMPUB_055
1.1e-05	0.999957	1.2e-05	1e-05	1e-05	CAMPUB_173
1e-05	0.669608	0.143542	0.18485	0.00199	CAMPUB_041
0.220126	0.465707	0.097533	0.1131	0.103534	UNT_024_reseq
1e-05	0.671637	0.248692	0.018032	0.06163	CAMPUB_160
0.075562	0.692589	0.163863	1e-05	0.067977	CAMPUB_171
0.027708	0.705204	0.176914	1e-05	0.090164	CAMPUB_262
0.031765	0.754204	0.160206	0.006056	0.047769	CAMPUB_120
0.26941	0.606091	0.124479	1e-05	1e-05	UNT_026_reseq
0.199719	0.721077	0.079184	1e-05	1e-05	UNT_027_new
0.200024	0.687806	0.112147	1.3e-05	1e-05	UNT_028_reseq
0.018757	0.981206	1e-05	1.7e-05	1e-05	CAMPUB_057
0.137756	0.862214	1e-05	1e-05	1e-05	UNT_025_new
1e-05	0.729899	0.090832	0.126919	0.05234	CAMPUB_045
0.179951	0.674752	0.052769	0.065257	0.027271	UNT_019_new
1e-05	0.699701	0.02841	1e-05	0.271869	CAMPUB_056
0.001676	0.506727	0.007259	0.004088	0.48025	CAMPUB_223
0.023334	0.611341	1e-05	0.05519	0.310126	CAMPUB_225
0.004193	0.591425	0.049994	1e-05	0.354378	CAMPUB_025
1e-05	0.76255	1e-05	1e-05	0.23742	CAMPUB_111
0.118827	0.431418	1e-05	1e-05	0.449735	UNT_029_reseq
1e-05	0.534624	1e-05	0.0666	0.398756	CAMPUB_255
0.01674	0.815428	1e-05	0.050986	0.116836	CAMPUB_007
1e-05	0.78807	1e-05	1e-05	0.2119	CAMPUB_252
0.020734	0.763202	1e-05	1e-05	0.216044	CAMPUB_197
1e-05	0.831756	1e-05	1e-05	0.168214	CAMPUB_244
0.209743	0.371642	0.043219	0.02754	0.347856	UNT_059_reseq
0.016096	0.484027	0.059462	0.052752	0.387663	CAMPUB_038
1e-05	0.474141	0.076311	0.06183	0.387708	CAMPUB_039
1e-05	0.457024	0.048546	0.119056	0.375364	CAMPUB_049
1e-05	0.458647	0.049371	0.116692	0.37528	CAMPUB_052
0.203201	0.344749	0.008041	0.067208	0.3768	UNT_037_reseq
1e-05	0.76276	0.039773	1e-05	0.197447	CAMPUB_203
1e-05	0.308905	0.048611	0.008553	0.633921	CAMPUB_209
0.007162	0.252381	0.062623	0.060955	0.616879	CAMPUB_074
1e-05	0.514216	0.037561	0.083783	0.36443	CAMPUB_152
0.122502	0.403914	0.053212	0.045717	0.374655	CAMPUB_259
0.074915	0.357278	0.086149	0.076681	0.404977	CAMPUB_261
1e-05	0.316511	0.052401	0.007212	0.623866	CAMPUB_123
0.070137	0.353262	0.132865	1e-05	0.443726	CAMPUB_029
0.076331	0.358461	0.129565	1e-05	0.435633	CAMPUB_030
0.068068	0.046142	0.293268	0.07515	0.517371	CAMPUB_084
0.022499	0.325974	0.130793	1e-05	0.520724	CAMPUB_271
1e-05	0.681743	0.035878	1e-05	0.28236	CAMPUB_212
1e-05	0.243641	0.013553	0.066133	0.676663	CAMPUB_136
1e-05	0.082746	0.016122	0.460649	0.440473	CAMPUB_211
1e-05	0.369873	0.012444	1e-05	0.617663	CAMPUB_008
1e-05	0.554059	1e-05	1e-05	0.445911	CAMPUB_040
0.024777	0.052904	0.220739	0.446239	0.255341	CAMPUB_096
1e-05	0.186756	0.087145	0.483822	0.242267	CAMPUB_205
0.028177	0.242738	1e-05	0.54639	0.182685	CAMPUB_164
0.056117	0.301133	1e-05	0.548396	0.094344	CAMPUB_196
1e-05	0.30825	0.070832	0.53425	0.086658	CAMPUB_219
1e-05	0.307704	0.070882	0.533544	0.087861	CAMPUB_220
1e-05	1e-05	1e-05	0.634968	0.365002	CAMPUB_233
1e-05	1e-05	0.036268	0.537365	0.426347	CAMPUB_242
1e-05	1e-05	1e-05	0.99996	1e-05	CAMPUB_068
1e-05	1e-05	1e-05	0.99996	1e-05	CAMPUB_067
1e-05	1e-05	1e-05	0.99996	1e-05	CAMPUB_236
1e-05	1e-05	1e-05	0.99996	1e-05	CAMPUB_229
1e-05	1e-05	1e-05	0.99996	1e-05	CAMPUB_256
1e-05	0.086313	1e-05	0.732737	0.180929	CAMPUB_131
1e-05	1e-05	1e-05	0.99996	1e-05	CAMPUB_253
1e-05	1e-05	1e-05	0.99996	1e-05	CAMPUB_063
1.1e-05	1e-05	1e-05	0.999959	1e-05	CAMPUB_240
0.024382	0.333398	0.100866	1e-05	0.541345	CAMPUB_036
1e-05	0.308373	0.077251	0.021905	0.592462	CAMPUB_110
0.054745	0.252012	0.008731	0.026977	0.657535	CAMPUB_266
0.075923	0.24352	0.010241	0.040629	0.629687	CAMPUB_268
0.093715	0.248901	0.105677	0.030576	0.52113	CAMPUB_147
0.310633	0.179717	0.067694	1e-05	0.441947	UNT_050_reseq
1e-05	0.460776	0.026093	1e-05	0.51311	CAMPUB_149
1.7e-05	0.139574	1e-05	0.396958	0.463441	CAMPUB_194
0.048357	0.317987	1e-05	0.003334	0.630312	CAMPUB_078
0.01165	1.1e-05	0.234902	1e-05	0.753428	CAMPUB_154
0.194663	0.089144	1e-05	0.000274	0.715909	UNT_040_reseq
1e-05	1.3e-05	1e-05	0.439845	0.560123	CAMPUB_193
0.027462	0.135179	0.014604	1e-05	0.822745	CAMPUB_161
1e-05	1e-05	1e-05	1e-05	0.99996	CAMPUB_210
1.1e-05	1e-05	1e-05	1e-05	0.999959	CAMPUB_116
1e-05	1e-05	1e-05	1e-05	0.99996	CAMPUB_174
1e-05	1e-05	1e-05	1e-05	0.99996	CAMPUB_243
1.4e-05	1e-05	1.1e-05	1e-05	0.999955	CAMPUB_138
1.2e-05	1e-05	1e-05	1e-05	0.999958	CAMPUB_145
1e-05	1e-05	1e-05	1e-05	0.99996	CAMPUB_180
0.046262	1.3e-05	1e-05	1e-05	0.953705	UNT_020_new
0.065107	1e-05	1e-05	1e-05	0.934863	UNT_023_reseq
0.074835	1e-05	1e-05	1e-05	0.925135	UNT_001_reseq
0.07476	1e-05	1e-05	1e-05	0.92521	UNT_022_reseq
1e-05	0.144265	0.201213	0.169526	0.484986	CAMPUB_085
1e-05	1e-05	0.462546	1e-05	0.537424	CAMPUB_091
1e-05	0.329718	0.037354	0.059201	0.573718	CAMPUB_098
1e-05	1e-05	1e-05	0.409957	0.590013	CAMPUB_099
1e-05	0.13462	0.04378	0.230241	0.591349	CAMPUB_237
1e-05	1e-05	1e-05	0.535026	0.464944	CAMPUB_192
1e-05	1e-05	1e-05	0.493342	0.506628	CAMPUB_162
1e-05	1e-05	1e-05	0.558205	0.441765	CAMPUB_195
1e-05	1.1e-05	1e-05	0.538275	0.461694	CAMPUB_258
1e-05	1e-05	1e-05	0.403718	0.596252	CAMPUB_246
1e-05	0.207361	0.028636	0.004573	0.75942	CAMPUB_146
0.017024	0.07349	1e-05	1e-05	0.909467	CAMPUB_201
0.011873	0.120021	1e-05	0.01722	0.850876	CAMPUB_206
1e-05	1e-05	1e-05	0.023896	0.976074	CAMPUB_058
1e-05	1e-05	1e-05	1e-05	0.99996	CAMPUB_159
0.088297	1e-05	1e-05	1e-05	0.911673	UNT_053_reseq
1e-05	1e-05	1e-05	0.037714	0.962256	CAMPUB_066
0.099963	1e-05	1e-05	0.027616	0.872401	UNT_021_new
0.142387	1e-05	1e-05	1e-05	0.857583	UNT_031_reseq
1e-05	0.002386	1e-05	1e-05	0.997584	CAMPUB_187
0.093377	1.2e-05	1e-05	1e-05	0.90659	UNT_058_reseq
0.030799	1e-05	1e-05	1e-05	0.969171	CAMPUB_260
1e-05	0.06034	1e-05	1e-05	0.93963	CAMPUB_273
1e-05	0.060947	1e-05	1e-05	0.939023	CAMPUB_270
1e-05	1e-05	1e-05	1e-05	0.99996	CAMPUB_135
1e-05	0.032665	1e-05	0.015749	0.951566	CAMPUB_168
1e-05	0.110022	0.058962	0.118753	0.712252	CAMPUB_072
1e-05	0.237266	0.04004	0.035438	0.687246	CAMPUB_150
1e-05	1e-05	1e-05	0.577995	0.421974	CAMPUB_167
0.086954	1e-05	1e-05	0.24788	0.665145	UNT_055_reseq
1e-05	1e-05	1e-05	0.584806	0.415164	CAMPUB_248
0.048455	1e-05	0.040075	0.11968	0.79178	CAMPUB_272
1e-05	1e-05	1e-05	1e-05	0.99996	CAMPUB_264
1e-05	1e-05	1e-05	0.395974	0.603996	CAMPUB_070
1e-05	1e-05	1e-05	0.375497	0.624473	CAMPUB_081
1e-05	1e-05	1e-05	0.155753	0.844217	CAMPUB_269
1.1e-05	1e-05	1e-05	0.000171	0.999798	CAMPUB_061
1e-05	1.5e-05	1e-05	1e-05	0.999955	CAMPUB_137
1e-05	1e-05	1e-05	0.020674	0.979296	CAMPUB_148
1e-05	1e-05	1e-05	0.085476	0.914494	CAMPUB_153
1e-05	1e-05	1e-05	1e-05	0.99996	CAMPUB_155
1e-05	0.07867	0.079102	0.01021	0.832008	CAMPUB_080
1e-05	0.235305	0.063335	0.150179	0.551171	CAMPUB_251
0.031769	0.297178	1e-05	0.252734	0.418309	CAMPUB_175
0.161132	0.367817	1e-05	0.120077	0.350964	UNT_038_new
0.206251	1e-05	1e-05	0.436579	0.35715	UNT_032_reseq
0.144257	1e-05	1e-05	0.049853	0.80587	UNT_033_reseq
