0.097809 0.000010 0.000010 0.097818 0.804313 0.000010 0.000010 0.000010 0.000010
0.000010 0.000010 0.000017 0.435804 0.564119 0.000010 0.000010 0.000010 0.000010
0.013918 0.000010 0.000010 0.236381 0.389104 0.000010 0.030523 0.246904 0.083139
0.000010 0.000010 0.000010 0.000010 0.000010 0.000010 0.999920 0.000010 0.000010
0.035161 0.000010 0.000010 0.296109 0.000010 0.000010 0.047227 0.456494 0.164968
0.084922 0.005775 0.000010 0.279326 0.000010 0.000010 0.041596 0.436676 0.151675
0.434588 0.000010 0.000010 0.371892 0.137683 0.000010 0.000010 0.055787 0.000010
0.000010 0.000010 0.000010 0.000010 0.000010 0.000010 0.999920 0.000010 0.000010
0.000010 0.000010 0.000010 0.000010 0.000019 0.000010 0.000010 0.999911 0.000010
0.130424 0.000010 0.066764 0.245753 0.120728 0.000010 0.081237 0.160073 0.195001
0.523828 0.000010 0.000010 0.476102 0.000010 0.000010 0.000010 0.000010 0.000010
0.453028 0.000010 0.000010 0.546899 0.000010 0.000010 0.000010 0.000013 0.000010
0.000010 0.000010 0.000010 0.259662 0.740268 0.000010 0.000010 0.000010 0.000010
0.177711 0.025670 0.000010 0.020901 0.000010 0.110145 0.093090 0.546624 0.025839
0.430347 0.000010 0.000010 0.380088 0.073387 0.000010 0.020458 0.095679 0.000010
0.462320 0.000010 0.000010 0.537610 0.000010 0.000010 0.000010 0.000010 0.000010
0.498622 0.000010 0.000010 0.501308 0.000010 0.000010 0.000010 0.000010 0.000010
0.000012 0.000010 0.000010 0.000010 0.000010 0.000010 0.000010 0.999918 0.000010
0.164607 0.000010 0.000010 0.209653 0.386084 0.000010 0.000010 0.239606 0.000010
0.497369 0.000011 0.000010 0.272612 0.210661 0.000010 0.000010 0.019307 0.000010
0.000010 0.000018 0.000010 0.581105 0.000010 0.000010 0.000010 0.000010 0.418817
0.000010 0.000010 0.000010 0.665845 0.000010 0.000010 0.000010 0.000010 0.334085
0.000010 0.000010 0.000010 0.000010 0.000010 0.999920 0.000010 0.000010 0.000010
0.007349 0.000010 0.000010 0.572380 0.035501 0.000010 0.000010 0.000010 0.384719
0.000010 0.000010 0.000010 0.000010 0.000010 0.999920 0.000010 0.000010 0.000010
0.000010 0.000011 0.000010 0.000019 0.000010 0.999910 0.000010 0.000010 0.000010
0.000010 0.000010 0.000010 0.376958 0.000010 0.373801 0.000010 0.000010 0.249181
0.042336 0.000010 0.000010 0.532940 0.000010 0.031393 0.023027 0.078669 0.291604
0.000010 0.000010 0.000010 0.000010 0.000010 0.000010 0.999920 0.000010 0.000010
0.010245 0.000010 0.007023 0.401949 0.007487 0.008602 0.010641 0.323038 0.231005
0.456322 0.000015 0.000011 0.197286 0.231310 0.000010 0.029426 0.084040 0.001580
0.116443 0.000010 0.326559 0.266113 0.217949 0.000010 0.000010 0.043598 0.029309
0.001447 0.056155 0.011604 0.183844 0.292629 0.000013 0.186803 0.000010 0.267495
0.000010 0.000010 0.000010 0.488012 0.000010 0.000010 0.000010 0.098514 0.413414
0.000010 0.000015 0.000010 0.396934 0.000010 0.330252 0.000010 0.000010 0.272749
0.000010 0.000010 0.000010 0.000010 0.000010 0.000010 0.999920 0.000010 0.000010
0.000010 0.030433 0.000010 0.342984 0.000010 0.004449 0.268127 0.131666 0.222312
0.000010 0.000010 0.236029 0.321370 0.122832 0.162617 0.157112 0.000010 0.000010
0.000010 0.209296 0.009853 0.000010 0.000010 0.000010 0.630251 0.040010 0.110549
0.000010 0.106360 0.000010 0.000010 0.126407 0.264255 0.363389 0.137526 0.002033
0.000010 0.000010 0.000010 0.096925 0.045705 0.000010 0.583745 0.273575 0.000010
0.000010 0.000010 0.000010 0.218794 0.000010 0.000010 0.544661 0.000010 0.236485
0.000010 0.000010 0.000010 0.000010 0.420001 0.000010 0.579929 0.000010 0.000010
0.000010 0.000010 0.254405 0.313308 0.000010 0.000010 0.432224 0.000013 0.000010
0.000010 0.000010 0.000010 0.235625 0.000010 0.000010 0.578176 0.000010 0.186140
0.000010 0.000013 0.000010 0.000010 0.000010 0.411756 0.588171 0.000010 0.000010
0.000010 0.000010 0.000010 0.205117 0.135842 0.359776 0.226272 0.000010 0.072954
0.098091 0.000010 0.000012 0.417124 0.000010 0.000704 0.000010 0.285451 0.198588
0.066728 0.000010 0.000019 0.389648 0.000010 0.374066 0.000010 0.000010 0.169499
0.128026 0.000019 0.000010 0.287924 0.016221 0.292986 0.239174 0.035631 0.000010
0.000010 0.000010 0.000010 0.000010 0.000010 0.000010 0.999920 0.000010 0.000010
0.000010 0.000010 0.000011 0.000010 0.000012 0.000010 0.999917 0.000010 0.000010
0.141505 0.000010 0.000010 0.485688 0.017065 0.000010 0.030469 0.182014 0.143230
0.000010 0.000010 0.000010 0.000010 0.999920 0.000010 0.000010 0.000010 0.000010
0.000010 0.000010 0.000011 0.149532 0.000010 0.000010 0.529565 0.000010 0.320841
0.000010 0.000010 0.000010 0.256404 0.000010 0.000010 0.546467 0.000010 0.197069
0.000010 0.000010 0.480867 0.519062 0.000010 0.000010 0.000010 0.000011 0.000010
0.000010 0.000010 0.000010 0.185997 0.000010 0.000010 0.656470 0.000010 0.157473
0.202248 0.000018 0.000010 0.067030 0.000010 0.000010 0.112053 0.618611 0.000010
0.074368 0.000010 0.000626 0.380190 0.000010 0.000010 0.019908 0.274418 0.250460
0.000010 0.000012 0.002112 0.160654 0.259680 0.000010 0.020270 0.431692 0.125560
0.000010 0.000010 0.000010 0.000010 0.228655 0.674852 0.000018 0.000010 0.096426
0.000010 0.240565 0.000010 0.318940 0.152506 0.026559 0.170033 0.091367 0.000010
0.000010 0.000013 0.000010 0.615245 0.000010 0.000010 0.000010 0.000010 0.384681
0.000010 0.000010 0.044619 0.454564 0.353732 0.000018 0.000010 0.000010 0.147027
0.000010 0.000019 0.000010 0.582274 0.000010 0.000010 0.000010 0.000010 0.417647
0.000010 0.000019 0.458201 0.541715 0.000010 0.000015 0.000010 0.000010 0.000010
0.000010 0.000010 0.484033 0.515897 0.000010 0.000010 0.000010 0.000010 0.000010
0.000010 0.000013 0.000010 0.455571 0.073347 0.000010 0.015293 0.070308 0.385438
0.000010 0.000010 0.319617 0.257359 0.002629 0.000616 0.044048 0.375702 0.000010
0.000010 0.000010 0.000010 0.475909 0.000010 0.000010 0.000010 0.000010 0.524021
0.000010 0.000010 0.305543 0.258123 0.000019 0.000010 0.000010 0.436265 0.000010
0.061772 0.000010 0.000010 0.456399 0.000010 0.000010 0.000010 0.250249 0.231530
0.000010 0.000010 0.000010 0.126574 0.000010 0.000010 0.407384 0.000010 0.465982
0.000010 0.000010 0.000010 0.242830 0.000010 0.000010 0.000010 0.610411 0.146698
0.000010 0.000012 0.000010 0.351740 0.000010 0.000010 0.000010 0.000010 0.648188
0.000010 0.000010 0.275290 0.250839 0.060799 0.000010 0.210309 0.000010 0.202723
0.000010 0.000010 0.000010 0.494774 0.000015 0.000010 0.000010 0.000010 0.505151
0.051718 0.000010 0.132689 0.283868 0.039960 0.017326 0.301459 0.127656 0.045314
0.230695 0.000010 0.000010 0.360437 0.281685 0.042667 0.032689 0.000010 0.051797
0.045850 0.000014 0.000011 0.272483 0.202980 0.000010 0.287176 0.000010 0.191465
0.000010 0.000010 0.000010 0.360431 0.000010 0.000010 0.000010 0.000010 0.639499
0.162512 0.000016 0.000010 0.187871 0.000010 0.000010 0.129685 0.519876 0.000010
0.039390 0.000010 0.336786 0.539385 0.084381 0.000010 0.000018 0.000010 0.000010
0.000013 0.000010 0.000010 0.172357 0.000010 0.468044 0.000010 0.000010 0.359535
0.061475 0.046642 0.000010 0.033920 0.085093 0.537064 0.000010 0.105294 0.130492
0.000010 0.121874 0.000010 0.213246 0.000010 0.013121 0.434706 0.217012 0.000010
0.000010 0.000010 0.000010 0.134523 0.000010 0.510827 0.000010 0.000010 0.354591
0.040346 0.000010 0.080733 0.398569 0.000010 0.000010 0.000010 0.000010 0.480302
0.234586 0.000010 0.000010 0.157346 0.000011 0.000010 0.052429 0.496131 0.059466
0.021391 0.000010 0.000010 0.000010 0.000010 0.000010 0.978539 0.000010 0.000010
0.127168 0.000010 0.000010 0.142861 0.000010 0.000010 0.090193 0.639727 0.000010
0.510293 0.000010 0.000010 0.388512 0.101135 0.000010 0.000010 0.000010 0.000010
0.000010 0.000010 0.000010 0.000010 0.000010 0.000010 0.000010 0.999920 0.000010
0.000010 0.000010 0.376579 0.623351 0.000010 0.000010 0.000010 0.000010 0.000010
0.142276 0.002811 0.000010 0.273341 0.136790 0.232883 0.000010 0.000010 0.211869
0.000010 0.000010 0.471440 0.528490 0.000010 0.000010 0.000010 0.000010 0.000010
0.421904 0.000011 0.000010 0.273331 0.304688 0.000019 0.000017 0.000010 0.000010
0.000010 0.000010 0.077910 0.499950 0.023628 0.000010 0.000010 0.000010 0.398462
0.000010 0.000010 0.000010 0.127775 0.000010 0.446261 0.000010 0.000010 0.425903
0.000010 0.000010 0.340022 0.264309 0.000010 0.395610 0.000010 0.000010 0.000010
0.000010 0.000010 0.210336 0.336471 0.018569 0.382303 0.000010 0.052281 0.000010
0.000010 0.000010 0.000010 0.131327 0.000010 0.493885 0.000010 0.000010 0.374728
0.071553 0.000010 0.000010 0.124722 0.179317 0.500383 0.000010 0.115135 0.008861
0.000010 0.000015 0.000010 0.000010 0.999915 0.000010 0.000010 0.000010 0.000010
0.000010 0.000010 0.000010 0.000012 0.000012 0.557638 0.442280 0.000017 0.000010
0.000010 0.039611 0.000010 0.000010 0.000010 0.000010 0.523401 0.436928 0.000010
0.000010 0.000010 0.000010 0.051366 0.000010 0.168507 0.402465 0.000010 0.377612
0.000010 0.000015 0.000010 0.385392 0.176471 0.000010 0.000010 0.000010 0.438071
0.021974 0.000010 0.000010 0.069952 0.354250 0.000010 0.000010 0.492627 0.061157
0.000010 0.000010 0.000010 0.000010 0.388080 0.000010 0.000010 0.611850 0.000010
0.010204 0.010366 0.015342 0.095741 0.000010 0.424775 0.029837 0.231556 0.182170
0.000010 0.000012 0.000010 0.281975 0.207678 0.000010 0.000010 0.000010 0.510285
0.226518 0.000010 0.000017 0.265599 0.012686 0.000010 0.142328 0.352822 0.000010
0.134146 0.000010 0.000010 0.397899 0.157118 0.000010 0.009413 0.069599 0.231794
0.000010 0.000010 0.283991 0.500879 0.000010 0.000010 0.000010 0.000010 0.215069
0.000010 0.000010 0.000010 0.318783 0.220783 0.421842 0.000010 0.000010 0.038542
0.000010 0.000010 0.000010 0.209358 0.491963 0.000010 0.000010 0.298619 0.000010
0.000010 0.000010 0.000010 0.171959 0.000010 0.000010 0.420955 0.000010 0.407026
0.000010 0.000010 0.000010 0.050619 0.000010 0.000010 0.000010 0.713111 0.236210
0.000010 0.000010 0.000010 0.069605 0.655581 0.000010 0.004058 0.270706 0.000010
0.086302 0.000010 0.000010 0.108922 0.000010 0.541461 0.023316 0.239959 0.000010
0.109672 0.000010 0.000010 0.073563 0.000010 0.545069 0.018935 0.252720 0.000010
0.389433 0.000010 0.000010 0.230511 0.242549 0.031524 0.006275 0.099678 0.000010
0.144950 0.000010 0.000010 0.303968 0.299105 0.000010 0.000010 0.093340 0.158596
0.113595 0.000010 0.000010 0.251011 0.424191 0.018148 0.000010 0.144493 0.048532
0.288875 0.000010 0.000010 0.260338 0.081848 0.000010 0.021904 0.300691 0.046315
0.000010 0.000010 0.000010 0.000010 0.000010 0.000010 0.999920 0.000010 0.000010
0.000010 0.000010 0.000010 0.000010 0.000015 0.999915 0.000010 0.000010 0.000010
0.000010 0.000010 0.000010 0.085450 0.000010 0.000010 0.588044 0.000010 0.326446
0.000010 0.163704 0.000010 0.000010 0.000010 0.000010 0.836226 0.000010 0.000010
0.000010 0.000010 0.000010 0.000010 0.000010 0.467140 0.532790 0.000010 0.000010
0.000010 0.000010 0.000010 0.158185 0.000010 0.594192 0.000010 0.000010 0.247563
0.000010 0.000010 0.000010 0.000010 0.000010 0.000010 0.999920 0.000010 0.000010
0.000010 0.000010 0.000010 0.000010 0.000010 0.279038 0.720892 0.000010 0.000010
0.000010 0.000010 0.000010 0.000010 0.000010 0.999920 0.000010 0.000010 0.000010
0.043546 0.000010 0.000010 0.358513 0.000010 0.196574 0.000329 0.175020 0.225988
0.000010 0.000010 0.000010 0.000010 0.000010 0.000010 0.999920 0.000010 0.000010
0.000010 0.000010 0.000010 0.000010 0.000010 0.999920 0.000010 0.000010 0.000010
0.000010 0.000010 0.000010 0.000010 0.000010 0.000010 0.999920 0.000010 0.000010
0.000020 0.000013 0.000010 0.258502 0.000010 0.505430 0.000010 0.000010 0.235995
0.000010 0.000010 0.501485 0.498444 0.000010 0.000010 0.000010 0.000010 0.000010
0.000010 0.000010 0.000010 0.000010 0.999920 0.000010 0.000010 0.000010 0.000010
0.000010 0.000011 0.000010 0.179420 0.000010 0.399466 0.000010 0.000010 0.421053
0.000010 0.000010 0.000019 0.162328 0.000010 0.000010 0.510242 0.000010 0.327360
0.000010 0.000014 0.000010 0.224613 0.000010 0.502658 0.000010 0.000010 0.272665
0.000010 0.000020 0.000012 0.044796 0.387635 0.000010 0.567497 0.000010 0.000010
0.023818 0.000017 0.000010 0.406304 0.000010 0.058293 0.000010 0.244748 0.266788
0.000010 0.000010 0.000010 0.031694 0.968236 0.000010 0.000010 0.000010 0.000010
0.000010 0.000010 0.000010 0.000010 0.000010 0.999920 0.000010 0.000010 0.000010
0.000010 0.000010 0.000010 0.202317 0.594257 0.000018 0.000010 0.000010 0.203358
0.000010 0.000010 0.000010 0.000010 0.000010 0.999920 0.000010 0.000010 0.000010
0.000010 0.000010 0.000010 0.016879 0.000010 0.322305 0.000010 0.660756 0.000010
0.000010 0.000010 0.000010 0.180881 0.000010 0.494015 0.000010 0.000010 0.325044
0.067699 0.040953 0.000010 0.217878 0.018385 0.000010 0.030798 0.425774 0.198494
0.000010 0.014103 0.067774 0.254988 0.000010 0.000010 0.000010 0.000010 0.663085
0.027860 0.098052 0.072103 0.049497 0.022553 0.011722 0.031543 0.384464 0.302206
0.102990 0.000010 0.000010 0.123264 0.000010 0.000010 0.121849 0.651847 0.000010
0.000010 0.000010 0.000010 0.478432 0.000010 0.000010 0.000010 0.000010 0.521498
0.015671 0.006436 0.048266 0.311917 0.215981 0.010532 0.005620 0.098240 0.287336
0.065316 0.000010 0.033103 0.370788 0.167204 0.000815 0.018378 0.084513 0.259873
0.000010 0.000010 0.000010 0.471502 0.000010 0.135533 0.000010 0.000010 0.392905
0.000010 0.000013 0.024218 0.525880 0.037006 0.000010 0.000010 0.000010 0.412842
0.064691 0.000010 0.000010 0.427112 0.000010 0.000010 0.005522 0.320411 0.182223
0.000010 0.048901 0.000010 0.288620 0.000010 0.063816 0.006879 0.038160 0.553595
0.000010 0.000010 0.000010 0.381256 0.000010 0.000010 0.000010 0.000010 0.618674
0.143809 0.000010 0.204640 0.346246 0.131801 0.005135 0.000010 0.024305 0.144045
0.182921 0.000010 0.000010 0.417504 0.144541 0.046032 0.021585 0.066630 0.120766
0.000010 0.000010 0.000010 0.000010 0.426244 0.000010 0.000010 0.573686 0.000010
0.000010 0.000010 0.999920 0.000010 0.000010 0.000010 0.000010 0.000010 0.000010
0.000010 0.628726 0.000010 0.000010 0.000010 0.000010 0.371204 0.000010 0.000010
0.160087 0.658959 0.026614 0.000010 0.000010 0.000010 0.116790 0.000010 0.037511
0.000010 0.600570 0.184396 0.000010 0.000010 0.000010 0.214974 0.000010 0.000010
0.000010 0.999920 0.000010 0.000010 0.000010 0.000010 0.000010 0.000010 0.000010
0.000010 0.999920 0.000010 0.000010 0.000010 0.000010 0.000010 0.000010 0.000010
0.197328 0.649534 0.063800 0.000011 0.000018 0.000010 0.000019 0.000010 0.089271
0.000010 0.834144 0.000010 0.000010 0.000010 0.000010 0.165786 0.000010 0.000010
0.000010 0.882021 0.000010 0.000010 0.000010 0.000010 0.117909 0.000010 0.000010
0.396985 0.356673 0.083135 0.000010 0.000010 0.000017 0.000010 0.000010 0.163149
0.078194 0.880383 0.041359 0.000010 0.000013 0.000012 0.000010 0.000010 0.000010
0.070901 0.658679 0.015281 0.000010 0.000010 0.181670 0.000010 0.000010 0.073429
0.147300 0.852607 0.000013 0.000019 0.000017 0.000010 0.000010 0.000014 0.000010
0.146792 0.853118 0.000014 0.000011 0.000016 0.000010 0.000010 0.000018 0.000010
0.000010 0.898569 0.024349 0.000010 0.077022 0.000010 0.000010 0.000010 0.000010
0.000010 0.999920 0.000010 0.000010 0.000010 0.000010 0.000010 0.000010 0.000010
0.047132 0.934801 0.000010 0.000010 0.018007 0.000010 0.000010 0.000010 0.000010
0.000016 0.655470 0.000010 0.000010 0.000010 0.000010 0.344454 0.000010 0.000010
0.999913 0.000016 0.000010 0.000010 0.000010 0.000011 0.000010 0.000010 0.000010
0.000010 0.000010 0.999920 0.000010 0.000010 0.000010 0.000010 0.000010 0.000010
0.290135 0.130289 0.258120 0.000010 0.000010 0.000010 0.000010 0.000010 0.321406
0.000010 0.000010 0.999920 0.000010 0.000010 0.000010 0.000010 0.000010 0.000010
0.000010 0.000010 0.999920 0.000010 0.000010 0.000010 0.000010 0.000010 0.000010
0.238431 0.590103 0.000010 0.000010 0.000010 0.000014 0.000010 0.079412 0.092000
0.999920 0.000010 0.000010 0.000010 0.000010 0.000010 0.000010 0.000010 0.000010
0.357754 0.583343 0.000015 0.000016 0.000010 0.000010 0.000010 0.058833 0.000010
0.791848 0.208082 0.000010 0.000010 0.000010 0.000010 0.000010 0.000010 0.000010
0.493264 0.503558 0.000010 0.000010 0.000010 0.000010 0.000010 0.003119 0.000010
0.072583 0.416426 0.154273 0.000010 0.143416 0.000010 0.000010 0.000010 0.213263
0.292811 0.495025 0.080109 0.000010 0.000010 0.000010 0.000010 0.132005 0.000010
0.000010 0.327672 0.259486 0.000010 0.000010 0.000010 0.000010 0.000010 0.412782
0.029322 0.465351 0.153148 0.000010 0.000010 0.129608 0.000010 0.000010 0.222530
0.000010 0.330669 0.225491 0.000010 0.000010 0.000010 0.000010 0.000010 0.443780
0.000010 0.923582 0.000010 0.000010 0.000010 0.000010 0.000010 0.000010 0.076348
0.132204 0.508467 0.114637 0.000010 0.000010 0.000010 0.000010 0.000010 0.244642
0.223270 0.376457 0.098638 0.000010 0.000010 0.000010 0.000010 0.000010 0.301585
0.487920 0.174924 0.143049 0.000010 0.000010 0.000010 0.000010 0.000010 0.194057
0.052126 0.659682 0.036775 0.000010 0.000010 0.000010 0.000010 0.188009 0.063368
0.094926 0.248864 0.617370 0.000010 0.000010 0.000010 0.000010 0.000010 0.038790
0.143677 0.552136 0.094725 0.000010 0.000010 0.000010 0.000010 0.000010 0.209412
0.241958 0.569423 0.000010 0.000010 0.000010 0.000010 0.000010 0.010228 0.178341
0.000010 0.776502 0.000010 0.000010 0.000010 0.000010 0.000010 0.000010 0.223428
0.014267 0.653128 0.000018 0.000010 0.000010 0.133498 0.000010 0.000010 0.199048
0.156053 0.511301 0.138892 0.000010 0.000010 0.000010 0.000010 0.029575 0.164139
0.063033 0.561548 0.033217 0.000010 0.003400 0.000010 0.000010 0.000010 0.338763
0.000010 0.458829 0.455997 0.000010 0.000010 0.000010 0.000010 0.085115 0.000010
0.146210 0.559417 0.274341 0.000010 0.000010 0.000010 0.012650 0.000010 0.007342
0.000016 0.301140 0.003187 0.000010 0.000010 0.000010 0.000010 0.000010 0.695606
0.000010 0.969035 0.000010 0.000010 0.000010 0.000010 0.030895 0.000010 0.000010
0.000010 0.384364 0.028150 0.000010 0.000010 0.014659 0.000010 0.000010 0.572777
0.108445 0.711487 0.010956 0.000010 0.000010 0.103437 0.008246 0.000010 0.057399
0.000010 0.395405 0.000010 0.000010 0.276651 0.000010 0.000010 0.327884 0.000010
0.000010 0.235228 0.492442 0.000010 0.000010 0.000010 0.000010 0.000010 0.272270
0.466652 0.379200 0.139559 0.000010 0.000010 0.000010 0.000010 0.000010 0.014538
