0	493687	468556	411592	449142	459188	434929	470226	471237	453131	436615	458179	465561	468385	442074	451849	464191	490131	507927	183282	383948	145781	148269	469835	527228	483652	525585	498862	408580	462938	336791	382169	338057	427463	407020	414845	426823	456946	263597	410984	467759	449180	447994	411726	419757	331927	387958	377281	471268	385849	443171	531892	277338	431644	540125	475898	510753	562952	495352	491476	545970	560461	553071	458237	511270	518120	500615	561776	563117	511822	506691	566859	530718	572863	460885	449660	512172	432422	516778	512521	451669	458908	572087	465931	530617	364274	476885	467475	466883	573438	500459	399730	508574	542604	571144	525788	574982	402386	510988	550129	511201	514057	473098	515274	577803	577474	476008	525136	511667	507006	268570	510085	554212	469105	532015	504573	525040	428824	455936	440370	250006	243047	475510	397607	430552	386987	484824	497666	520217	427751	372110	439560	460342	483828	493288	460155	582228	354349	483707	502185	557869	472463	408483	520418	559590	562964	556495	564160	305752	477254	248877	543366	409819	477581	353751	404084	472173	519935	519914	531431	546025	497930	446047	537244	579967	489511	452114	528282	489950	333756	473482	528709	502304	512099	541638	516776	511138	555469	479761	500460	508431	572044	515968	521653	541199	547824	475258	573071	562499	510503	464859	576454	512344	567425	477067	246518	524654	472313	514393	475107	534892	507428	534306	525444	524418	509770	542828	481966	493823	400970	463118	567740	431438	442652	441101	431134	426798	498134	438614	423959	409007	478616	575241
493687	0	292854	242084	384013	342303	429313	242109	280146	479516	413609	358945	411994	412205	407564	332501	403172	146201	466902	510604	511922	494594	496757	394208	467811	386775	437701	395829	475447	424340	479573	458776	478916	402042	406167	473603	481605	369381	478714	428719	430950	386175	451326	446110	464476	429224	349154	509405	298827	499011	355068	443074	487662	449766	511015	542371	508945	211532	489141	485745	523280	206591	476544	499850	525893	533143	543946	461789	517044	534623	529058	475622	516613	504903	596933	579836	559435	566276	544308	545967	571147	548769	223164	526767	510332	532198	471977	555331	559695	221654	456051	500349	264035	394145	351846	380739	350232	405503	370181	357257	478436	544678	555291	462734	230830	231809	527856	508595	382129	389472	560810	343579	457341	526098	505079	558485	461569	574551	549637	573023	574807	572386	552233	499505	584412	522111	537090	425673	517912	557862	464566	578887	431286	511715	458991	580155	465876	545622	574085	529908	389653	556041	545765	480544	228550	468607	536984	472075	574136	537535	575042	533863	561236	574609	557855	555056	564319	537313	521040	397745	325130	412721	575748	500520	488917	512550	572150	462073	542672	553937	547585	513499	435021	506137	503551	514520	509971	537720	534672	525184	493622	223554	560107	365912	184085	384829	552563	227395	312614	530542	537262	223189	559221	217768	551595	566580	509726	554505	395023	566580	339533	541971	519925	561228	547340	554386	494395	561843	502505	540952	476733	462925	571077	523621	524929	568114	567011	513357	536655	560846	538165	541203	483278
468556	292854	0	349771	424475	409372	444041	346745	366117	463652	440871	403283	426086	425461	433442	348349	426558	294552	472571	483873	477482	468784	470747	397067	470788	391082	430510	398422	471046	420494	452577	446566	453301	432096	413631	457878	460108	405323	457069	418556	430178	415097	465614	442905	462940	426583	391818	486640	364267	472262	406293	464085	455678	442622	514787	544490	522409	361570	478178	474541	512684	357664	469508	488390	514049	525716	538721	462796	526454	520279	514874	489911	513432	508394	576117	557244	544600	529307	537530	533365	547614	534404	371631	516784	513597	516379	466149	538103	540635	371303	477351	520648	382815	462548	438345	455674	436403	479964	431140	449014	494306	522117	534420	481400	378442	378996	511702	531145	435936	472563	538433	414898	440489	498358	498620	549380	495968	549833	519011	550584	551129	548651	535509	495695	551498	519112	524593	462586	515208	538476	485953	555979	477326	509015	490182	558636	464529	524889	553572	522485	441189	528154	521977	475127	368449	466687	529458	486192	551389	524829	552191	522986	529905	549878	541180	533996	540323	539443	526418	453547	423435	456319	560701	496360	504004	507700	564770	479996	513604	539330	533924	517294	491395	502494	500673	487415	482548	536858	518071	515926	491848	371510	551332	444434	336512	464532	526780	374661	420017	530163	505717	374352	543754	367095	530619	543170	509221	538387	466783	551447	422571	513992	513707	550605	540290	545567	504793	541027	497981	522627	476413	463318	540970	516359	512263	541658	537878	507569	516793	537937	519481	536428	505275
411592	242084	349771	0	401574	361906	428707	295866	325375	474244	412532	373090	419744	420597	423200	355404	414647	243225	466093	429594	480545	412054	413416	409835	468528	422069	457645	426293	454721	442574	453965	433229	452272	407772	406846	468722	455851	400437	433409	421090	435368	395822	446603	445610	451192	403163	360126	483855	344672	471903	366477	468936	429244	443650	508244	519085	499447	311797	505635	501565	521260	307779	508403	488573	522386	532002	529709	496159	518877	529969	524715	510821	516134	508812	571081	558171	544509	537848	528626	531316	548682	523461	322252	522147	512399	484330	473026	549178	537783	322189	485417	459307	335884	432507	407442	416833	395528	403720	402643	410671	485336	554955	539593	474849	329008	329907	518154	503025	431377	417313	495074	400924	475249	522342	521465	546149	477716	547181	517632	551572	495561	493271	543609	469367	550708	516572	523380	462860	523342	531501	460964	552414	456313	508404	467962	555210	507240	512509	546536	514845	435099	537866	518936	483321	320550	508034	541265	507664	505129	519435	496604	537401	516208	554931	517188	525597	544491	524387	512762	430584	393232	438504	549869	510291	513823	506705	545081	473806	527201	516275	528678	516584	476830	513265	516355	523453	519130	536269	507532	510049	498437	323187	541579	397677	285694	423079	538008	325535	371782	516965	521211	324319	544492	316866	537804	488741	508636	534455	442651	549177	419479	553661	520993	543970	533966	535624	506621	539567	495620	511252	491532	501629	546722	501895	495221	547120	529911	528368	520166	533473	509020	531146	509066
449142	384013	424475	401574	0	252101	299002	313710	287361	473144	285523	431205	319526	319675	275148	218990	249411	383520	470464	466517	477859	449704	452540	419830	461143	408714	447699	434254	453884	437253	447536	437125	460222	245422	437454	456394	463586	413319	444029	416209	413153	366856	394390	425668	422217	413892	419362	466211	310128	464225	397916	459126	450991	457027	501834	515899	502897	451052	505040	500314	525051	449212	505718	503363	531191	533561	509889	496192	525424	537703	531852	498872	533048	504294	553240	555228	520877	535344	509116	506851	526689	525443	461246	510968	494914	506131	489066	554050	534428	462015	489827	520646	449990	458088	485590	473709	479572	506721	478424	480384	508699	539615	530036	500307	467501	468056	530767	494981	483547	476903	523882	471335	491600	521557	518871	513481	318633	547420	529039	548103	534910	533125	528871	488015	546225	518135	524030	495111	518755	524755	486801	544850	494811	515279	518658	539810	517663	520720	530990	506543	366695	535330	520420	508149	453751	496409	533582	495497	541613	514868	536246	523952	532890	536374	525231	516732	525024	494297	492182	509543	485882	513990	520714	495260	499505	516048	519866	493700	524723	534484	534410	513430	503518	503817	502960	526000	521724	533954	519394	505880	501011	461840	514674	499723	428946	464623	533298	463315	477023	516054	515393	464601	520762	456858	528987	528117	491453	523387	509690	530598	492339	552454	515150	526641	524108	508855	480582	534809	489111	508206	479229	499277	536219	496657	498931	532085	534655	510137	503434	529464	517777	510891	501371
459188	342303	409372	361906	252101	0	342254	305930	288292	472940	301944	388423	346292	344466	339352	287769	316779	340220	463628	476200	485562	460421	462057	415031	449274	396070	441421	422935	451120	430004	457419	438458	466625	274347	403756	450590	445391	399737	446674	401518	394506	352127	382446	435658	409637	424209	413089	474481	306210	459741	376639	440702	458829	451051	480519	508922	488670	409485	500060	494864	515159	407840	497553	498660	521770	529768	512490	489044	516387	532573	526961	490056	510769	489657	570971	558862	532237	543069	509347	509847	537811	538374	420555	518372	495721	491739	484678	550268	540127	420603	480651	510805	407567	442802	455607	458132	428504	497067	466179	438773	496248	547206	531758	482705	426491	427042	522022	476799	480092	476709	534037	449809	479948	524529	503715	519421	356880	557215	538687	552712	542727	540773	531642	495975	557490	525746	516514	494183	523517	532962	478734	555506	485562	513986	514203	545590	499446	521273	543032	507087	387484	542047	527799	488167	411166	494229	525600	487099	549311	513300	543910	520286	543621	534398	523521	508029	528626	498383	481235	488333	453581	490253	520515	486143	479389	514889	531301	474753	535442	538558	537180	505423	495731	500081	493872	511939	506957	526432	499692	491965	494194	420203	518701	472848	387294	461878	539493	421990	437706	516810	520239	423629	532053	415529	541117	534885	478377	532879	499544	525916	457792	552398	497320	527899	518518	511964	478686	532524	490523	524195	488761	499290	549190	508536	499556	544148	545149	510700	509612	538455	518811	518416	483541
434929	429313	444041	428707	299002	342254	0	386257	385022	403316	361974	416968	397652	398304	368527	337439	356969	426060	470186	455876	450325	434801	437051	441318	465826	432643	464522	456505	440578	427248	412709	418402	439942	331283	416931	441593	437501	441300	413475	420184	416871	404026	414415	424406	419153	424603	428435	434622	376232	422898	407681	473099	421423	409969	484670	514855	511877	494216	519397	514871	492758	492427	523273	504418	478532	489708	509615	509537	521749	489975	484200	515415	523340	504556	535643	540645	521171	494151	518132	509148	523589	506633	503817	508649	478180	458357	495063	524258	529121	504722	498600	534873	478851	504938	508923	505197	514413	511100	503857	499539	515078	522325	514499	497132	510157	510049	519100	515237	485944	499664	509285	494541	504858	508403	506466	513291	423130	518171	520387	532875	521486	518692	508239	492218	522009	506435	522334	506979	532581	497923	482275	516910	493444	504811	496705	509896	527308	512195	511364	500132	451841	518901	491002	497923	490749	521419	492022	511653	521732	501683	520995	493153	508620	510291	516240	497647	516103	507799	504054	514587	503839	506471	514379	491641	516108	521099	503896	507949	503824	514293	525040	503340	492563	499984	512922	516704	513102	509280	470570	487045	496962	503796	514006	519150	472300	516247	521305	505020	514417	516281	506667	507299	521040	498717	532787	512533	489460	507344	508079	527227	497836	537985	496942	531899	524461	507990	514213	510107	505217	497056	470953	519939	519443	504547	505506	527157	516067	521929	504571	517661	477997	494174	515033
470226	242109	346745	295866	313710	305930	386257	0	200314	468831	340133	382722	361665	361198	391277	287276	351573	243098	461299	485805	492243	471042	473618	410886	457930	393243	439752	418819	462963	431093	466893	445330	467973	330018	417970	471232	461618	388995	461813	414960	423344	360326	420741	444227	442736	425322	397867	495933	308489	480375	365383	451683	470360	454373	504115	522752	500375	312647	501954	497756	526045	308537	484221	501938	530043	535754	528124	485371	514885	541521	535981	487395	531965	497668	584647	569658	529612	548953	533745	528654	558925	543301	323697	514558	507356	517973	485209	554718	545372	322819	480881	490650	331226	435774	392412	420421	390279	432862	430161	394730	467102	553810	546970	466013	330438	330763	528240	505394	411093	419796	544514	402050	469836	526578	521938	538813	403728	559138	539174	563841	553505	551922	545897	495795	568217	517222	533794	464700	517631	546298	465223	571290	464712	507844	469107	566888	490997	536530	556787	520369	396976	541871	530931	486573	321727	486355	536426	484004	556776	520833	554602	527444	550771	550503	538367	536367	536981	526510	512350	436390	399458	467524	548867	506945	501551	533474	549319	470498	543595	541760	536187	524708	477562	508909	511400	519346	514435	533445	526635	509901	492984	323409	529305	425430	287725	422021	542187	326149	394890	521418	534220	325652	529579	318905	540573	546485	508816	551961	433837	542705	406133	565025	516130	535820	541330	522347	501653	540037	508473	526460	486092	482538	557583	515542	507772	558180	553765	529264	524020	546121	530746	527022	493146
471237	280146	366117	325375	287361	288292	385022	200314	0	473009	306950	399112	330984	330431	377013	268053	335799	283567	468350	483606	492598	471704	473545	419090	460709	401262	441151	418318	471685	441454	466339	449736	473331	306586	424255	482692	462015	403318	465115	415620	430399	367742	424476	451379	445964	427032	399425	489381	299329	485141	386725	459195	476556	460935	504541	528115	505899	347643	492432	488253	525901	343685	495732	498704	532404	538115	534590	481919	521936	545664	540650	497475	530653	501585	578621	572512	535223	551010	533758	526660	559776	539656	357844	520206	502920	519226	493330	555030	545991	358342	472986	502447	355392	443452	419652	438245	411077	457177	444693	423089	463478	559723	537598	481499	364729	365788	522570	504478	423054	439619	540872	420714	465603	523255	522154	536893	381966	562489	545969	565795	551091	549287	543504	499983	566703	524056	530218	469754	525300	542152	475861	566111	474678	510433	474187	560271	490714	536697	557537	516158	371667	545474	535361	493935	355368	492329	534009	494481	554659	518089	551713	532294	552261	547223	538078	534961	531357	521780	516583	449668	436419	488723	548664	496929	500455	528200	546839	473846	537935	543850	543474	526505	492667	513811	506068	520920	515419	531939	530545	506760	493268	358556	532085	449344	322804	438716	546268	362022	410349	526050	532241	360596	534931	353831	543681	543348	511239	541791	456430	540319	431763	565590	517403	531675	536540	526266	491483	538660	498883	527960	489911	480645	556410	522242	505206	556796	557569	522055	523397	548611	530020	523691	499178
453131	479516	463652	474244	473144	472940	403316	468831	473009	0	429302	460407	449760	450561	468688	473379	457553	475528	479082	470533	461841	452861	454574	450062	464458	466805	483435	469739	433694	457639	458872	450785	431734	463039	458008	428594	448731	469137	428168	452545	451633	454804	451160	462643	461725	469255	454746	445161	471531	438081	462332	493638	454498	420646	516627	549944	519236	540787	522576	518391	461843	538861	533223	516149	491249	499669	549525	508303	530454	500386	495147	536018	511647	503705	535359	524456	521749	536137	537703	548351	518323	517913	550460	528145	452776	464371	510580	523760	525684	550832	530837	525304	512321	528781	550487	544077	540890	534012	551198	547539	535838	525968	543411	539868	556391	555568	525990	528976	538452	538505	532172	529916	523789	522243	521363	527651	546724	541122	526271	515955	534418	532196	535678	533417	516720	525853	532727	517731	516438	499483	515921	522052	517070	524666	536550	517370	546863	525927	516843	529299	546410	505239	515183	504653	537721	534763	424933	532914	544076	524323	534335	442221	534373	513300	526343	523284	513392	541151	533006	546815	540906	518789	529754	522463	537430	515819	516656	523061	521446	528016	537644	546936	540516	502537	526703	532216	527827	491865	503887	527195	512794	550171	530229	515159	521059	552427	514446	551183	551844	531643	534637	553361	521761	544947	519999	526833	525554	523440	520736	520988	536796	509644	527935	524837	507468	524824	541991	524455	524954	495313	499300	531864	513860	528361	524628	512338	540353	538022	491598	505874	481771	500658	531718
436615	413609	440871	412532	285523	301944	361974	340133	306950	429302	0	433953	305446	302319	356738	317580	343273	411251	479301	456338	480316	436247	439056	437358	469313	436137	472446	446634	463556	464153	444457	430961	447122	290373	437945	459070	459101	431589	420608	421517	432465	393458	403799	439727	423174	423699	444558	469025	358469	458909	404714	469552	448485	423323	505369	514048	507324	479752	488401	485162	507862	476778	524335	495489	496620	503405	521729	510951	531255	500963	495538	522758	523903	510013	558369	536436	510559	528716	512269	501426	522639	528200	489591	511536	494823	495734	507497	537892	515507	490096	488670	509811	457083	473501	503973	490476	495417	514659	490438	488149	512539	545638	515134	502768	495798	495690	515206	498938	502551	495437	514338	484026	504208	521943	528678	517923	390155	540348	532657	529032	520268	517733	531124	502272	538280	532880	491719	504774	529863	523120	473739	542340	501709	515881	520098	540613	535239	507485	541090	502991	429238	526381	514468	507580	479629	501815	516776	519857	529028	500872	520823	520068	530631	529059	507964	513239	517355	490668	503641	521453	517847	523034	519280	515026	521898	516306	529416	494113	539487	514984	531873	531534	516402	519412	508204	519567	514483	521821	517139	516842	509246	489752	514586	513200	457164	478021	519750	491301	496374	504892	510878	492100	509836	483996	515247	512686	510034	513686	531659	501585	511982	548732	526788	510237	530516	508728	492412	521493	494074	504814	494256	521424	524297	496915	489113	517686	529501	512249	499931	525150	515280	523924	511760
458179	358945	403283	373090	431205	388423	416968	382722	399112	460407	433953	0	439891	439240	437649	420122	439919	357673	483429	478665	470623	458385	459478	404680	480533	438286	457354	439607	449159	439691	439289	351275	428703	394572	373509	452490	416007	411210	425845	420776	375523	383279	347153	446600	380402	437777	405543	459542	345825	385377	324618	476796	429202	455189	501439	531728	515261	428199	507041	502725	536489	424758	514788	507250	527102	539284	545005	496667	534601	532583	527354	516080	524606	522131	550473	531675	435221	530340	439328	421310	490322	522852	438833	511586	523042	463032	488569	532127	497368	439914	485514	498877	423151	441492	479144	498838	475678	493403	472941	434214	477569	527070	489403	474342	445945	446121	520843	519664	471151	480620	529517	459812	504121	515808	520839	470155	507681	536804	526528	522482	544920	541591	529234	508648	532641	532393	516769	487419	520379	503721	481424	532053	486225	513587	495259	537628	523397	524273	487653	461312	478842	462770	503188	502721	423502	514173	541327	512118	542694	507005	544981	540855	522492	488378	484467	471326	483767	479457	528538	423886	468898	450882	537337	498951	524897	462013	538712	508352	525339	520725	493100	504880	492058	513596	518042	464096	459893	537563	473748	504764	512544	439898	445627	475641	403262	431820	465390	440346	435919	423881	482900	441791	435593	432052	477361	532002	514611	491526	476671	481739	464975	513234	522814	442471	537001	440226	481217	484282	504948	506421	474359	517063	520680	510770	508500	504318	532792	531435	494334	521689	511058	520243	517697
465561	411994	426086	419744	319526	346292	397652	361665	330984	449760	305446	439891	0	141147	369704	349218	362989	410114	447296	484475	501221	466044	468254	432097	456900	432707	453994	434301	483896	445031	468508	446681	472183	326051	458344	468208	463175	421903	459685	443000	422085	410919	426357	453708	438595	439146	449528	498036	360686	484807	407495	452432	469779	447746	508877	542466	528150	479953	499744	496387	508279	477634	510574	511503	520989	528761	544780	507803	499773	524897	520086	508681	519309	497879	583105	573778	536767	553846	509631	519721	552817	554493	490517	534902	491356	510718	507095	563691	543618	491273	525766	528632	462866	483860	517902	513021	485446	532221	510714	501138	536502	557643	538542	521132	496391	496935	531255	515446	512779	508806	540261	495530	493183	528013	522071	541014	435121	566030	549696	566591	551236	549320	562261	515349	565293	538486	529708	519350	531923	546251	502562	573046	514447	531730	531554	571539	529266	536472	554395	511433	437915	546401	539321	498178	479769	489313	512551	504621	556979	518001	552369	511596	551343	552323	530946	530897	537371	504887	498951	529120	518539	536640	554032	516401	513810	527426	548770	502762	545903	546033	545551	536824	542428	510993	506630	515807	509951	465444	521889	520139	508665	490606	531133	524516	457076	476539	533936	492036	502068	516542	530395	493469	536748	485245	537504	543997	507826	539477	544575	537448	523581	552133	525801	527769	535015	526287	489466	543977	500706	529317	496191	502369	558958	516379	511998	547785	551729	529134	524462	547016	529763	498412	496666
468385	412205	425461	420597	319675	344466	398304	361198	330431	450561	302319	439240	141147	0	369852	351541	362898	409848	447324	486632	502672	468520	470821	432158	455005	430776	452385	435063	484799	444215	470810	447240	474773	325549	458121	469746	463909	422011	461398	443026	422852	410833	426507	454440	439817	440353	451699	500925	358914	486620	406890	450727	471950	449043	508141	542700	527608	479326	498675	494719	508395	476633	508944	510829	521196	529692	544338	504968	499965	526425	521158	506199	517517	495791	585201	575260	537114	556013	509619	520409	555089	556067	490067	535488	490347	511618	507383	564410	544288	490082	525555	529709	462038	484448	516668	514531	484725	532310	511268	500797	535188	557429	537143	519763	495294	495550	531940	513605	513452	509380	542054	495281	491567	528673	521183	541426	434773	568139	550695	568457	553055	551385	563745	516377	566890	538085	529576	520728	532086	548885	504223	575161	513764	531347	531362	574004	527406	537131	556257	510873	434866	547634	541234	496870	479053	488495	511519	502688	559315	518978	553814	511406	553139	554464	532832	532109	537411	503816	499870	528340	517608	536325	556439	514727	510814	528311	550632	499951	545161	547491	546623	536455	542154	511309	505469	514211	508428	465591	522068	518322	509177	489879	533005	524603	456306	474867	534556	490819	500627	515599	531586	492821	537066	484219	537737	545423	508927	540432	544471	537459	523990	551964	525272	526305	535719	527952	488254	545379	500870	531927	496438	500197	560646	518983	511943	550659	553640	530046	526635	549603	531559	500023	494810
442074	407564	433442	423200	275148	339352	368527	391277	377013	468688	356738	437649	369704	369852	0	316736	305628	404364	486490	463912	479003	441955	443707	409552	455939	401702	448140	431351	430168	432443	431769	436911	459010	323780	431639	438991	466943	417150	434642	427855	415967	418304	420555	422448	414753	418729	424739	473444	341859	462038	396124	431883	440397	447797	480563	516407	478002	473555	493905	490076	522160	470916	499522	487771	515488	523480	509197	480623	536330	527815	522764	481110	422892	494923	541584	549005	539775	516869	512893	514774	536833	528126	483161	513360	503345	494101	476171	540609	533141	484271	489241	514510	456061	457073	501052	501829	473107	519449	477405	506407	545871	535814	528954	513058	490484	490527	505989	463381	509691	493548	509689	478111	501554	512624	497500	528137	409289	525295	524192	541421	528285	524406	527645	494007	533611	513693	523049	488712	507216	514148	474948	538316	494519	501658	519901	546388	507713	513150	530958	508078	412750	530174	500848	504016	474310	500175	525316	476756	524155	509336	527765	513549	521914	532915	519508	517401	538380	484712	459473	509936	474076	520902	518348	492907	477089	488065	516764	500698	531993	525269	535599	491205	502133	485025	481353	524035	519350	533939	507386	498839	494749	483932	541299	524066	450778	472169	522028	485466	483753	515348	510541	486882	539419	478231	523159	519998	472410	522253	541153	543592	485519	534925	509430	537337	525286	536449	483506	537427	491822	486348	467294	482750	528433	478117	500130	530648	514282	513209	509201	498884	509818	509965	478753
451849	332501	348349	355404	218990	287769	337439	287276	268053	473379	317580	420122	349218	351541	316736	0	300570	332728	479746	472403	486047	451209	453483	423041	466266	398120	448383	425687	454866	445113	451672	446254	467424	287126	427985	465097	466738	408840	439716	406023	420201	369846	421031	434100	434371	410936	407601	476716	312302	467558	403665	466050	456570	454842	498226	527025	505129	401051	501332	497981	525341	397268	501637	493960	534270	538758	515942	496267	530362	538508	532745	506359	527924	505662	568084	562756	535788	535473	537113	525625	546497	525656	411659	510797	495072	507417	480959	548987	545080	411698	480325	512479	400659	463134	461948	447236	449251	488827	444165	457473	496767	537880	536240	498332	418601	419306	538416	496980	456743	456226	527468	441011	473365	520687	518250	520739	347811	549466	527212	554633	537026	533694	532172	485612	551797	523930	529038	477795	517929	526927	475869	544240	476824	508915	491583	550042	507985	521616	541648	519339	370485	535474	522610	501188	405941	495545	536710	502867	543359	515749	537176	526853	537757	545369	531195	523116	535784	510295	494709	486467	461795	501234	535191	493706	499721	524194	527010	486030	519074	533087	532031	509476	497324	499593	501401	528953	524579	534606	519535	509043	491179	412338	533963	467556	376322	474304	541312	414752	448908	530497	519597	413877	535913	406846	539003	528682	491859	538984	487736	536497	454383	548673	508182	533088	520289	527733	506992	544630	499074	513465	488353	492026	539614	505344	501592	542650	538609	508060	513548	537046	521430	510811	508808
464191	403172	426558	414647	249411	316779	356969	351573	335799	457553	343273	439919	362989	362898	305628	300570	0	400183	461974	482126	495100	465359	468521	419811	433899	408128	430261	421761	434899	434969	462734	447349	476402	316367	447597	451780	457420	418732	455518	428545	415418	389267	407445	428356	433938	431134	430451	472720	355237	471127	409194	441920	462652	453340	474607	518601	483775	472020	518731	514081	510453	469757	516066	509036	524065	530212	504496	489031	519068	534605	529618	499361	444509	475072	559121	576360	528717	544662	517794	520939	548225	540094	481689	530355	499222	504155	490477	571517	559504	482471	516001	524408	460432	468423	499679	493895	477996	523939	495005	494225	524517	551431	549931	518789	487896	488109	540249	483867	500506	492025	542004	500090	485170	536494	510763	524854	401475	555794	526392	570935	551533	549833	535245	506023	557253	528663	546374	505321	526360	539236	508360	563859	513467	510194	514533	548331	507766	536957	532430	496435	421783	543694	529473	498710	472320	498741	517038	495698	551651	512502	552488	501887	544739	537485	541320	526744	537825	496268	473574	520246	495193	537234	539117	498726	489728	519345	527930	494749	526126	555970	544113	511165	515247	508088	488167	531413	526916	513079	509764	490734	495773	481674	528236	523863	450879	484164	546138	483538	493742	533021	530934	485535	527827	477480	537573	544386	475028	533964	543542	556643	489885	571155	490877	532374	521418	521689	489909	537099	493280	517382	488835	491069	560833	499467	511560	562064	539841	529093	528126	533388	525299	511469	487188
490131	146201	294552	243225	383520	340220	426060	243098	283567	475528	411251	357673	410114	409848	404364	332728	400183	0	463064	507164	509120	491109	492656	391558	463237	382066	433644	394093	469948	419410	478512	455218	475632	399647	401767	470256	477719	366533	474481	426137	426243	382402	447094	440604	461462	425977	349304	506930	298839	493973	351265	440052	483045	446913	510288	541796	507562	218476	490199	486370	522279	213529	476895	500118	525658	532746	543325	461243	516276	534909	529049	476051	515672	501433	595408	579095	559745	565965	544088	545485	570629	548272	229440	527661	510345	530430	472328	554966	559590	228836	457678	499981	269532	397120	355797	383982	354295	408262	372893	360573	479409	544615	555118	463903	236768	237859	528228	507749	386021	393079	560456	347735	458382	526433	504628	558998	463004	573900	548929	573118	573139	571703	552154	499540	583280	522044	537157	427875	518196	557870	466830	578386	432198	511007	459557	579218	467085	545216	573600	530188	391792	556181	544890	480565	233815	468857	536560	472517	573135	537245	574338	533377	561449	573992	557476	553909	563288	536724	520127	399698	328385	415060	575322	500349	489184	512762	571813	462617	543269	553987	546623	512593	436422	506611	502994	514253	509524	537753	533135	524394	492370	230012	560362	370486	190562	387901	553325	233759	317393	531293	537762	230464	559726	224243	551230	566039	509495	554223	399014	567235	342605	541896	519331	561417	547540	554436	495323	561774	502613	540841	477772	463548	571136	523379	525246	568099	566653	513095	536697	561416	538279	541228	483835
507927	466902	472571	466093	470464	463628	470186	461299	468350	479082	479301	483429	447296	447324	486490	479746	461974	463064	0	475979	475658	508587	514334	455620	387543	425253	389593	411652	470860	428065	510414	496539	519471	480368	480689	471364	446479	453967	504380	476186	461900	482749	483238	473287	497081	482095	454212	528059	454865	526687	469593	464652	496037	475521	487028	533084	533928	512663	531667	521623	492145	515003	499365	529376	526624	531360	528366	496837	238340	528547	523503	491267	521025	440388	583734	590457	565730	573509	544292	555117	588631	561979	518849	543394	492666	534338	541317	572490	579267	521717	561469	542145	516139	525968	519117	543449	490369	531528	537007	519867	538640	532517	558738	526886	519171	518594	548079	511824	543207	545928	566894	546670	483187	540521	524166	559090	531395	573493	551303	594646	563265	568971	563504	534788	577328	545565	548772	560385	540941	572657	547427	581143	527210	513665	531176	575724	506411	549840	568008	525774	511987	575009	546871	486688	510372	502833	496402	492015	569306	534613	570565	492814	557853	572660	563240	551177	558477	525423	515666	533867	503551	551516	572090	512550	499018	539428	562089	488949	544862	573785	552724	519873	563557	510057	507649	540102	534715	463847	524218	515176	478614	516485	557801	551823	506299	540420	571233	517414	530851	543344	545877	525437	563167	521711	573001	567097	514034	575379	546725	570007	516514	556854	510821	556484	547761	552904	523375	563619	510724	563696	511443	512097	586419	546904	535202	596507	575516	553742	576888	570733	542725	500974	489980
183282	510604	483873	429594	466517	476200	455876	485805	483606	470533	456338	478665	484475	486632	463912	472403	482126	507164	475979	0	359904	182580	186351	486746	488034	489886	487241	501122	428567	473452	362325	404398	364601	453277	429795	433608	406840	474087	292105	433283	485812	469136	467431	431954	443511	357140	398592	404407	480377	414396	458227	550743	303030	449501	535485	473651	514183	561050	502800	495583	538957	562623	554883	461300	513626	515029	489419	558036	551652	510511	505129	562384	527885	544991	458937	449002	515387	439214	514880	514702	456380	464806	568548	473604	528919	381909	482488	474330	469994	571546	503172	398094	521770	545910	565982	525245	566872	405511	514198	548751	505792	514133	473990	508388	572161	571254	477462	526348	519214	510583	282222	516112	552825	476564	535570	510690	525649	434306	452488	446852	254676	254867	477869	407528	439672	396971	488610	506621	520270	436097	384797	449451	457821	478793	492368	460936	575126	355529	488688	509222	550159	481151	411822	519765	558405	563462	548527	561810	306540	482889	259475	536743	419389	486143	366031	408662	477636	517862	520669	530153	547679	509777	454852	537090	576847	493917	457938	523658	494579	347728	471265	528532	508861	520517	540461	518756	513317	558121	485950	500190	503921	567465	521551	528506	550394	545284	482913	568054	563025	509464	470947	575800	514845	568989	479003	259813	527134	483982	517759	485093	533184	510122	536775	527410	525716	515564	540303	484000	502535	417659	477363	568690	445381	455933	448134	442584	438606	498981	454489	436556	422072	481796	575681
383948	511922	477482	480545	477859	485562	450325	492243	492598	461841	480316	470623	501221	502672	479003	486047	495100	509120	475658	359904	0	383498	389748	483875	481664	491540	469247	501518	415760	470281	253558	399410	350148	465723	423541	427074	395726	489997	394080	446696	471292	458006	444649	451191	436881	449253	427443	381215	480050	382955	454799	557655	374440	451207	542863	481083	510705	562175	516010	506934	543046	563669	557254	472868	505918	519502	506721	545397	561556	514007	509109	564718	533865	541273	446792	412810	489543	339889	496266	502660	421059	447080	569056	471038	533363	487595	474782	456480	443510	571400	482837	506374	527518	535304	553221	521218	577046	511837	496785	548931	499207	462212	449488	494948	570762	569456	485111	538426	508821	485495	447514	511563	560628	474142	538640	492505	536916	443834	461611	412951	448257	451382	477856	506536	422935	513549	470100	499970	499540	404948	459123	420086	485829	482639	498094	436198	562783	457708	465987	501031	552185	441602	422087	514901	559453	557418	545113	564914	446783	489499	455114	543768	439399	463168	476397	477914	464978	510625	536642	529780	541056	488800	453570	531523	587225	486739	450894	540023	472341	428260	468690	538396	499244	497643	555129	515987	511551	566351	489654	504105	510708	567027	492772	508193	553905	538389	465720	566684	556111	486782	447717	575770	488522	569368	456921	450129	541304	467738	499566	452814	532973	472072	542139	509828	499716	488258	536314	468746	500312	412215	476670	568491	413263	472550	467399	417581	447703	488870	434025	427527	474438	485769	582636
145781	494594	468784	412054	449704	460421	434801	471042	471704	452861	436247	458385	466044	468520	441955	451209	465359	491109	508587	182580	383498	0	146933	470321	529322	483943	526177	499268	408815	462883	337352	381723	338193	428090	407300	415183	427604	457250	263336	411011	467598	449966	447826	411607	419329	331676	386979	377408	470794	386341	443811	531893	277127	431659	540969	476551	511387	563461	495709	492911	547336	561775	554288	459161	512316	518526	501775	562161	563660	512014	506458	568297	531373	574402	461055	450791	512726	433201	517064	512947	452610	459169	572874	466700	531865	364894	477381	468559	467633	574315	500917	400313	509885	543885	571834	527177	575983	402371	511534	551747	511977	515277	474085	517062	579174	578659	476611	526121	512049	507590	268650	510563	555726	470005	532863	504329	526131	428816	456471	440950	249538	243104	476101	398345	431113	386861	485519	498778	521239	429491	373315	440440	460820	484588	494573	460903	583165	354545	484373	503993	558833	472679	409568	521957	560638	563898	558283	564609	305385	478252	249064	544171	410306	478428	353913	405141	474173	520870	520930	532291	547200	499059	447230	537990	580901	490582	453097	529207	490818	333351	473994	529418	502951	512545	542297	517084	512088	556068	480926	501021	509633	573284	516784	522937	542338	548699	475857	573806	563689	511543	465916	577127	512491	568922	477085	246063	525908	472700	514978	475409	535749	507399	535483	526082	525157	511217	543309	483375	494529	402492	464844	567754	432235	443398	442390	431874	427229	499079	438750	424220	409538	479414	576373
148269	496757	470747	413416	452540	462057	437051	473618	473545	454574	439056	459478	468254	470821	443707	453483	468521	492656	514334	186351	389748	146933	0	471639	532625	487369	532363	502172	410704	468165	337929	384050	339557	428295	409164	416813	429813	458951	265039	411937	469886	452241	449318	413800	421460	332533	392381	379052	475258	386855	446046	531547	279041	433855	536918	471947	507008	559390	490243	487954	542859	557070	549642	454721	506797	514104	498173	558945	560390	507782	502089	564084	527574	572378	456785	446187	507540	427531	512857	507521	447572	453804	569207	460841	527391	357837	472165	463480	462563	570683	496150	396605	504442	539364	568378	522624	572521	398071	506994	547254	508252	510365	469014	513320	575258	575375	471210	520916	507132	502913	262504	504539	550929	464912	527666	499404	521674	423409	452911	435646	245258	237706	471482	392151	425127	381823	480657	492489	516204	422379	365971	434089	456822	480583	489756	455906	579365	349880	478792	497802	554818	466454	404683	517232	556564	559493	553821	560532	301133	473018	242771	539649	404269	472254	348154	399217	468231	515909	515792	527641	542670	493354	441425	533336	576651	485082	446998	525044	485611	327364	469341	524741	497555	507156	537787	511675	506789	551412	475864	496284	505707	569244	511350	517049	538381	543819	470857	570345	559214	506160	459837	572812	507434	563542	472289	240210	520935	467058	510718	468626	531206	502521	530538	520887	520631	505886	539072	477370	488848	396221	458332	564017	425731	436867	436370	425581	421649	494512	431986	418529	402752	474381	571716
469835	394208	397067	409835	419830	415031	441318	410886	419090	450062	437358	404680	432097	432158	409552	423041	419811	391558	455620	486746	483875	470321	471639	0	435221	374617	416873	383482	444590	422960	467304	429351	450484	424864	420381	449923	442288	419742	446287	428137	409311	425793	426433	430423	437903	410657	418540	470545	385954	454840	401788	442977	454611	438765	493990	543124	486766	460930	468828	465216	506084	457516	478559	494945	508910	513357	541637	372487	507704	508705	502789	461994	488781	474376	558653	554974	529911	553590	516129	505775	544937	525413	470435	492132	508362	507274	497854	522356	545996	470547	493536	502779	449537	462503	470718	515610	481620	507858	496295	497352	517597	499024	536321	495209	477543	477266	502301	502973	508077	511413	539977	479272	436240	489536	480526	521686	501107	557422	525936	548769	552355	549793	543925	479303	540482	512895	521862	492398	473140	531507	512778	541199	503698	514260	525908	543702	456116	532172	529141	506798	467609	519775	528571	487206	459213	450208	524825	458248	553071	508986	553409	526938	531126	535737	532325	517909	524805	505829	503180	479903	472370	490621	539731	493795	476827	480836	536544	470848	536526	540211	527558	494000	517166	470344	477984	502304	498052	526534	504168	507630	485425	471437	526550	484596	437765	488847	516300	472124	481093	508822	507091	473970	529483	465302	521696	544254	499842	525171	491791	533645	485463	516896	502140	518159	505012	521732	467210	540378	464440	506412	444431	459188	533874	514047	512836	539026	542568	511847	508183	513836	525961	528671	485362
527228	467811	470788	468528	461143	449274	465826	457930	460709	464458	469313	480533	456900	455005	455939	466266	433899	463237	387543	488034	481664	529322	532625	435221	0	429511	365098	406991	461548	407867	514971	488751	528127	476424	473736	441637	412695	466563	500244	459317	454762	466702	473161	474299	492285	489914	475057	527225	448301	522420	445715	459658	505014	459850	438825	527547	496379	501590	519977	507173	439553	505888	476051	501450	508565	515805	496977	475056	465072	512057	505771	481007	474494	168565	573902	578543	541315	570322	533775	528022	583571	560485	509382	543416	464037	529282	515905	569523	567967	513153	540491	527544	503942	496803	496888	533213	464869	539816	535608	508884	522004	540634	548167	518076	512724	510813	531284	470292	542532	537872	572863	536250	458161	537268	510269	544171	517896	569981	528202	584767	569186	575501	548698	531809	571393	547734	542595	534351	522038	556790	542920	576933	518418	479782	507498	559413	489939	537950	551117	498144	490147	553290	531075	412012	491962	497791	474121	482098	564662	498412	574840	475695	557589	550925	557563	521786	546304	495089	468207	519359	490508	547076	565895	482170	469984	530349	546948	468567	526562	573320	533160	513024	548895	506308	475527	528558	523564	486979	496737	476608	404778	507553	551071	534896	497530	520385	554125	506926	514634	522026	547246	518299	539442	511081	548851	569374	467386	561987	537699	567197	505355	554276	467436	531448	506198	545622	500214	541754	505069	544863	505957	498514	587029	526185	505369	591006	559130	532880	563294	555079	541641	522299	467979
