0.732961 0.152053 0.000010 0.029625 0.085352
0.359014 0.035079 0.000010 0.000010 0.605886
0.570867 0.070604 0.042615 0.000010 0.315903
0.000010 0.000010 0.999960 0.000010 0.000010
0.454496 0.000010 0.109221 0.000010 0.436262
0.457538 0.000010 0.108531 0.000010 0.433911
0.377940 0.573264 0.016860 0.015525 0.016411
0.000010 0.000010 0.999960 0.000010 0.000010
0.891100 0.000010 0.035962 0.000010 0.072918
0.301484 0.076503 0.066040 0.000010 0.555964
0.000010 0.999960 0.000010 0.000010 0.000010
0.000010 0.999960 0.000010 0.000010 0.000010
0.470109 0.102329 0.000010 0.014674 0.412878
0.711533 0.054883 0.112259 0.121315 0.000010
0.624086 0.320611 0.032484 0.022809 0.000010
0.000010 0.999960 0.000010 0.000010 0.000010
0.000010 0.999960 0.000010 0.000010 0.000010
0.999960 0.000010 0.000010 0.000010 0.000010
0.621929 0.165870 0.000010 0.005007 0.207185
0.807696 0.192274 0.000010 0.000010 0.000010
0.000010 0.000010 0.000010 0.000010 0.999960
0.000010 0.000010 0.000010 0.000010 0.999960
0.000010 0.000010 0.000010 0.999960 0.000010
0.000011 0.043566 0.000010 0.015859 0.940554
0.000010 0.000010 0.000010 0.999960 0.000010
0.000010 0.000010 0.000010 0.999960 0.000010
0.000010 0.000010 0.000010 0.342292 0.657678
0.121803 0.011835 0.051349 0.090030 0.724983
0.000010 0.000010 0.999960 0.000010 0.000010
0.247247 0.046423 0.048302 0.060981 0.597047
0.392732 0.508969 0.019533 0.000010 0.078757
0.192647 0.238179 0.000010 0.000010 0.569155
0.238637 0.131610 0.160775 0.032148 0.436830
0.085968 0.037339 0.047749 0.026520 0.802423
0.000010 0.000010 0.000010 0.389307 0.610663
0.000010 0.000010 0.999960 0.000010 0.000010
0.107833 0.008207 0.307397 0.078062 0.498500
0.161741 0.000010 0.158895 0.176997 0.502358
0.042838 0.003829 0.785219 0.000010 0.168104
0.289473 0.000010 0.401751 0.308756 0.000010
0.333315 0.023958 0.566043 0.000010 0.076673
0.000010 0.000010 0.572268 0.000010 0.427702
0.474820 0.000010 0.525150 0.000010 0.000010
0.000010 0.000010 0.476702 0.000010 0.523268
0.000010 0.000010 0.593702 0.000010 0.406268
0.000010 0.000010 0.580434 0.419536 0.000010
0.078294 0.000010 0.249904 0.392124 0.279668
0.328579 0.066027 0.032816 0.041851 0.530727
0.000010 0.013307 0.000010 0.450178 0.536495
0.115767 0.047504 0.258025 0.338341 0.240363
0.000010 0.000010 0.999960 0.000010 0.000010
0.000010 0.000010 0.999960 0.000010 0.000010
0.225031 0.112412 0.061475 0.030021 0.571062
0.724718 0.049236 0.000010 0.000010 0.226025
0.000010 0.000010 0.553227 0.000010 0.446743
0.000010 0.001624 0.508304 0.000010 0.490052
0.000010 0.000010 0.000010 0.000010 0.999960
0.000010 0.000010 0.621298 0.031753 0.346929
0.724859 0.141287 0.133834 0.000010 0.000010
0.288230 0.070490 0.044723 0.019647 0.576910
0.633125 0.047916 0.061593 0.000010 0.257357
0.089633 0.000010 0.000010 0.724096 0.186252
0.443019 0.000010 0.220779 0.120506 0.215686
0.000010 0.000010 0.000010 0.000010 0.999960
0.244025 0.035276 0.000010 0.051546 0.669142
0.000010 0.000010 0.000010 0.000010 0.999960
0.000010 0.000010 0.000010 0.000010 0.999960
0.000010 0.000010 0.000010 0.000010 0.999960
0.180936 0.010781 0.042521 0.007282 0.758480
0.334503 0.000010 0.094374 0.000010 0.571103
0.000010 0.000010 0.000010 0.000010 0.999960
0.464279 0.000010 0.000010 0.000010 0.535691
0.222606 0.052425 0.021858 0.054714 0.648397
0.000010 0.000010 0.432727 0.000010 0.567243
0.568769 0.000010 0.026673 0.040116 0.364432
0.000010 0.000010 0.000010 0.044564 0.955406
0.000010 0.000010 0.233488 0.000010 0.766482
0.000010 0.000010 0.000010 0.000010 0.999960
0.139908 0.010258 0.369137 0.008756 0.471940
0.333637 0.110969 0.051163 0.081919 0.422311
0.155038 0.056922 0.285295 0.053741 0.449003
0.000010 0.000010 0.000010 0.000010 0.999960
0.697059 0.109733 0.190423 0.000010 0.002775
0.106678 0.049080 0.003767 0.013990 0.826485
0.000010 0.000010 0.000010 0.478245 0.521725
0.198043 0.019296 0.000010 0.632504 0.150147
0.437886 0.000010 0.456901 0.100985 0.004219
0.000010 0.000010 0.000010 0.529793 0.470177
0.016709 0.000010 0.000010 0.015223 0.968048
0.680641 0.121659 0.037373 0.000010 0.160317
0.033427 0.000010 0.966543 0.000010 0.000010
0.715282 0.133634 0.140548 0.000010 0.010527
0.331378 0.641691 0.000010 0.026912 0.000010
0.999960 0.000010 0.000010 0.000010 0.000010
0.000010 0.000010 0.000010 0.000010 0.999960
0.228220 0.130202 0.000010 0.284187 0.357381
0.000010 0.000010 0.000010 0.000010 0.999960
0.406239 0.543063 0.000010 0.000010 0.050678
0.000010 0.000010 0.000010 0.000010 0.999960
0.000010 0.000010 0.000010 0.534432 0.465538
0.000018 0.000010 0.000010 0.410744 0.589218
0.122653 0.000010 0.000010 0.382371 0.494956
0.000010 0.000014 0.000010 0.533644 0.466322
0.276771 0.038123 0.000010 0.592857 0.092239
0.739696 0.074790 0.000010 0.000010 0.185494
0.000010 0.000010 0.455261 0.544709 0.000010
0.352996 0.000010 0.603912 0.000010 0.043072
0.000010 0.000010 0.424048 0.218358 0.357574
0.111790 0.000010 0.000010 0.000010 0.888180
0.768507 0.031164 0.012411 0.000010 0.187908
0.999960 0.000010 0.000010 0.000010 0.000010
0.212711 0.000010 0.076826 0.481052 0.229401
0.146412 0.017915 0.000010 0.000010 0.835653
0.557542 0.109520 0.177224 0.019596 0.136118
0.244117 0.148572 0.019764 0.005924 0.581623
0.000010 0.000010 0.000010 0.000010 0.999960
0.103477 0.000010 0.004634 0.440375 0.451505
0.692611 0.012874 0.018690 0.000010 0.275815
0.000010 0.000010 0.372279 0.000010 0.627691
0.685716 0.000012 0.000010 0.000010 0.314252
0.738471 0.085903 0.000010 0.005132 0.170484
0.247635 0.098526 0.035181 0.591261 0.027397
0.251741 0.099266 0.034583 0.589952 0.024458
0.436989 0.535101 0.000010 0.027891 0.000010
0.362592 0.217119 0.000010 0.000010 0.420269
0.527653 0.109602 0.000010 0.073755 0.288980
0.651828 0.139472 0.015037 0.000010 0.193653
0.000010 0.000010 0.999960 0.000010 0.000010
0.000010 0.000010 0.000010 0.999960 0.000010
0.000010 0.000011 0.575173 0.000010 0.424797
0.000010 0.000010 0.999960 0.000010 0.000010
0.000010 0.000010 0.473730 0.526240 0.000010
0.000010 0.000010 0.000010 0.594764 0.405206
0.000010 0.000010 0.999960 0.000010 0.000010
0.000010 0.000010 0.721748 0.278222 0.000010
0.000010 0.000020 0.000010 0.999950 0.000010
0.149510 0.005140 0.042968 0.258706 0.543676
0.000010 0.000010 0.999960 0.000010 0.000010
0.000010 0.000010 0.000010 0.999960 0.000010
0.000010 0.000010 0.999960 0.000010 0.000010
0.000010 0.000010 0.017143 0.478529 0.504309
0.000010 0.000010 0.000010 0.000010 0.999960
0.745066 0.099317 0.000010 0.000010 0.155596
0.000010 0.000010 0.000010 0.450665 0.549305
0.000010 0.000010 0.506977 0.000010 0.492993
0.000010 0.000010 0.000010 0.571455 0.428515
0.184686 0.000010 0.617293 0.000010 0.198000
0.268594 0.013851 0.037425 0.127925 0.552204
0.633838 0.182831 0.000010 0.012740 0.170582
0.000010 0.000010 0.000010 0.999960 0.000010
0.447957 0.167514 0.000010 0.000010 0.384509
0.000010 0.000010 0.000010 0.999960 0.000010
0.672748 0.000010 0.000010 0.327222 0.000010
0.000010 0.000010 0.000010 0.515063 0.484907
0.498624 0.051904 0.046812 0.028365 0.374295
0.000010 0.000010 0.000010 0.000010 0.999960
0.424961 0.044300 0.069199 0.054165 0.407374
0.720507 0.077501 0.172571 0.000010 0.029411
0.000010 0.000010 0.000010 0.000010 0.999960
0.237760 0.049784 0.017941 0.054263 0.640253
0.231977 0.084276 0.005366 0.059591 0.618790
0.000010 0.000012 0.000010 0.127715 0.872253
0.004802 0.031734 0.000010 0.000010 0.963444
0.323838 0.075588 0.092170 0.000010 0.508394
0.029373 0.042143 0.011337 0.114602 0.802545
0.035839 0.000015 0.000010 0.000010 0.964125
0.089157 0.299260 0.003620 0.020772 0.587191
0.259734 0.182864 0.000010 0.072856 0.484537
0.999960 0.000010 0.000010 0.000010 0.000010
0.000010 0.000010 0.000010 0.000010 0.999960
0.000010 0.000010 0.999960 0.000010 0.000010
0.228283 0.110002 0.539070 0.004825 0.117820
0.000010 0.000010 0.725713 0.013802 0.260465
0.563684 0.000010 0.209375 0.122211 0.104721
0.503940 0.000010 0.317611 0.111801 0.066638
0.359600 0.292036 0.106422 0.077453 0.164489
0.193019 0.000010 0.680508 0.101804 0.024659
0.300976 0.000010 0.563357 0.106060 0.029597
0.257604 0.510611 0.000010 0.050478 0.181297
0.390579 0.182971 0.132602 0.155207 0.138641
0.129875 0.000010 0.355223 0.513039 0.001853
0.579268 0.192997 0.104807 0.122919 0.000010
0.588404 0.182967 0.104785 0.123833 0.000010
0.652075 0.000010 0.111065 0.046166 0.190685
0.423495 0.000010 0.386737 0.058418 0.131340
0.682433 0.042086 0.116489 0.087847 0.071145
0.000010 0.000010 0.999960 0.000010 0.000010
0.652462 0.313754 0.027598 0.006175 0.000010
0.000010 0.000010 0.000010 0.000010 0.999960
0.000010 0.046551 0.000010 0.056218 0.897211
0.000010 0.000010 0.000010 0.000010 0.999960
0.000010 0.000010 0.000010 0.000010 0.999960
0.599501 0.101860 0.121030 0.091266 0.086343
0.803469 0.196498 0.000010 0.000012 0.000010
0.795729 0.077339 0.126913 0.000010 0.000010
0.824221 0.092710 0.083049 0.000010 0.000010
0.791325 0.089579 0.119075 0.000011 0.000010
0.504940 0.025906 0.000010 0.000010 0.469134
0.857727 0.028741 0.000010 0.013097 0.100425
0.010741 0.058698 0.000010 0.027243 0.903308
0.000010 0.051441 0.018805 0.532164 0.397580
0.000010 0.051138 0.000010 0.063937 0.884904
0.449794 0.000010 0.159125 0.164761 0.226310
0.281174 0.019993 0.189910 0.084184 0.424739
0.408497 0.112603 0.025985 0.087003 0.365913
0.344940 0.146954 0.000010 0.132957 0.375139
0.582514 0.000010 0.250017 0.028666 0.138792
0.000010 0.281042 0.000010 0.000010 0.718928
0.423933 0.042121 0.047911 0.140553 0.345481
0.587700 0.083689 0.060710 0.102672 0.165230
0.262028 0.000010 0.281707 0.217814 0.238441
0.260230 0.000010 0.061442 0.580008 0.098309
0.459538 0.057504 0.014723 0.000010 0.468225
0.361974 0.029996 0.006762 0.156405 0.444863
0.344802 0.000010 0.098156 0.000010 0.557023
0.178903 0.009191 0.389141 0.000010 0.422755
0.000010 0.000010 0.010071 0.000010 0.989899
0.312504 0.000010 0.472445 0.215031 0.000010
0.000010 0.000010 0.000010 0.268240 0.731730
0.131538 0.046345 0.280278 0.449540 0.092298
0.999960 0.000010 0.000010 0.000010 0.000010
0.000010 0.000013 0.000010 0.000010 0.999957
0.000010 0.999960 0.000010 0.000010 0.000010
