0	406552	386249	340015	372957	380768	358945	387405	388231	371467	361611	379885	383281	385913	366330	374391	382503	403661	420967	156542	320750	125353	127677	387426	434462	398260	434027	409188	339398	381927	280363	318950	282355	355902	337944	343629	354594	378659	219743	339898	384927	371856	371793	338985	346625	274542	322795	314194	390025	320308	366720	438629	230946	354789	448651	399312	425983	466783	413017	409875	451425	464380	459153	380416	423419	429928	419196	464765	467527	425062	420758	471404	440656	475262	387477	378751	427140	362488	433043	428737	380411	384347	474732	390246	437473	304150	397421	392975	390989	475806	418887	336140	421191	449812	472887	439064	477956	339038	425770	457338	426587	429239	397530	430293	480038	479800	397019	437599	425323	422320	230429	425259	458866	392567	442343	420231	439654	357367	382529	370259	215986	209990	400287	331913	361009	324212	405514	412929	432850	357662	313650	370362	386004	403116	410764	385416	480657	298752	404295	418013	465039	392864	339780	430752	464148	465644	459096	469053	260353	398932	214870	447677	343043	398670	297966	340772	395666	433486	432451	443119	452243	415145	374187	445055	480977	409136	376909	439416	407098	283381	397454	440791	417273	425467	449658	431072	426513	457232	397890	416670	423047	474876	431433	433049	447326	456735	396158	475960	466889	426582	390682	478436	427332	470618	397247	212262	435909	396976	428575	397983	445610	423203	443033	438283	435206	425927	453524	402565	410491	332681	384081	469231	360678	370274	369856	363447	355848	415138	366852	351926	341851	400277	476750
406552	0	245136	204314	318741	286166	353606	204802	235888	392395	342612	297668	340390	340822	336622	277810	333351	126069	388098	423379	423205	407178	408794	326964	388816	322330	365857	329453	390422	351643	393158	379464	393756	332891	336791	388835	399112	309108	393621	355353	356329	319893	372099	367843	382865	355737	290611	416460	251168	409423	296656	368421	401132	369946	425714	451325	422840	183814	407390	404826	433207	179494	399082	414726	435927	443316	454183	385174	429509	442379	437664	398426	428953	422313	492086	480651	463994	466733	453417	454519	473384	454442	194140	436535	421480	438631	394190	459779	465108	192812	379673	418703	224350	331142	297751	320590	299052	339748	310283	301883	398558	450393	461628	389380	200959	201554	437509	423365	321004	326171	464760	290127	382842	435064	419151	462239	385592	473030	457542	474008	477133	474422	457965	415641	480371	434080	445430	352022	429973	459580	386208	477214	362254	426719	381357	477370	388747	453380	473323	439383	329444	459634	449273	401302	197678	391148	443401	395361	476042	445267	477003	440404	463390	472297	461861	461141	466330	447295	432795	335422	274117	343690	474616	417096	409578	425992	469958	387817	449376	459298	456312	426814	361146	419955	419287	427896	424101	442505	440944	435522	411496	194579	464981	307171	159659	325147	457836	197648	267777	442800	444850	194287	463882	188932	458365	469645	424071	458830	330011	469012	287662	449061	431833	466275	453281	459718	415506	465163	417415	444628	394628	385898	470420	432620	434876	470199	466970	427702	444092	460514	443152	448891	403798
386249	245136	0	292006	351832	339280	364883	289439	304414	379761	364292	333919	351380	351319	357961	290489	353146	246483	390968	401150	394554	386258	387761	328715	390043	323865	359066	330102	386124	345940	372080	369442	372563	356858	341117	374907	380991	337215	375542	346012	355235	342897	384282	363852	380618	353406	324201	398229	303584	387532	337973	384667	375581	362996	427790	451757	433360	305010	398055	395245	424553	301704	392832	405485	425242	436004	447939	384884	435751	430677	426181	408614	426408	424568	475313	461580	451277	437168	447803	444317	453799	441973	314019	428670	424217	425854	390053	444387	448667	313648	396974	434775	320172	384705	367361	381643	367695	401122	361079	375525	412815	432203	443840	403602	320133	320385	423510	440480	363895	396165	446741	347800	367990	413363	413172	454251	413074	453419	432332	455192	457975	455343	444288	412548	454369	431570	434894	381352	426641	443841	404579	458710	397867	423818	406401	460160	385750	436396	457183	433529	370656	436650	430195	395334	310754	387396	436409	405520	457413	434845	458585	431255	439084	453126	448126	444242	447300	447749	435909	379327	353442	379990	461388	413679	420574	421402	464144	401366	427713	446767	444755	428891	407516	415546	417127	406445	402227	440012	428109	427748	409731	314176	457884	370731	283155	390416	436636	316544	353803	441846	421220	316418	450723	309662	440245	450945	422918	446343	388497	455400	354057	425515	426356	456812	447811	452736	421387	448387	413302	429785	394235	384361	446603	427507	424696	448203	444926	422277	426650	442191	428785	443939	420902
340015	204314	292006	0	332932	302746	352631	248497	272616	387198	341920	309396	346671	347588	348885	296709	342624	205029	387257	357180	397675	340451	341167	339880	389065	350186	381808	353913	374075	365917	372565	358904	372499	337963	337624	384817	378304	333833	356801	349437	360044	328189	368551	366619	371726	334655	299813	395790	287978	387443	305593	388566	353384	364891	423587	432508	416012	265202	421425	418360	431930	261686	424436	405532	432583	441428	442481	412724	431028	438472	434115	426177	428986	425508	471240	463142	451808	444335	441135	442782	455454	434317	274429	432370	422548	399562	394622	454950	447244	274317	403242	386150	282854	361664	342642	350910	335537	338439	337582	344310	404476	458878	448564	399406	280612	281208	429542	419337	359813	348484	411615	335945	396973	432071	432091	451722	398797	450312	432069	456710	413071	410513	451784	391394	453517	429340	434541	382757	433851	437914	383199	456272	381945	423101	388154	457141	421898	426504	451316	427185	366308	444870	426876	402816	272566	422299	446758	423494	420729	431071	413632	443166	427249	456392	428539	437331	450381	436181	426388	362242	329304	365174	454039	424444	429189	422012	448188	397297	436144	428781	440841	429922	394889	425405	428895	435560	431911	441260	418777	423304	415009	275411	450313	333335	242117	356188	445516	277291	314970	431471	432408	276146	451875	269312	446294	406804	422857	442561	367756	455260	352658	458079	432789	452001	442452	444952	425017	447144	412430	420021	406121	416380	450411	415486	411205	453443	436969	439745	430830	438292	420275	440273	423868
372957	318741	351832	332932	0	212014	247600	261782	239821	387746	238484	357583	265282	265424	229851	184893	209335	318200	391206	389513	396576	373086	375484	347495	382717	339907	372666	358953	373845	362496	369728	363193	381014	207014	361695	377398	385335	343654	367251	346097	341992	305459	328208	352096	349559	343581	348224	384972	259198	383263	331921	381398	372626	375481	417777	431547	419087	377112	420750	416948	435026	375091	423921	418121	439549	442945	426767	410621	436666	445742	440822	418062	441652	421398	460738	462709	433971	445048	426639	424125	439311	438350	385898	426344	409257	419322	408123	460405	445888	386453	409723	435752	374496	381192	406100	397474	401903	424324	399810	401947	424765	447328	442163	418793	391649	392103	441397	412871	403964	397739	437768	394794	407769	434057	431811	427667	270505	453966	441389	456054	447352	445299	442142	407023	452497	432597	436162	409868	432193	435967	405935	452829	413610	429288	431213	448547	427979	435368	441063	421466	309541	444113	431220	424328	379303	412812	440816	415142	451977	429028	448269	432364	442021	445223	437667	432628	436293	414558	410405	425141	404065	426708	432559	412588	417673	429712	430575	412775	435355	445307	445875	425821	418039	418808	418362	437825	434236	439667	430377	421882	419837	386648	430702	413933	357271	390798	442491	387868	398435	431624	430186	388716	433958	381710	440839	441124	408402	436525	423389	442489	409994	457720	427792	439287	435035	425541	405047	445146	407017	420232	396921	414070	445675	413531	416016	443416	443409	425553	418863	437988	428437	425565	418595
380768	286166	339280	302746	212014	0	282598	255787	241194	386920	251705	322733	287070	285537	281421	240810	262936	284329	385302	397410	402971	381660	382888	343381	373737	329797	368316	349938	370702	356725	377059	363725	385399	229534	335237	372153	370687	332945	368712	334629	326829	293745	317923	360063	338821	351825	344249	390624	256628	378988	314531	366372	378681	370907	400647	425103	406743	344491	416601	412575	426956	342711	416332	413826	432310	439362	428268	405436	428505	441301	436646	410328	424110	409930	472926	465600	442189	450324	426175	425372	448147	448409	354085	431081	408769	407100	403979	457254	450252	354206	401143	427320	341100	368523	382061	384857	360539	415535	389183	368405	414247	453391	443645	404903	359822	360100	433562	397535	400006	397479	444779	377137	399471	434737	418761	430953	301178	460255	448622	459589	452970	450702	443669	413137	460593	437728	429871	408783	435129	442113	399322	460612	406456	428145	426421	451564	414297	435006	449926	421152	326506	448972	436024	408186	346156	411301	434555	407657	457178	427183	453749	429446	450028	441810	435798	425380	438276	417227	400443	408223	378559	408043	431292	404747	400875	428918	438499	397063	443088	448321	447338	419304	411369	415538	410471	426580	422220	433073	413460	410230	413296	353965	433019	393149	324782	388116	447435	355702	368236	431715	432936	356913	442125	349554	449900	446023	397053	443254	415289	438697	382870	457717	413329	439370	429918	427100	403133	442365	408000	432001	404160	414386	454710	421535	416237	452765	450890	425622	423806	443856	428817	430951	403990
358945	353606	364883	352631	247600	282598	0	318435	317304	331029	298610	344696	326486	326935	304396	278252	294653	350886	389332	378394	372048	358747	360711	361983	384203	356095	384041	373602	361419	352259	339616	345283	361521	273847	343035	362923	361687	363428	340474	346164	341927	332139	341267	348949	344715	349193	353825	357889	310468	348312	337665	389513	346871	336468	402714	427761	423093	409815	429570	426037	407402	407945	433734	416743	395673	406298	424849	419872	432366	405119	400370	428415	432916	419010	444803	448582	431952	410403	431111	423181	433967	420900	418129	421492	393991	379101	409923	433887	439237	418852	414211	443970	396030	415070	422438	419917	427243	425816	417830	415340	426782	432265	427738	414653	423996	423804	429793	426279	403095	414259	423504	410486	416495	421042	421217	425849	352330	429521	432300	441447	433829	430928	423631	407430	431200	421606	432045	417842	439202	412295	400548	428756	410997	419430	411968	422387	434697	425174	423526	415119	376086	428635	406752	412999	407031	430360	406847	424976	434236	416147	433142	406295	420712	422472	427837	414840	426862	421909	416908	427038	416259	418661	425628	407679	427755	430430	415526	420936	417393	426516	435645	416496	408381	412856	424191	428864	425856	419185	389816	404483	412602	418355	427789	427352	390215	429780	431221	419463	426846	428806	420279	421103	431868	413652	440731	426039	404916	421273	420580	436903	413991	444653	411531	441166	432142	422297	427425	423316	417245	409016	388634	429224	429732	417250	418239	436623	426715	432387	416181	426130	396036	410172	426343
387405	204802	289439	248497	261782	255787	318435	0	171549	384244	282638	317526	299547	299353	323479	241413	291675	205294	383971	403142	406703	387974	390073	341147	381467	327760	367581	348624	380485	357271	382948	369165	385110	274747	346244	387472	383454	323777	379864	345357	350369	299154	347418	366498	365018	352854	330689	406511	259427	394750	304971	375897	386702	373375	420717	435478	416051	266150	418417	415031	436050	262620	406553	416248	438997	445178	441305	404740	428604	447492	442998	408539	441495	417255	483118	472562	439943	453005	444741	440711	463354	450316	275729	427890	419576	427131	404581	459082	453581	274960	399655	411688	279474	364142	331895	353755	331729	363003	358961	332658	389726	458098	454678	391248	281811	281950	438005	421220	345094	350594	451749	337916	391710	436348	432920	446753	339608	460702	448965	466859	459752	457708	453484	413026	467715	430722	442728	384351	431301	450873	387150	471374	388609	423313	390437	467522	409422	446120	459839	431908	335716	448448	437469	407996	273743	405949	443077	405669	462080	432774	460410	435261	454897	453688	446545	446625	444456	438497	426277	366484	334493	388464	452673	423223	420487	442961	452128	395781	449820	449123	446102	435936	396259	422487	426457	431775	427621	439405	435290	423906	412338	275630	440539	355714	244200	355472	449042	277886	334702	434791	442466	277715	439923	271322	449027	453336	422915	457231	362405	450164	341737	467207	429407	445756	449007	434336	421409	447406	422335	433294	402104	402039	460155	426656	421724	462125	456134	439995	434407	449301	437732	438065	412333
388231	235888	304414	272616	239821	241194	317304	171549	0	387354	255104	330921	273901	273703	311724	224839	278755	238595	389237	401179	406853	388479	389942	347735	383407	333563	367966	347317	387442	365388	382311	372903	389112	255617	350264	396265	383473	335171	382515	345743	355708	305575	351135	373549	367760	354073	332388	401632	251703	398459	322650	381451	391490	378482	420508	439913	420127	294752	410617	407308	435471	291162	415670	413899	440293	446185	446075	400861	433691	450875	446925	416107	440072	420181	478796	474542	444254	454951	444375	438935	463703	447556	303740	432836	415497	427826	410383	459187	453789	304007	394040	421345	298807	369969	354214	368362	348175	383150	370413	355784	387074	462482	446821	403652	309933	310669	433801	419688	354822	367441	448859	352994	388035	432759	433345	445205	321557	463385	453792	468052	457723	455417	451751	416384	466282	436300	439342	388733	437294	447934	395463	467264	397375	425072	394846	462564	408462	445886	461084	428281	314735	450923	440895	413246	301116	410282	441123	413449	460477	430797	458033	438617	455678	451055	445744	445532	439514	434834	429632	377678	364104	405570	452975	414751	419244	438138	450033	397903	444555	450662	451641	436729	408456	425900	421974	432439	427880	437409	438073	421132	412745	304340	442733	374553	272731	369135	451893	307265	346647	438586	440921	305976	443878	299700	451138	450775	424568	449154	381039	447884	362363	466952	430821	442307	445221	437523	412996	445941	414181	434542	404710	399882	458862	431512	419894	460528	458525	433078	433312	450955	436895	434808	416741
371467	392395	379761	387198	387746	386920	331029	384244	387354	0	350739	378339	367070	368264	383056	387412	374250	388954	391707	387869	379865	371033	372520	367887	380161	380859	396681	381504	354992	372735	374694	369195	354435	379428	373354	350592	369087	383734	350178	369704	368604	372550	369158	376279	376653	382010	372913	363703	386197	359058	378747	403564	370963	342028	424893	451616	427642	445613	430643	427237	380142	443710	439207	423055	402476	410784	452529	418422	434655	410652	406469	441702	421931	415667	442804	435087	432444	440827	445089	451704	429636	427440	453916	435122	370679	381501	419686	432853	435133	454293	438253	435557	420689	434580	453629	448177	446495	441779	452888	451635	443144	433581	447573	446371	459359	458721	433508	434482	441674	443464	438467	437521	429960	429518	429639	435132	451304	443783	434686	427447	442129	439766	442437	437481	426190	435004	439089	425983	425156	412186	425847	431670	427078	431995	440351	425764	447289	434251	427037	435245	451362	417250	422088	415178	443132	438613	351070	438955	448504	431173	441841	362673	438620	422781	434865	433260	423943	443842	435898	450299	443297	427000	436239	429984	442259	423829	424493	430141	429139	435851	443661	449032	443115	412826	432526	439627	435794	402008	413075	432981	421206	454061	438851	425914	427823	456557	424831	454825	454367	439510	440128	456425	432576	449209	430067	435356	431080	431377	430573	430553	443100	421865	433628	434329	418505	433973	447251	432641	430870	406429	409782	437517	423140	432573	430142	424133	442755	444396	405433	415736	397072	413433	437053
361611	342612	364292	341920	238484	251705	298610	282638	255104	350739	0	359987	254527	251915	295400	264830	283832	340411	397126	380079	397078	361144	363429	360628	389362	359887	391443	368180	379923	382016	365825	357420	369728	242040	360749	378418	380718	357017	347618	350299	356260	325923	334651	362916	349513	350751	368588	384972	298283	378056	336119	388171	368954	348533	419550	428517	420726	399865	406903	404141	420212	397027	436040	409538	411745	417823	435142	422349	439829	416712	412312	434489	433706	425681	462779	447317	425450	438107	428398	419544	435505	439776	408449	424604	407952	409132	421139	446455	430189	408832	407943	425898	379667	393399	420241	408967	414111	429107	407905	408385	427272	452083	429549	420429	414192	414019	427696	414408	416745	411451	428412	403474	417754	431060	437585	429719	327390	446497	442908	440348	434388	431523	441981	417412	444617	441681	410475	417027	439131	433849	394272	449648	418459	428578	431259	446452	442096	423138	447869	418187	359285	436745	424764	421847	400022	416372	426449	431855	440652	416709	434411	427893	438447	436307	422587	428992	427977	410518	418522	434677	428128	433264	430405	426362	434351	429267	436759	412111	445534	428712	443679	439686	426270	428684	422037	431628	427168	429459	426871	428565	423771	408812	429806	424816	379664	400297	431899	410183	413942	422213	425626	410542	425056	403407	429406	427266	422758	427398	439916	418364	425690	454633	436617	425684	439860	424545	413321	432401	410010	415546	407362	431402	434046	411749	407079	431388	437390	426040	415280	432417	424967	434950	425223
379885	297668	333919	309396	357583	322733	344696	317526	330921	378339	359987	0	363128	362594	361274	348144	363344	296633	401245	399258	391361	380048	380823	335137	396903	362148	380842	362859	370484	363306	362324	291968	355398	327814	309287	372289	345725	341039	352811	348333	309843	317377	288535	367547	315300	362882	336250	378375	287400	318474	270563	394237	355474	374016	418039	443034	427858	357691	421977	418609	443427	354493	428420	419623	436328	447711	454625	412056	443867	441840	437542	430072	435207	434430	457507	443117	365366	440256	369666	354871	409696	434853	367106	425828	431511	384879	406500	442070	414743	367853	405254	417205	352294	368698	399495	414798	397843	411890	393996	364440	400361	437797	409142	398448	373479	373455	432202	431865	392895	399847	441252	384322	418908	427916	431764	392588	423679	444682	439864	434703	455352	451979	441228	423761	440999	442891	429825	403504	432180	417581	401727	441274	406519	427276	411900	445454	433486	437265	406229	383769	401104	386144	416747	417028	353870	426292	447282	426674	452422	421015	455196	446155	434202	405574	405690	395663	403522	399849	438304	355868	388590	375777	445147	415275	437059	385123	445469	422997	436097	434091	413740	419952	408491	425225	430038	387489	383898	443634	392406	418899	425608	368079	374336	395137	335760	363532	389114	368626	365425	357288	402936	369647	365525	361120	399121	444312	427604	408966	396663	401997	388050	427072	433680	371524	444872	369388	404399	404038	419177	417426	393769	428310	431624	422741	422008	420200	441410	441846	410792	430416	423700	433373	430092
383281	340390	351380	346671	265282	287070	326486	299547	273901	367070	254527	363128	0	121669	304991	289173	299451	338764	370131	401447	412177	383559	385651	354639	377347	356111	375552	356728	395179	365325	383435	368990	388508	270370	375606	384658	383254	349074	377021	365830	347423	338862	352155	373130	361397	361861	371332	407635	298966	397893	337518	373273	385445	366772	421381	449995	436670	399486	415194	412471	419899	397286	424456	421743	429677	437276	452182	417885	414432	435066	431132	422649	429690	414133	481837	476377	445280	456846	425649	432817	459195	459771	408753	441940	404933	421052	420572	465882	452445	409303	436242	439630	383697	401912	430346	426954	405316	443298	423914	418173	446140	460337	447192	433188	414287	414833	440584	426911	425553	420940	448087	412315	407971	436166	431571	446493	363479	466811	455470	469595	457925	455616	466185	426920	465577	445657	439988	428298	439934	451700	416721	472738	427804	439772	439651	471066	435542	446101	458130	423376	366166	451818	444145	412976	399594	405480	423504	419063	461501	430626	458693	421223	454610	454776	441019	441694	444879	421074	413320	440616	428499	442592	456534	426335	426466	438245	451273	417790	450567	453050	453580	442941	446108	422208	419445	428026	423182	385122	430129	430208	422589	409028	442905	433204	379145	398073	442461	410403	417808	430674	439609	411387	445258	403845	446611	451363	419733	447678	450018	446921	433704	456489	434629	438467	442170	438430	409610	450550	413868	434610	407456	414568	461083	426215	424777	454604	454599	439359	433985	449556	435242	414028	412246
385913	340822	351319	347588	265424	285537	326935	299353	273703	368264	251915	362594	121669	0	304930	291178	299366	338778	370224	403305	413427	385992	387999	354752	375795	354483	374137	357210	395829	364775	385512	369511	390661	269905	375472	385955	383667	348995	378843	366192	348116	338916	352275	374015	362471	363212	373174	410145	297682	399430	337232	371942	387396	367994	420516	450108	436055	399160	414141	410790	420000	396628	423336	421419	429845	437996	451816	415589	414477	436301	431871	420692	428301	412284	483358	477209	445583	458365	425479	433127	460741	460865	408383	442583	404264	421794	420822	466349	453000	408480	436084	440483	383339	402391	429434	428021	404822	443225	424322	417782	445074	460078	445885	432154	413369	413661	440956	425292	426165	421574	449716	412019	406748	436828	430916	446885	363009	468278	456282	470898	459378	457412	467321	427942	466765	445460	439731	429513	440191	453715	418125	474327	427290	439464	439611	472955	433976	446629	459428	422721	363412	452850	445547	411880	399043	404568	422811	417626	463403	431251	459768	420925	456051	456309	442544	442742	444960	420134	414076	439911	427530	442332	458262	425205	424049	438806	452578	415472	450053	454230	454449	442354	445892	422405	418187	427006	421980	385412	430212	428651	422981	408575	444249	433290	378835	396758	443014	409402	416744	429882	440607	410927	445583	403242	446736	452542	420466	448567	449932	446599	434046	456261	434300	437157	442692	439727	408501	451643	414053	436752	407902	412842	462356	428352	424936	456807	456278	439860	435699	451520	436883	415385	410511
366330	336622	357961	348885	229851	281421	304396	323479	311724	383056	295400	361274	304991	304930	0	263234	255124	333960	403256	387064	397800	366139	367565	338043	378877	333163	372679	354972	354432	359077	356974	361551	378908	269649	356495	362549	386730	346237	359054	354273	343560	345842	348117	348261	343228	346105	351976	391502	284400	381712	329629	357946	362876	367231	399604	430678	399482	393946	410437	407456	432256	391397	416860	404277	426838	435017	425917	398933	443893	437106	432992	403890	353329	413754	451941	457537	448099	430395	428504	429096	446524	439560	402518	427525	414140	408385	395873	449316	444456	403313	408327	429356	378130	378359	417754	418875	394852	433325	397349	421615	453107	443552	440615	427714	409149	409140	422291	386951	424542	410538	425909	398767	415511	425792	414463	438292	343763	436345	436851	450470	441383	437499	441776	410426	442153	428531	434778	405345	421926	426433	396134	446921	412222	418168	433012	454642	421157	428211	440421	422217	346137	439714	415785	418681	394658	415211	434124	399999	438772	424444	440510	423163	431795	442289	431138	431885	446600	406753	383675	424070	394774	431671	430722	409468	398979	406503	428232	415840	439593	437638	445350	407606	417735	403982	400040	435240	431378	438767	419831	414804	412998	403335	450236	432757	373567	395608	433545	404774	402914	429641	425539	405631	447909	397903	435618	433882	391446	436364	448235	451673	404763	442928	422738	446743	434661	445827	405948	446802	407492	403049	385967	401293	438534	398254	415963	441890	426812	427904	422663	413966	421825	423588	399149
374391	277810	290489	296709	184893	240810	278252	241413	224839	387412	264830	348144	289173	291178	263234	0	249572	277767	397835	393933	402528	373858	375498	349754	387317	330163	373355	352138	373030	367379	372144	369855	385380	240161	353765	383328	387435	339705	363314	337757	347584	307190	348825	357889	358447	341278	338472	392562	261590	385324	336291	386195	376876	373075	414889	438754	419137	337373	417712	415013	435235	333910	420214	410195	440779	445990	431025	411744	439641	445651	440835	422506	437321	422517	471160	468212	445111	443667	448009	438557	454200	437227	346647	425179	409236	419414	401405	455182	453405	346725	402272	430221	335091	385133	388047	376126	378434	410188	371950	383287	415483	445965	446743	417437	353103	353476	445732	413341	382351	382349	439411	370339	393738	431716	430163	432486	293530	454700	439689	460549	448425	444996	444025	405074	455942	435746	439502	395258	430662	437167	396002	451522	399435	424111	409366	455467	420235	435284	448752	431451	313292	443755	432355	417677	341535	411075	442592	419406	452597	428796	448231	434436	445732	450574	441118	436956	444048	426008	411639	406980	384711	415319	442793	411410	417666	435409	435278	406886	431470	443397	444194	422447	412568	413392	417377	439078	435413	439123	429513	423671	410981	347270	444547	388916	315394	398456	448693	349336	376545	442506	432343	348657	445380	342080	448397	440845	409004	447786	405901	446141	379619	454133	422412	444121	432408	438921	424534	451444	413839	423388	403017	407730	447339	419299	417476	450659	445657	423108	425851	442356	430662	425287	423828
382503	333351	353146	342624	209335	262936	294653	291675	278755	374250	283832	363344	299451	299366	255124	249572	0	330840	383236	400193	409202	383373	386023	346268	360874	338401	359250	347639	357533	360085	380448	368941	391435	262493	368016	371808	379085	347517	374332	353696	343211	322898	337545	353969	357872	355533	355983	389054	294501	387053	339501	366646	379837	370541	395175	431258	403285	393308	430571	426982	423099	391010	430329	421264	432869	439061	421394	406519	430373	441520	437432	418224	370588	398227	464513	476428	438784	451781	431859	433762	453641	448701	401757	439270	411193	416269	407247	471979	463433	402298	428624	436986	381832	388574	417087	412616	399651	437070	411851	411788	436662	454975	456101	430776	407454	407512	447873	403548	415910	408949	450049	415593	402498	443751	424991	435512	336644	459120	437265	471063	458494	456424	446262	419923	459831	440760	451761	417857	436596	445214	422330	465280	427301	424542	427912	454440	420953	446252	441575	413390	353327	448846	436983	415122	393622	414493	427461	414937	458838	425932	459180	414265	449760	445132	448134	438728	444876	415718	394821	432811	411985	444055	446133	414423	409261	431331	436703	412205	434504	459998	452076	423629	428078	422157	407405	440391	436733	423250	421785	408221	414202	401975	439712	432587	374258	405320	451189	403589	411321	443138	440701	404963	438116	397841	445788	452092	394312	443731	448661	460089	408869	470685	408669	442468	431816	433950	411431	445822	409119	426800	403264	408377	462596	413977	424129	464104	446753	438745	435456	440478	433498	423767	406487
403661	126069	246483	205029	318200	284329	350886	205294	238595	388954	340411	296633	338764	338778	333960	277767	330840	0	384957	420787	420935	404253	405270	324804	385273	318565	362720	328081	385880	347629	392440	376717	391214	330751	333186	386336	396145	306694	390080	353437	352582	316955	368543	363318	380559	353317	290550	414471	251324	405363	293550	365915	397144	367689	425098	450840	421666	189196	408351	405432	432250	184879	399446	414967	435667	442826	453767	384795	428893	442560	437698	398663	428146	419827	490922	480131	464175	466593	453059	454094	472896	454056	199082	437209	421733	437260	394415	459471	465081	198502	380732	418416	228937	333458	300800	323271	302314	342132	312581	304508	399400	450329	461591	390384	205682	206425	437987	422847	323848	329149	464514	293377	383494	435431	418889	462705	386709	472407	457046	474187	475765	473834	457988	415716	479697	433859	445526	353908	430117	459638	388045	476823	363043	426322	381871	476679	389631	453061	472970	439759	331189	459663	448363	401477	202092	391325	443022	395653	475205	445181	476549	440083	463692	471818	461538	460243	465672	446792	432076	336997	276751	345610	474274	417114	409751	426287	469670	388227	449899	459393	455692	425961	362374	420386	418772	427873	423738	442290	439725	434857	410723	199610	465169	310688	164985	327533	458476	202646	271667	443421	445317	200067	464250	194169	457993	469169	424016	458644	333066	469628	290119	448882	431558	466238	453460	459809	416029	465095	417523	444355	395299	386650	470480	432406	435305	470231	466767	427406	443998	460852	443118	448758	404150
420967	388098	390968	387257	391206	385302	389332	383971	389237	391707	397126	401245	370131	370224	403256	397835	383236	384957	0	395001	390711	421543	426651	376756	320935	352950	321623	341303	389377	355708	420784	410574	427361	399160	398387	389323	369469	378162	416210	394553	381338	400359	400495	392158	411006	399089	376190	435446	377648	434594	390545	387198	410667	390823	406552	444847	443649	428083	441591	433226	406794	429996	417996	438692	434996	438767	440518	411935	205402	436821	432698	411085	431722	369298	483046	488074	469274	474759	453004	462252	487431	466043	433439	451986	407452	442673	449505	474620	479972	435778	466094	451131	429972	437815	432860	453688	410777	443916	447470	434639	448323	442017	463240	439204	433887	433304	453365	426469	453016	453756	471687	454260	402513	448496	436386	463096	443059	474106	457911	491321	468947	473596	468224	444665	476530	454668	454854	464139	448269	472932	455669	481030	439673	426966	441795	476373	419072	457467	470504	436939	427418	476020	451932	406829	426324	418456	410028	411653	472794	444130	475163	407401	462297	474199	467781	459161	463660	438498	429479	446102	419671	457566	473826	426472	416782	447154	465398	407497	451625	476768	459356	432565	468333	424653	422257	447985	443516	384132	434387	428340	400987	431446	464054	458248	422165	451351	472747	432464	443205	452632	453459	438990	466977	435762	474466	472118	428029	477011	454641	472729	431876	461324	425970	461880	453537	459883	437169	468444	424701	464815	424931	424121	484673	453096	444684	492846	475658	459224	476575	470328	448354	417013	409463
156542	423379	401150	357180	389513	397410	378394	403142	401179	387869	380079	399258	401447	403305	387064	393933	400193	420787	395001	0	300658	156263	159424	404564	404619	405919	402898	413374	357966	393176	303179	339432	305707	379577	358921	361361	339032	395086	244427	360579	402125	390743	390275	357833	368236	297185	332802	338044	399938	345897	381981	457366	253440	371523	446955	398138	430737	467462	420594	414360	447669	468566	462716	384240	426829	428473	410921	463765	459247	425137	420766	469650	440113	456024	386079	378303	431526	368722	432864	432264	384727	390241	474030	397624	437915	319355	403795	399188	394178	476469	422329	335214	434918	455047	470890	440149	473469	342055	429784	458149	423504	430077	398879	425997	477348	476733	399088	440787	433278	426986	241454	431878	459891	399684	446809	426695	441658	362467	380216	376213	218813	219241	403204	341244	368965	333069	409650	422272	434157	365531	324926	378847	385131	400188	411183	386582	476179	299972	409850	425903	460375	401621	343249	432600	465522	467864	454267	469108	260476	404936	222882	443837	351450	407210	308440	345256	401421	433838	434931	444070	456094	426509	381881	446597	480496	413802	382498	437140	412160	295056	396388	441735	424509	434439	450509	433971	429411	461376	404077	418099	421480	473186	437590	440921	457832	456679	403763	473897	469548	427563	396584	480165	431142	474423	400163	222602	440116	407813	432764	407083	446245	426285	447228	441691	437735	432149	453383	405949	419460	347993	397767	471868	372856	382606	376902	373480	366484	417156	381625	363532	353468	404134	479523
320750	423205	394554	397675	396576	402971	372048	406703	406853	379865	397078	391361	412177	413427	397800	402528	409202	420935	390711	300658	0	320611	326008	400353	398038	405675	387100	413605	346420	390233	213751	333136	292403	387247	351938	353167	327679	405982	327212	371120	390272	381532	371545	372418	362666	371096	353855	320515	397614	321274	377684	460680	312443	371005	450753	401959	426554	466976	430850	423467	448654	468067	464106	392900	418247	430036	422642	452673	464094	424430	420565	470133	443093	451597	375045	348326	409946	287343	415523	419939	354044	373670	472775	394388	439897	404820	394752	382484	372093	474833	405001	422818	438225	444324	459678	435310	479298	427217	414543	456081	416255	387117	377886	413016	474595	473421	403511	448813	425447	406369	375688	427011	464437	397369	448507	411665	448690	371271	385861	348326	376623	379214	401521	420157	355123	428716	393943	417404	417025	340245	384799	354342	405724	402262	415085	367801	465948	382828	391104	419000	460442	369736	352819	428667	464882	461727	449550	470238	374912	407939	382514	446515	367852	388880	398286	401537	391106	425378	444861	441011	449713	408840	381892	442383	487086	405511	377373	448758	394462	360673	392508	448689	418546	415087	461226	429830	426318	465874	407718	419919	426090	471098	412547	424510	459497	449241	389524	471181	462087	407515	374980	478531	408969	473126	381978	378150	449063	393447	418598	380975	444625	395592	449688	426568	415090	408304	447658	394507	418260	346313	398222	471426	348184	393001	389802	350723	374700	409374	363716	358260	394346	404477	483016
125353	407178	386258	340451	373086	381660	358747	387974	388479	371033	361144	380048	383559	385992	366139	373858	383373	404253	421543	156263	320611	0	126560	387896	436310	398281	434494	409454	339415	381930	280931	318703	282370	356321	338110	343962	355363	378911	219594	339705	384534	372284	371544	338703	346060	274353	322057	314149	389572	320869	367144	438545	230641	354331	449239	399958	426422	467194	413196	410824	452603	465435	460034	380978	424170	430196	420153	464823	467847	425154	420611	472624	440977	476434	387631	379748	427708	363076	433445	429172	381283	384776	475425	390887	438356	304722	397946	393755	391614	476441	419215	336433	422322	450923	473533	440045	478736	339168	426229	458709	427379	430308	398360	431823	481105	480814	397528	438372	425632	422764	230677	425514	460031	393328	442987	420108	440684	357542	382956	370814	215603	210062	400770	332591	361505	324060	406222	413698	433676	359146	314778	371045	386479	403919	411812	386017	481344	299152	405018	419579	465895	393393	340838	432018	465117	466450	460487	469394	260186	399839	215088	448454	343326	399408	298144	341748	397325	434215	433356	444043	453355	416137	374992	445673	481563	410020	377614	440099	407778	283350	397882	441375	417826	425935	450090	431490	427354	457834	398767	417055	424040	475857	432227	434091	448318	457455	396714	476493	467941	427561	391606	478957	427559	471818	397206	211996	437017	397402	429055	398282	446188	422968	443831	438835	435789	427274	454075	403710	411207	334029	385591	469202	361426	370987	370967	364184	356142	415824	366943	352323	342263	400841	477640
127677	408794	387761	341167	375484	382888	360711	390073	389942	372520	363429	380823	385651	387999	367565	375498	386023	405270	426651	159424	326008	126560	0	388987	438946	401329	439808	411751	341048	386403	281565	320710	283872	356536	339484	345389	357192	379919	220927	340509	386561	374273	372881	340419	347868	274806	326886	315526	393378	321275	369022	437865	232447	356254	445582	395888	422376	463146	408433	406466	448523	460877	455517	376916	419397	426207	416898	461824	465037	421375	416727	468602	437671	474189	384138	375960	423195	358379	429748	424356	377000	380109	471763	385744	434294	298679	393057	389193	387328	472803	414889	333133	417069	446645	470093	435878	475293	335189	422194	454500	424174	426017	393943	428412	477416	477517	392839	433847	421010	418399	225343	420181	455478	388715	438212	415632	436438	352888	379828	366391	212167	205609	396827	327025	356613	319517	401860	408275	429150	353153	308310	365579	382732	400099	407561	381638	477726	294923	400130	413978	462103	387864	336619	427571	461094	462149	456540	465327	256510	395312	209633	444391	338132	394201	293331	336432	392277	429805	428778	439688	448905	410881	370028	441187	477445	405191	372373	436138	403053	278280	393989	437126	412881	420896	445735	426502	422451	453762	394318	412712	420383	471927	427535	428736	444428	452967	392264	472992	463503	422794	386230	474806	423101	466769	392948	207021	432333	392524	425057	392528	442044	418825	439466	434278	431586	422617	450087	398556	405977	328405	379683	465467	355918	365100	365682	358821	351331	411785	360985	347309	336327	396611	473176
387426	326964	328715	339880	347495	343381	361983	341147	347735	367887	360628	335137	354639	354752	338043	349754	346268	324804	376756	404564	400353	387896	388987	0	359514	310295	345745	316568	366127	347781	382925	354133	370444	350527	345740	369147	366847	347240	366921	352415	335647	352730	351348	353126	360030	339574	346593	385765	321085	373266	332974	366465	373266	358294	409497	450412	404802	385057	388867	386072	417234	382011	397902	408550	419338	424844	450087	311244	420001	420380	415636	385523	404635	394843	462373	459984	440202	456255	429167	421006	452085	434891	393525	409137	416081	417377	412887	433450	452084	393406	409707	419785	373561	385207	392963	428091	403596	423640	410928	413978	431246	413305	443969	412967	399980	399754	416465	417706	421700	424020	448286	399431	363277	406459	398554	432810	417492	457680	437450	453917	459540	456645	450455	398213	445826	425987	431742	408025	394315	437709	425006	446846	418598	425166	434629	448669	378973	441877	437983	417452	391969	429768	433898	403691	383627	372658	431034	382248	459378	420196	459881	431661	437569	442005	441026	430694	434263	419543	416925	400590	391176	407188	446307	408887	397909	399308	442234	392296	441459	447672	438509	410203	427161	389862	396728	416301	412422	430410	414972	419807	402557	394476	437798	404505	364629	409247	427897	395248	403318	423755	419690	396448	439811	388721	433461	452037	413647	434749	409807	441519	404886	427608	415215	430730	418975	433446	391434	446292	385204	416577	367470	380074	440567	424094	424524	446582	445932	424218	420511	423124	432187	436526	403503
434462	388816	390043	389065	382717	373737	384203	381467	383407	380161	389362	396903	377347	375795	378877	387317	360874	385273	320935	404619	398038	436310	438946	359514	0	356850	305427	337617	380616	340258	423435	403344	433508	394657	391734	364710	342176	386911	412024	379881	374462	386957	390529	390934	405252	403718	392520	433508	372321	430083	370590	381832	416350	378493	367797	438297	412949	418662	431458	421193	364631	422009	397368	415878	420300	426498	414966	394403	384720	423233	418163	401997	394536	152296	473693	478438	448808	471321	442305	439097	481298	463265	425586	449703	383134	435310	428098	470844	470290	428550	448922	438740	419978	412660	415233	443947	389565	448045	444579	424410	434199	446415	453911	431843	428896	427312	439529	392013	450672	447164	473681	445799	382229	443979	423139	449582	431634	469540	438136	482818	471609	476302	456062	440249	470817	453999	449098	442988	432319	459809	449790	475723	431263	399371	422038	461561	405162	445239	455234	414328	410124	457965	437766	345890	411257	412145	392407	402742	467997	413603	476185	391983	460715	454831	460707	434945	452050	413497	390336	433174	408836	452517	467122	400605	392438	438692	451155	390161	435445	474842	441994	425644	455591	420654	395404	437377	433128	400234	410332	396319	339351	424137	456529	444126	414422	434729	457785	424049	430063	433746	452420	432986	447231	427086	454818	471807	388979	464784	445243	468432	422488	457919	390246	440668	418733	451746	418086	450396	419335	449437	418301	413103	483383	435428	420063	487169	462874	442617	464750	457931	445770	431880	390361
