0.000010 0.896377 0.000010 0.005841 0.097762
0.000013 0.486871 0.000010 0.010314 0.502792
0.000010 0.663688 0.036874 0.034724 0.264705
0.000010 0.000010 0.999960 0.000010 0.000010
0.000010 0.483055 0.102870 0.073995 0.340071
0.009353 0.501356 0.097905 0.088050 0.303335
0.000010 0.841827 0.000010 0.000010 0.158143
0.000010 0.000010 0.999960 0.000010 0.000010
0.009561 0.939622 0.050797 0.000010 0.000010
0.000010 0.439215 0.089845 0.202475 0.268455
0.009068 0.638241 0.008130 0.067149 0.277412
0.000010 0.637913 0.000012 0.000010 0.362055
0.000010 0.630455 0.000010 0.000010 0.369515
0.157887 0.654718 0.091921 0.000010 0.095464
0.000010 0.845495 0.027097 0.000010 0.127388
0.000010 0.615429 0.000010 0.011534 0.373017
0.000010 0.626687 0.000010 0.044502 0.328791
0.000010 0.999960 0.000010 0.000010 0.000010
0.000010 0.800767 0.003501 0.040544 0.155178
0.000012 0.999958 0.000010 0.000010 0.000010
0.000010 0.000010 0.000010 0.000010 0.999960
0.000010 0.000010 0.000010 0.000010 0.999960
0.031416 0.000010 0.000010 0.000010 0.968554
0.000010 0.083697 0.000010 0.136374 0.779909
0.070497 0.000010 0.000010 0.000010 0.929473
0.044120 0.000010 0.000010 0.000010 0.955850
0.000010 0.000010 0.000010 0.000010 0.999960
0.000010 0.159170 0.023419 0.042915 0.774487
0.000010 0.000010 0.999960 0.000010 0.000010
0.000010 0.347442 0.039398 0.074785 0.538365
0.111313 0.755744 0.004223 0.064899 0.063821
0.000010 0.425467 0.000010 0.381733 0.192780
0.051600 0.302937 0.181580 0.160539 0.303344
0.000010 0.110577 0.021930 0.035154 0.832330
0.000012 0.000010 0.000010 0.000010 0.999958
0.000010 0.000010 0.999960 0.000010 0.000010
0.034997 0.137884 0.277538 0.003776 0.545805
0.000010 0.199117 0.167158 0.194355 0.439360
0.226901 0.000010 0.683096 0.089982 0.000010
0.152778 0.221273 0.392274 0.000010 0.233665
0.000010 0.386819 0.586933 0.000010 0.026228
0.000010 0.000010 0.549785 0.022501 0.427694
0.000010 0.446027 0.553943 0.000010 0.000010
0.000010 0.000010 0.484427 0.229180 0.286373
0.000010 0.000010 0.584955 0.059223 0.355802
0.000012 0.000010 0.619329 0.000010 0.380640
0.000013 0.100429 0.246684 0.000010 0.652863
0.000010 0.413135 0.018534 0.000010 0.568311
0.024911 0.057391 0.000010 0.014592 0.903096
0.000010 0.210778 0.264958 0.000010 0.524243
0.000010 0.000011 0.999959 0.000010 0.000010
0.000010 0.000012 0.999958 0.000010 0.000010
0.000010 0.387075 0.038195 0.059976 0.514743
0.000010 0.869996 0.000010 0.071761 0.058223
0.026087 0.000010 0.509304 0.054687 0.409911
0.000010 0.000010 0.552023 0.059396 0.388561
0.000010 0.000010 0.000010 0.445790 0.554180
0.000010 0.000010 0.662834 0.067418 0.269728
0.096916 0.780546 0.122518 0.000010 0.000010
0.000010 0.364303 0.042676 0.112103 0.480907
0.012610 0.667719 0.048154 0.043022 0.228495
0.095736 0.119210 0.000010 0.000010 0.785034
0.113013 0.352890 0.225693 0.000010 0.308393
0.000010 0.016690 0.000010 0.164188 0.819102
0.000010 0.281423 0.000010 0.067761 0.650796
0.000010 0.000010 0.000010 0.000010 0.999960
0.000010 0.000010 0.000010 0.424700 0.575270
0.000010 0.000010 0.000010 0.449931 0.550039
0.000010 0.165952 0.017305 0.031481 0.785253
0.000010 0.420237 0.080705 0.289717 0.209331
0.000010 0.000010 0.000010 0.178086 0.821884
0.000010 0.520623 0.000010 0.290769 0.188588
0.008250 0.316422 0.029028 0.027347 0.618954
0.084947 0.000010 0.360440 0.109651 0.444953
0.000010 0.605306 0.029935 0.027777 0.336972
0.032395 0.000014 0.000010 0.228138 0.739443
0.000010 0.000010 0.246364 0.381633 0.371983
0.000010 0.000010 0.000010 0.112349 0.887621
0.000010 0.238919 0.317786 0.136280 0.307006
0.000010 0.502808 0.035182 0.069989 0.392012
0.000010 0.229217 0.279764 0.061307 0.429701
0.009629 0.000010 0.000010 0.124397 0.865954
0.000010 0.777769 0.157419 0.000010 0.064792
0.000010 0.172354 0.000010 0.284795 0.542831
0.096367 0.000010 0.000010 0.000010 0.903603
0.192576 0.207254 0.000010 0.000010 0.600150
0.035055 0.381065 0.461386 0.000010 0.122485
0.122925 0.000010 0.000010 0.000010 0.877045
0.000010 0.053687 0.000010 0.336829 0.609464
0.035708 0.751337 0.072701 0.063234 0.077020
0.000014 0.000012 0.999954 0.000010 0.000010
0.003513 0.860815 0.135652 0.000010 0.000010
0.006376 0.825158 0.000010 0.000010 0.168445
0.000010 0.999959 0.000011 0.000010 0.000010
0.000010 0.000010 0.000010 0.335188 0.664782
0.077304 0.240107 0.000010 0.064393 0.618186
0.000010 0.000010 0.000010 0.437068 0.562902
0.028981 0.820664 0.000010 0.043323 0.107021
0.000010 0.045260 0.000010 0.258571 0.696149
0.103473 0.000010 0.000010 0.035024 0.861483
0.000010 0.000014 0.000010 0.303614 0.696352
0.000010 0.125455 0.000010 0.159482 0.715043
0.135522 0.000010 0.000010 0.001343 0.863116
0.021653 0.392244 0.000010 0.000010 0.586082
0.000010 0.856232 0.000010 0.082056 0.061691
0.000010 0.000010 0.474592 0.000010 0.525378
0.054544 0.368465 0.558633 0.018348 0.000010
0.105397 0.000010 0.359521 0.085789 0.449283
0.000010 0.125179 0.000010 0.124008 0.750792
0.012153 0.873877 0.000010 0.051237 0.062723
0.000010 0.999960 0.000010 0.000010 0.000010
0.137680 0.190364 0.044866 0.008555 0.618535
0.021365 0.156479 0.000010 0.185553 0.636593
0.000010 0.694413 0.165799 0.017664 0.122114
0.000010 0.388235 0.010032 0.078220 0.523502
0.000010 0.000010 0.000010 0.329142 0.670828
0.000010 0.169459 0.000010 0.000010 0.830511
0.000010 0.787176 0.000010 0.000010 0.212794
0.022019 0.000010 0.401640 0.098510 0.477822
0.082981 0.667410 0.000010 0.090249 0.159349
0.000010 0.889687 0.026520 0.016204 0.067579
0.030313 0.343831 0.059826 0.000010 0.566020
0.072623 0.336983 0.051329 0.000010 0.539055
0.076995 0.754454 0.000010 0.018724 0.149818
0.000010 0.556155 0.000010 0.122682 0.321143
0.000010 0.667881 0.000010 0.050808 0.281291
0.006860 0.711381 0.040820 0.077542 0.163397
0.000010 0.000010 0.999960 0.000010 0.000010
0.020154 0.000010 0.000010 0.000010 0.979816
0.019904 0.000010 0.566317 0.061167 0.352601
0.130843 0.000010 0.869127 0.000010 0.000010
0.000010 0.000010 0.571889 0.000010 0.428081
0.082630 0.000010 0.000010 0.000010 0.917340
0.000010 0.000010 0.999960 0.000010 0.000010
0.000624 0.000010 0.760106 0.000010 0.239251
0.054914 0.000010 0.013108 0.000010 0.931959
0.000010 0.235618 0.021347 0.070331 0.672694
0.000010 0.000010 0.999960 0.000010 0.000010
0.030465 0.000010 0.000010 0.000010 0.969505
0.000010 0.000010 0.999960 0.000010 0.000010
0.052341 0.000010 0.000010 0.000010 0.947629
0.000010 0.000010 0.000010 0.461025 0.538945
0.034020 0.856311 0.000010 0.109649 0.000010
0.114953 0.000010 0.000010 0.026457 0.858569
0.000010 0.000010 0.494534 0.049355 0.456091
0.051987 0.000010 0.000010 0.000010 0.947983
0.000010 0.314933 0.560897 0.025729 0.098431
0.008120 0.252824 0.034017 0.000010 0.705029
0.000010 0.799155 0.000010 0.034224 0.166601
0.076970 0.000015 0.000010 0.000010 0.922994
0.003597 0.558288 0.000010 0.039489 0.398616
0.072824 0.000010 0.000018 0.000010 0.927138
0.019880 0.692586 0.019052 0.000010 0.268472
0.064977 0.000010 0.000010 0.000010 0.934993
0.059964 0.525120 0.055029 0.102580 0.257307
0.076882 0.000010 0.000010 0.388714 0.534384
0.209744 0.358287 0.052877 0.194782 0.184310
0.000806 0.843853 0.155321 0.000010 0.000010
0.000011 0.000010 0.000010 0.160332 0.839637
0.000010 0.342140 0.012080 0.197989 0.447781
0.000010 0.330896 0.018163 0.162889 0.488042
0.000010 0.000010 0.000010 0.048468 0.951502
0.000010 0.097223 0.000010 0.209134 0.693623
0.000010 0.399395 0.052424 0.015658 0.532514
0.172932 0.000010 0.000010 0.117010 0.710037
0.019261 0.024438 0.000010 0.295871 0.660420
0.000010 0.345379 0.000010 0.305409 0.349192
0.000010 0.425463 0.020545 0.050477 0.503504
0.007988 0.991982 0.000010 0.000010 0.000010
0.000010 0.000010 0.000010 0.999960 0.000010
0.601705 0.000010 0.398265 0.000010 0.000010
0.828479 0.000010 0.143762 0.027739 0.000010
0.621618 0.000010 0.229603 0.148759 0.000010
0.999960 0.000010 0.000010 0.000010 0.000010
0.954436 0.000010 0.045534 0.000010 0.000010
0.867469 0.000010 0.000010 0.132501 0.000010
0.809373 0.000010 0.190597 0.000010 0.000010
0.854987 0.000010 0.144979 0.000014 0.000010
0.751702 0.056952 0.000010 0.191326 0.000010
0.954506 0.000010 0.000010 0.045464 0.000010
0.864320 0.000010 0.040485 0.034269 0.060916
0.999960 0.000010 0.000010 0.000010 0.000010
0.999960 0.000010 0.000010 0.000010 0.000010
0.937614 0.000010 0.000010 0.062356 0.000010
0.947530 0.000010 0.052440 0.000010 0.000010
0.999960 0.000010 0.000010 0.000010 0.000010
0.630767 0.000010 0.369203 0.000010 0.000010
0.853140 0.138967 0.000010 0.007873 0.000010
0.000010 0.000010 0.000010 0.999960 0.000010
0.559673 0.000010 0.000010 0.440297 0.000010
0.000010 0.000010 0.000010 0.999960 0.000010
0.000013 0.000010 0.000010 0.999957 0.000010
0.892185 0.073221 0.000010 0.034575 0.000010
0.746583 0.253386 0.000010 0.000011 0.000010
0.939286 0.060684 0.000010 0.000010 0.000010
0.925972 0.073998 0.000010 0.000010 0.000010
0.920860 0.079110 0.000010 0.000010 0.000010
0.681782 0.036263 0.000010 0.281935 0.000010
0.885293 0.061458 0.000010 0.053228 0.000010
0.477215 0.000010 0.000010 0.522755 0.000010
0.687847 0.000010 0.000010 0.234564 0.077570
0.530430 0.000010 0.000010 0.469540 0.000010
0.981361 0.000010 0.000010 0.018609 0.000010
0.723210 0.000010 0.009677 0.267092 0.000010
0.708522 0.000010 0.000010 0.291448 0.000010
0.684443 0.054308 0.000010 0.261229 0.000010
0.856699 0.058011 0.014600 0.070681 0.000010
0.378733 0.000010 0.000010 0.621237 0.000010
0.776512 0.001575 0.000010 0.221893 0.000010
0.911940 0.036092 0.000010 0.051948 0.000010
0.974631 0.000010 0.000010 0.025339 0.000010
0.915434 0.000010 0.000010 0.009381 0.075165
0.746235 0.015760 0.000010 0.237985 0.000010
0.782143 0.000010 0.000010 0.185846 0.031991
0.578425 0.000010 0.000010 0.421545 0.000010
0.720092 0.000010 0.034511 0.245377 0.000010
0.556093 0.000010 0.000010 0.362509 0.081379
0.934058 0.000010 0.065912 0.000010 0.000010
0.614246 0.000010 0.000010 0.267291 0.118443
0.904273 0.000010 0.069088 0.026620 0.000010
0.481877 0.518093 0.000010 0.000010 0.000010
0.341526 0.000010 0.000010 0.658444 0.000010
0.730965 0.043969 0.000010 0.225046 0.000010
