0.735348 0.000010 0.135680 0.128962
0.329321 0.021506 0.605021 0.044152
0.515462 0.079986 0.376397 0.028155
0.000010 0.999970 0.000010 0.000010
0.388586 0.136362 0.421598 0.053455
0.410001 0.130357 0.413235 0.046407
0.620992 0.045471 0.192914 0.140623
0.000010 0.999970 0.000010 0.000010
0.747332 0.123842 0.077850 0.050976
0.322459 0.089651 0.573197 0.014693
0.478129 0.025309 0.392854 0.103708
0.438655 0.042803 0.395382 0.123159
0.468949 0.005025 0.438318 0.087708
0.672276 0.143316 0.000010 0.184398
0.696724 0.076764 0.049929 0.176584
0.427299 0.026710 0.405715 0.140277
0.444474 0.023610 0.402496 0.129420
0.899943 0.100037 0.000010 0.000010
0.636604 0.031857 0.241226 0.090313
0.862953 0.000010 0.000010 0.137027
0.000010 0.000010 0.964853 0.035127
0.000010 0.000010 0.909679 0.090301
0.000010 0.000010 0.000010 0.999970
0.000010 0.000010 0.928161 0.071819
0.000010 0.000010 0.000010 0.999970
0.000010 0.000010 0.000010 0.999970
0.000010 0.000010 0.542734 0.457246
0.093238 0.050545 0.715033 0.141184
0.000010 0.999970 0.000010 0.000010
0.235474 0.066282 0.594487 0.103756
0.664566 0.035999 0.205415 0.094021
0.328293 0.000010 0.666223 0.005473
0.289216 0.170876 0.481810 0.058098
0.063102 0.055229 0.812520 0.069149
0.000010 0.000010 0.575918 0.424062
0.000010 0.999970 0.000010 0.000010
0.123023 0.306333 0.463802 0.106842
0.119225 0.179779 0.511686 0.189310
0.097908 0.755281 0.146801 0.000010
0.302238 0.391283 0.000010 0.306469
0.290261 0.613712 0.078009 0.018017
0.000010 0.565559 0.434421 0.000010
0.415149 0.584831 0.000010 0.000010
0.000010 0.473652 0.526328 0.000010
0.000010 0.587391 0.412589 0.000010
0.000010 0.592771 0.000010 0.407209
0.055034 0.250840 0.259376 0.434749
0.297845 0.052796 0.508877 0.140483
0.000010 0.000010 0.514206 0.485774
0.123675 0.268408 0.223597 0.384321
0.000010 0.999970 0.000010 0.000010
0.000010 0.999970 0.000010 0.000010
0.234875 0.078966 0.591662 0.094497
0.725420 0.006117 0.256448 0.012016
0.000010 0.528484 0.471496 0.000010
0.000010 0.527218 0.455830 0.016942
0.000010 0.000010 0.999970 0.000010
0.000010 0.642202 0.329598 0.028190
0.736152 0.162314 0.011854 0.089680
0.263996 0.059995 0.605880 0.070128
0.561080 0.088826 0.267539 0.082556
0.098713 0.000010 0.155312 0.745965
0.493641 0.223377 0.140294 0.142689
0.000010 0.000010 0.999970 0.000010
0.200156 0.000010 0.686170 0.113663
0.000010 0.000010 0.921254 0.078726
0.000010 0.000010 0.999970 0.000010
0.000010 0.000010 0.999970 0.000010
0.121666 0.054127 0.781081 0.043126
0.318936 0.089568 0.578427 0.013069
0.000010 0.000010 0.999970 0.000010
0.364168 0.056591 0.579232 0.000010
0.224081 0.039234 0.614687 0.121998
0.000010 0.407200 0.592780 0.000010
0.477638 0.057294 0.322629 0.142440
0.000010 0.000010 0.940588 0.059392
0.000018 0.234856 0.765116 0.000010
0.000010 0.000010 0.999970 0.000010
0.145103 0.353440 0.463933 0.037523
0.331815 0.061111 0.451495 0.155580
0.135468 0.302384 0.491776 0.070372
0.000010 0.000010 0.999970 0.000010
0.629039 0.228786 0.041816 0.100359
0.099347 0.014501 0.862261 0.023891
0.000010 0.000010 0.498273 0.501707
0.234346 0.000010 0.144988 0.620656
0.448203 0.457825 0.000010 0.093962
0.000010 0.000010 0.428008 0.571972
0.013562 0.000010 0.970179 0.016249
0.623189 0.094326 0.234412 0.048073
0.021248 0.978732 0.000010 0.000010
0.679146 0.184124 0.069977 0.066752
0.643253 0.014550 0.163179 0.179019
0.906658 0.093322 0.000010 0.000010
0.000010 0.000010 0.999970 0.000010
0.248578 0.000010 0.429268 0.322144
0.000010 0.000010 0.999970 0.000010
0.673010 0.007461 0.220845 0.098684
0.000010 0.000010 0.999970 0.000010
0.000010 0.000010 0.494734 0.505246
0.000010 0.000010 0.618637 0.381343
0.091257 0.000010 0.494047 0.414685
0.000010 0.000010 0.468922 0.531058
0.269029 0.000010 0.111838 0.619123
0.715621 0.000010 0.239681 0.044688
0.000010 0.455158 0.000010 0.544822
0.343389 0.614284 0.042317 0.000010
0.000010 0.410730 0.381909 0.207351
0.116565 0.000010 0.862404 0.021021
0.720824 0.026893 0.212595 0.039689
0.963982 0.035998 0.000010 0.000010
0.207614 0.068990 0.230970 0.492426
0.150134 0.000010 0.849846 0.000010
0.534759 0.200333 0.171585 0.093323
0.277251 0.030150 0.599320 0.093278
0.000010 0.000010 0.999970 0.000010
0.067344 0.005598 0.436216 0.490842
0.600152 0.061547 0.253752 0.084549
0.000010 0.398250 0.601730 0.000010
0.631161 0.010375 0.322163 0.036301
0.709701 0.045068 0.154460 0.090771
0.278829 0.062698 0.014928 0.643544
0.297903 0.057096 0.011416 0.633585
0.677516 0.020843 0.151357 0.150284
0.427581 0.008003 0.520534 0.043882
0.524314 0.006114 0.328194 0.141378
0.595156 0.069804 0.286518 0.048521
0.000010 0.999970 0.000010 0.000010
0.000010 0.000010 0.000010 0.999970
0.000010 0.569568 0.430412 0.000010
0.000010 0.999970 0.000010 0.000010
0.000010 0.499169 0.000010 0.500811
0.000010 0.000010 0.364125 0.635855
0.000010 0.999970 0.000010 0.000010
0.000010 0.713896 0.000010 0.286084
0.000010 0.000010 0.000010 0.999970
0.134988 0.043759 0.531533 0.289720
0.000010 0.999970 0.000010 0.000010
0.000010 0.000010 0.000010 0.999970
0.000010 0.999970 0.000010 0.000010
0.000010 0.000010 0.454359 0.545621
0.000010 0.000010 0.999970 0.000010
0.753704 0.000010 0.182857 0.063429
0.000010 0.000010 0.552649 0.447331
0.000010 0.507975 0.492005 0.000010
0.000010 0.000010 0.396083 0.603897
0.205104 0.619710 0.175176 0.000010
0.213432 0.055782 0.518384 0.212401
0.643543 0.000010 0.251766 0.104681
0.000011 0.000010 0.000010 0.999969
0.476803 0.000010 0.410470 0.112717
0.000010 0.000010 0.000010 0.999970
0.583027 0.029196 0.000010 0.387767
0.000010 0.000010 0.466485 0.533495
0.489250 0.060869 0.374323 0.075559
0.000010 0.000010 0.999970 0.000010
0.481025 0.073041 0.389848 0.056085
0.671194 0.212493 0.052386 0.063926
0.000010 0.000010 0.970506 0.029474
0.237467 0.022001 0.659725 0.080807
0.224851 0.022343 0.657779 0.095026
0.000010 0.000010 0.786849 0.213131
0.000010 0.000010 0.999970 0.000010
0.319739 0.102254 0.544735 0.033271
0.065674 0.009247 0.762257 0.162823
0.000010 0.000010 0.999970 0.000010
0.258507 0.010111 0.669509 0.061874
0.325152 0.017122 0.497845 0.159881
0.958552 0.041428 0.000010 0.000010
0.021454 0.000010 0.978526 0.000010
0.000010 0.999970 0.000010 0.000010
0.500515 0.409884 0.089591 0.000010
0.195926 0.618066 0.185999 0.000010
0.930831 0.069149 0.000010 0.000010
0.806549 0.193431 0.000010 0.000010
0.806202 0.008985 0.184803 0.000010
0.462784 0.537196 0.000010 0.000010
0.591654 0.408326 0.000010 0.000010
0.710446 0.000010 0.278222 0.011322
0.868060 0.017675 0.114256 0.000010
0.376995 0.254176 0.000010 0.368818
0.990191 0.009789 0.000010 0.000010
0.991308 0.008672 0.000010 0.000010
0.916671 0.013556 0.069763 0.000010
0.767707 0.232273 0.000010 0.000010
0.985408 0.014564 0.000018 0.000010
0.045689 0.954291 0.000010 0.000010
0.999965 0.000015 0.000010 0.000010
0.000010 0.000010 0.999970 0.000010
0.198921 0.000010 0.801059 0.000010
0.023077 0.000010 0.976903 0.000010
0.001533 0.000010 0.998447 0.000010
0.825689 0.062597 0.078883 0.032831
0.999970 0.000010 0.000010 0.000010
0.947624 0.052356 0.000010 0.000010
0.986576 0.013398 0.000016 0.000010
0.959182 0.040798 0.000010 0.000010
0.639549 0.000017 0.360424 0.000010
0.941121 0.000010 0.058858 0.000010
0.201767 0.000010 0.798213 0.000010
0.300679 0.000010 0.344839 0.354472
0.167551 0.000010 0.828973 0.003465
0.817668 0.052794 0.116093 0.013445
0.518888 0.109682 0.346788 0.024642
0.601753 0.007081 0.391156 0.000010
0.574977 0.000010 0.359482 0.065532
0.767667 0.141692 0.090631 0.000010
0.308826 0.000013 0.691151 0.000010
0.659670 0.000567 0.287668 0.052095
0.809894 0.000010 0.135164 0.054933
0.554708 0.156985 0.170350 0.117957
0.516350 0.017236 0.070315 0.396099
0.673386 0.000010 0.326594 0.000010
0.564248 0.000010 0.365845 0.069897
0.559395 0.012428 0.428167 0.000010
0.416220 0.271892 0.311878 0.000010
0.109373 0.000011 0.890606 0.000010
0.606935 0.329240 0.000010 0.063815
0.163122 0.000010 0.672393 0.164474
0.451534 0.212745 0.063739 0.271983
0.999963 0.000017 0.000010 0.000010
0.114504 0.000010 0.885476 0.000010
0.693710 0.000010 0.306270 0.000010
