0.000010 0.015668 0.000010 0.000010 0.000010 0.000010 0.734102 0.250181
0.000010 0.461166 0.000010 0.000010 0.000010 0.000010 0.538774 0.000010
0.034051 0.250350 0.000010 0.000010 0.061596 0.000010 0.326431 0.327542
0.999930 0.000010 0.000010 0.000010 0.000010 0.000010 0.000010 0.000010
0.076440 0.354413 0.000010 0.000010 0.117709 0.000010 0.000010 0.451398
0.063478 0.346917 0.039761 0.000010 0.100520 0.000010 0.000010 0.449294
0.000010 0.000010 0.000010 0.000010 0.000010 0.000010 0.999930 0.000010
0.999930 0.000010 0.000010 0.000010 0.000010 0.000010 0.000010 0.000010
0.000010 0.060422 0.000011 0.000010 0.000010 0.000010 0.000010 0.939518
0.085557 0.221923 0.010314 0.072761 0.187562 0.000010 0.227361 0.194513
0.000010 0.000010 0.000010 0.000010 0.053169 0.000010 0.946771 0.000010
0.000011 0.108008 0.000010 0.000010 0.000010 0.000011 0.891930 0.000010
0.000010 0.266184 0.000010 0.000010 0.000010 0.000010 0.733756 0.000010
0.092019 0.000010 0.084506 0.000010 0.046144 0.094662 0.142780 0.539869
0.028796 0.080814 0.000010 0.000010 0.000010 0.000010 0.725996 0.164353
0.000010 0.072898 0.000010 0.000010 0.000010 0.000010 0.927042 0.000010
0.000010 0.000010 0.000010 0.000010 0.000010 0.000010 0.999930 0.000010
0.000010 0.000010 0.000010 0.000010 0.000010 0.000010 0.000010 0.999930
0.000010 0.129238 0.000010 0.000010 0.029415 0.000010 0.498587 0.342720
0.000013 0.000011 0.000010 0.000010 0.000010 0.000010 0.897088 0.102848
0.000010 0.694655 0.000010 0.000010 0.305285 0.000010 0.000010 0.000010
0.000010 0.999928 0.000010 0.000010 0.000010 0.000012 0.000010 0.000010
0.000010 0.000016 0.000011 0.000010 0.000015 0.999918 0.000010 0.000010
0.000010 0.652670 0.000010 0.000010 0.241009 0.000010 0.106271 0.000010
0.000019 0.000018 0.000010 0.000010 0.000010 0.999912 0.000010 0.000010
0.000010 0.000011 0.000011 0.000010 0.000010 0.999928 0.000010 0.000010
0.000010 0.544703 0.000010 0.000011 0.080097 0.375149 0.000010 0.000010
0.024992 0.609171 0.000010 0.000010 0.171039 0.027270 0.100386 0.067122
0.999930 0.000010 0.000010 0.000010 0.000010 0.000010 0.000010 0.000010
0.026240 0.468859 0.000010 0.000010 0.152826 0.011009 0.049297 0.291749
0.000010 0.000010 0.078307 0.000010 0.102935 0.000010 0.759988 0.058730
0.000010 0.145039 0.000014 0.305091 0.086136 0.000010 0.453039 0.010661
0.189636 0.189315 0.050684 0.010180 0.253643 0.000010 0.240898 0.065633
0.009575 0.612438 0.000010 0.000010 0.281959 0.000010 0.000010 0.095988
0.000010 0.588045 0.000010 0.000010 0.078324 0.333581 0.000010 0.000010
0.999929 0.000011 0.000010 0.000010 0.000010 0.000010 0.000010 0.000010
0.272533 0.449662 0.042314 0.000010 0.110253 0.001493 0.000010 0.123725
0.156712 0.349773 0.000010 0.192747 0.000010 0.146892 0.096649 0.057207
0.644958 0.000010 0.206315 0.005787 0.142900 0.000010 0.000010 0.000010
0.374099 0.000010 0.102017 0.000010 0.030244 0.259504 0.056380 0.177736
0.587373 0.079727 0.000010 0.000010 0.000010 0.000010 0.069277 0.263583
0.559615 0.224027 0.000010 0.000010 0.216308 0.000010 0.000010 0.000010
0.565743 0.000010 0.000010 0.000010 0.000010 0.000010 0.326250 0.107957
0.442259 0.345258 0.000010 0.212433 0.000010 0.000010 0.000010 0.000010
0.583048 0.281409 0.000017 0.000010 0.135486 0.000010 0.000010 0.000010
0.587904 0.000015 0.000010 0.000017 0.000010 0.412024 0.000010 0.000010
0.219201 0.234292 0.000010 0.000010 0.039156 0.340565 0.166756 0.000010
0.000904 0.463499 0.000010 0.000010 0.121588 0.006871 0.107889 0.299228
0.000010 0.459003 0.001326 0.000010 0.095891 0.396940 0.046809 0.000010
0.239125 0.247372 0.000014 0.000010 0.000010 0.281029 0.182496 0.049943
0.999924 0.000010 0.000014 0.000010 0.000010 0.000012 0.000010 0.000010
0.999920 0.000010 0.000015 0.000016 0.000010 0.000010 0.000010 0.000010
0.039545 0.488441 0.000010 0.000010 0.080061 0.000010 0.189650 0.202272
0.000010 0.079827 0.000010 0.000010 0.057865 0.000010 0.515014 0.347255
0.541925 0.139436 0.000010 0.000010 0.318589 0.000010 0.000010 0.000010
0.553169 0.292055 0.000010 0.000010 0.154725 0.000010 0.000010 0.000010
0.000010 0.589664 0.000010 0.410276 0.000010 0.000010 0.000010 0.000010
0.662473 0.198511 0.000010 0.000010 0.138965 0.000010 0.000010 0.000010
0.119658 0.000010 0.048570 0.000010 0.013508 0.000010 0.214926 0.603308
0.037344 0.406460 0.000010 0.000010 0.203802 0.000010 0.092007 0.260357
0.034463 0.171968 0.000010 0.000010 0.101808 0.000010 0.242627 0.449103
0.000010 0.000564 0.000010 0.000010 0.142248 0.686818 0.170330 0.000010
0.208811 0.280808 0.173020 0.000010 0.000010 0.048348 0.160061 0.128932
0.000010 0.748448 0.000010 0.000010 0.251492 0.000010 0.000010 0.000010
0.000010 0.534701 0.000010 0.024649 0.041690 0.000010 0.398920 0.000010
0.000010 0.839622 0.000010 0.000010 0.160315 0.000013 0.000010 0.000010
0.000010 0.618455 0.000010 0.381485 0.000010 0.000010 0.000010 0.000010
0.000010 0.586596 0.000010 0.413344 0.000010 0.000010 0.000010 0.000010
0.019865 0.489415 0.000010 0.000010 0.307970 0.000010 0.130511 0.052209
0.063243 0.261159 0.000010 0.278865 0.000010 0.027641 0.000010 0.369061
0.000010 0.569654 0.000010 0.000010 0.430286 0.000010 0.000010 0.000010
0.000010 0.289723 0.000010 0.265947 0.000010 0.000010 0.000010 0.444280
0.000010 0.615857 0.051994 0.000010 0.056247 0.000010 0.000010 0.275862
0.413712 0.114700 0.000010 0.000010 0.471536 0.000012 0.000010 0.000010
0.000010 0.334959 0.000010 0.000010 0.070040 0.000010 0.000010 0.594950
0.000010 0.466570 0.000010 0.000010 0.533370 0.000010 0.000010 0.000010
0.235915 0.293662 0.000010 0.254841 0.212357 0.000010 0.003195 0.000010
0.000010 0.590765 0.000010 0.000010 0.409175 0.000010 0.000010 0.000010
0.306373 0.312207 0.000010 0.127694 0.000010 0.008246 0.109407 0.136053
0.039417 0.242076 0.000010 0.017186 0.064434 0.041687 0.570555 0.024634
0.292242 0.251526 0.000010 0.000010 0.168276 0.000010 0.287916 0.000010
0.000010 0.412386 0.000010 0.000010 0.587547 0.000012 0.000015 0.000010
0.152683 0.104929 0.000010 0.000010 0.000010 0.000010 0.221700 0.520649
0.000010 0.555102 0.000010 0.261858 0.000010 0.000010 0.182990 0.000010
0.000010 0.175007 0.000010 0.000010 0.336906 0.488037 0.000010 0.000010
0.000010 0.000010 0.044436 0.000010 0.175171 0.535238 0.126284 0.118841
0.452236 0.177686 0.084433 0.000010 0.000010 0.013778 0.068585 0.203261
0.000010 0.231407 0.000010 0.000010 0.271543 0.496999 0.000010 0.000010
0.000010 0.490897 0.000010 0.076360 0.414377 0.000010 0.018326 0.000010
0.070019 0.048466 0.000010 0.001793 0.114855 0.000010 0.274486 0.490361
0.999930 0.000010 0.000010 0.000010 0.000010 0.000010 0.000010 0.000010
0.121124 0.082076 0.000010 0.000010 0.000010 0.000010 0.174071 0.622689
0.000010 0.000010 0.000010 0.000010 0.000010 0.000010 0.999930 0.000010
0.000010 0.000010 0.000018 0.000010 0.000010 0.000010 0.000010 0.999922
0.000010 0.712470 0.000010 0.287470 0.000010 0.000010 0.000010 0.000010
0.000010 0.302274 0.063558 0.003616 0.131808 0.224582 0.255607 0.018546
0.000010 0.600033 0.000010 0.399907 0.000010 0.000010 0.000010 0.000010
0.000010 0.000010 0.000010 0.000010 0.000010 0.000010 0.999930 0.000010
0.000010 0.589066 0.000010 0.049746 0.331838 0.000010 0.029311 0.000010
0.000010 0.099664 0.000010 0.000010 0.426693 0.473594 0.000010 0.000010
0.000010 0.292812 0.000013 0.303928 0.000010 0.403208 0.000010 0.000010
0.000010 0.368552 0.000010 0.168984 0.000010 0.380418 0.017802 0.064214
0.000010 0.126361 0.000010 0.000010 0.359902 0.513687 0.000010 0.000010
0.000011 0.052352 0.000010 0.000010 0.040704 0.501055 0.273384 0.132474
0.000010 0.000015 0.000010 0.016312 0.063528 0.000010 0.695608 0.224507
0.440890 0.000010 0.000010 0.000010 0.000010 0.559050 0.000010 0.000010
0.531465 0.000010 0.034964 0.000010 0.014638 0.000010 0.000010 0.418893
0.397380 0.061840 0.000010 0.000010 0.373115 0.167624 0.000010 0.000010
0.000010 0.459415 0.000010 0.000010 0.383392 0.000010 0.157143 0.000010
0.000010 0.084951 0.000010 0.000010 0.071939 0.000010 0.215925 0.627145
0.000010 0.000010 0.000010 0.000010 0.000010 0.000010 0.000010 0.999930
0.037802 0.134737 0.022355 0.012090 0.149509 0.429241 0.000010 0.214256
0.000010 0.312671 0.000010 0.000010 0.483066 0.000010 0.204213 0.000010
0.153917 0.146475 0.008687 0.000010 0.000010 0.000010 0.336413 0.354479
0.011370 0.368255 0.000010 0.000010 0.201640 0.000010 0.317194 0.101511
0.000011 0.664947 0.000010 0.305316 0.029682 0.000010 0.000013 0.000010
0.000010 0.389170 0.000010 0.000010 0.000010 0.390406 0.220375 0.000010
0.000010 0.221083 0.000010 0.000012 0.000010 0.000010 0.380970 0.397895
0.435794 0.155292 0.000010 0.000010 0.408865 0.000010 0.000010 0.000010
0.000013 0.095743 0.000012 0.000010 0.219333 0.000010 0.000010 0.684869
0.024974 0.054073 0.000010 0.000010 0.003736 0.000010 0.501576 0.415610
0.030858 0.056554 0.000010 0.000010 0.000010 0.550965 0.125952 0.235641
0.028907 0.013078 0.000010 0.019210 0.000010 0.554537 0.131836 0.252412
0.000010 0.000010 0.035638 0.000010 0.059051 0.000010 0.805014 0.100257
0.000010 0.227275 0.000010 0.004542 0.165969 0.000010 0.460410 0.141774
0.000010 0.197558 0.000010 0.004240 0.059426 0.015270 0.488397 0.235088
0.030694 0.147761 0.027137 0.000010 0.068973 0.000010 0.397743 0.327672
0.999929 0.000011 0.000010 0.000010 0.000010 0.000010 0.000010 0.000010
0.000011 0.000020 0.000010 0.000010 0.000010 0.999920 0.000010 0.000010
0.594973 0.075985 0.000010 0.000010 0.328989 0.000012 0.000010 0.000010
0.843063 0.000010 0.156877 0.000010 0.000010 0.000010 0.000010 0.000010
0.532299 0.000010 0.000010 0.000010 0.000010 0.467641 0.000010 0.000010
0.000010 0.191556 0.000010 0.000010 0.209984 0.598409 0.000010 0.000010
0.999930 0.000010 0.000010 0.000010 0.000010 0.000010 0.000010 0.000010
0.721023 0.000010 0.000010 0.000010 0.000010 0.278917 0.000010 0.000010
0.000010 0.000010 0.000014 0.000010 0.000015 0.999921 0.000010 0.000010
0.011705 0.407670 0.000010 0.000010 0.165044 0.204833 0.039757 0.170971
0.999928 0.000011 0.000010 0.000010 0.000011 0.000010 0.000010 0.000010
0.000011 0.000017 0.000010 0.000010 0.000018 0.999915 0.000010 0.000010
0.999930 0.000010 0.000010 0.000010 0.000010 0.000010 0.000010 0.000010
0.000010 0.310635 0.000010 0.000010 0.178490 0.510825 0.000010 0.000010
0.000011 0.566448 0.000012 0.433489 0.000010 0.000011 0.000010 0.000010
0.000010 0.000010 0.038825 0.012249 0.086362 0.000010 0.649013 0.213520
0.000010 0.173243 0.000010 0.000010 0.406589 0.420118 0.000010 0.000010
0.517635 0.179713 0.000010 0.000010 0.302602 0.000010 0.000010 0.000010
0.000010 0.338605 0.000012 0.000010 0.161406 0.499937 0.000010 0.000010
0.578299 0.034522 0.000010 0.001439 0.008390 0.000010 0.377320 0.000010
0.006676 0.578867 0.000010 0.000010 0.097689 0.055243 0.000010 0.261495
0.000010 0.040537 0.000010 0.000010 0.081573 0.000010 0.664324 0.213527
0.000010 0.000010 0.000010 0.000010 0.000010 0.999930 0.000010 0.000010
0.000010 0.208687 0.000012 0.000010 0.179516 0.000010 0.466511 0.145243
0.000010 0.000012 0.000010 0.000010 0.000010 0.999928 0.000010 0.000010
0.000010 0.047635 0.000010 0.000010 0.000010 0.309054 0.000010 0.643261
0.000010 0.167554 0.000010 0.000010 0.308322 0.524074 0.000010 0.000010
0.053846 0.181484 0.022506 0.000010 0.218389 0.000010 0.121192 0.402564
0.000010 0.298453 0.000010 0.059563 0.641935 0.000010 0.000010 0.000010
0.057312 0.021884 0.076919 0.076948 0.350642 0.018127 0.040862 0.357306
0.145952 0.064200 0.000010 0.000010 0.000010 0.000010 0.153800 0.636008
0.000010 0.632972 0.000010 0.000010 0.366968 0.000010 0.000010 0.000010
0.015231 0.324992 0.000010 0.030877 0.277680 0.008737 0.210178 0.132296
0.023772 0.378927 0.000010 0.022232 0.232635 0.000010 0.228929 0.113484
0.000010 0.671448 0.000010 0.000010 0.200673 0.127828 0.000011 0.000010
0.000010 0.598867 0.000010 0.000010 0.347158 0.000010 0.053925 0.000010
0.005929 0.593855 0.046231 0.000010 0.001751 0.000010 0.000010 0.352204
0.009212 0.378133 0.054968 0.000010 0.471643 0.073110 0.000010 0.012913
0.000010 0.454270 0.000010 0.000010 0.545670 0.000010 0.000010 0.000010
0.000010 0.224163 0.000010 0.188404 0.178555 0.000010 0.408838 0.000010
0.022022 0.339089 0.000670 0.000010 0.100907 0.042153 0.403795 0.091354
0.000010 0.000010 0.000010 0.000010 0.000014 0.000010 0.000010 0.999926
0.000010 0.000010 0.000010 0.999930 0.000010 0.000010 0.000010 0.000010
0.371904 0.000010 0.628030 0.000016 0.000010 0.000010 0.000010 0.000010
0.134678 0.000010 0.796352 0.026898 0.042032 0.000010 0.000010 0.000010
0.217319 0.000010 0.609220 0.173408 0.000012 0.000010 0.000011 0.000010
0.000010 0.000010 0.999930 0.000010 0.000010 0.000010 0.000010 0.000010
0.041288 0.000010 0.958652 0.000010 0.000010 0.000010 0.000010 0.000010
0.000010 0.000010 0.780182 0.060749 0.143499 0.000010 0.015529 0.000010
0.174027 0.000010 0.825913 0.000010 0.000010 0.000010 0.000010 0.000010
0.132581 0.000010 0.867353 0.000016 0.000010 0.000010 0.000010 0.000010
0.000010 0.000010 0.604407 0.093188 0.197311 0.000010 0.105054 0.000010
0.000010 0.000010 0.956133 0.043807 0.000010 0.000010 0.000010 0.000010
0.006571 0.000010 0.735079 0.018297 0.058652 0.181371 0.000010 0.000010
0.000010 0.000010 0.999930 0.000010 0.000010 0.000010 0.000010 0.000010
0.000010 0.000010 0.999930 0.000010 0.000010 0.000010 0.000010 0.000010
0.000010 0.000010 0.916946 0.033532 0.018946 0.000010 0.000010 0.030536
0.046727 0.000010 0.953213 0.000010 0.000010 0.000010 0.000010 0.000010
0.000010 0.000010 0.999930 0.000010 0.000010 0.000010 0.000010 0.000010
0.343638 0.000010 0.656302 0.000010 0.000010 0.000010 0.000010 0.000010
0.000010 0.000010 0.783070 0.014129 0.000010 0.000010 0.202751 0.000010
0.000010 0.000010 0.000010 0.999924 0.000015 0.000010 0.000010 0.000010
0.000010 0.000010 0.415715 0.300906 0.283319 0.000020 0.000010 0.000010
0.000010 0.000010 0.000019 0.999912 0.000019 0.000010 0.000010 0.000010
0.000010 0.000010 0.000010 0.999921 0.000019 0.000010 0.000010 0.000010
0.000010 0.000010 0.773417 0.000010 0.111091 0.000010 0.000010 0.115441
0.000010 0.000010 0.676045 0.000010 0.000010 0.000010 0.323895 0.000010
0.000010 0.000010 0.857444 0.000010 0.000010 0.000010 0.000010 0.142496
0.000010 0.000010 0.880260 0.000010 0.000010 0.000010 0.000010 0.119680
0.000010 0.000010 0.848086 0.000010 0.000010 0.000010 0.000010 0.151854
0.000010 0.000010 0.561745 0.156050 0.238861 0.000010 0.043304 0.000010
0.000010 0.000010 0.721542 0.093840 0.000010 0.000010 0.000010 0.184568
0.000010 0.000010 0.351314 0.291002 0.357634 0.000010 0.000010 0.000010
0.000010 0.000012 0.521807 0.168243 0.178697 0.131211 0.000010 0.000010
0.000010 0.000010 0.363403 0.262034 0.374514 0.000010 0.000010 0.000010
0.000010 0.000010 0.893341 0.000010 0.106599 0.000010 0.000010 0.000010
0.000014 0.000010 0.632833 0.128085 0.239022 0.000017 0.000010 0.000010
0.000010 0.000010 0.572365 0.112193 0.315392 0.000010 0.000010 0.000010
0.000010 0.000014 0.557759 0.168237 0.186086 0.000018 0.087865 0.000010
0.000010 0.000010 0.734624 0.036570 0.052839 0.000010 0.000010 0.175927
0.000010 0.000010 0.316076 0.627482 0.056392 0.000010 0.000010 0.000010
0.000010 0.000010 0.681691 0.103023 0.215235 0.000010 0.000010 0.000010
0.000010 0.000010 0.764624 0.000011 0.185045 0.000010 0.000010 0.050280
0.000010 0.000010 0.799024 0.000010 0.200916 0.000010 0.000010 0.000010
0.000010 0.000010 0.696091 0.000010 0.178377 0.125482 0.000010 0.000010
0.000010 0.000010 0.640626 0.140308 0.171758 0.000010 0.000010 0.047268
0.000010 0.000010 0.632046 0.041021 0.326879 0.000014 0.000010 0.000010
0.000010 0.000010 0.491452 0.444938 0.000010 0.000010 0.000010 0.063561
0.024999 0.000010 0.697913 0.277038 0.000010 0.000010 0.000010 0.000010
0.000010 0.000010 0.291983 0.040691 0.667276 0.000010 0.000010 0.000010
0.049683 0.000010 0.950257 0.000010 0.000010 0.000010 0.000010 0.000010
0.000010 0.000010 0.403976 0.074304 0.500950 0.020730 0.000010 0.000010
0.025823 0.000010 0.829337 0.028145 0.001909 0.114757 0.000010 0.000010
0.000010 0.000010 0.407432 0.000010 0.000010 0.000010 0.000010 0.592508
0.000010 0.000010 0.242359 0.503370 0.254218 0.000010 0.000013 0.000010
0.000010 0.000010 0.610890 0.122441 0.118345 0.000015 0.148279 0.000010
