0.855037 0.000010 0.000010 0.144943
0.441143 0.000010 0.000010 0.558837
0.621924 0.000010 0.038837 0.339229
0.000010 0.000010 0.999970 0.000010
0.447166 0.012285 0.102650 0.437900
0.462099 0.041568 0.093325 0.403008
0.795969 0.000010 0.000010 0.204011
0.000010 0.000010 0.999970 0.000010
0.900487 0.000010 0.052081 0.047422
0.368785 0.118116 0.070333 0.442767
0.588154 0.034712 0.007833 0.369302
0.589512 0.000010 0.005022 0.405456
0.584593 0.000010 0.000010 0.415387
0.683295 0.121565 0.107772 0.087368
0.831844 0.000010 0.028914 0.139232
0.570880 0.000010 0.000010 0.429100
0.586978 0.000010 0.000010 0.413002
0.999970 0.000010 0.000010 0.000010
0.763105 0.000010 0.004539 0.232346
0.999970 0.000010 0.000010 0.000010
0.000010 0.000010 0.000010 0.999970
0.000010 0.000010 0.000010 0.999970
0.000010 0.000010 0.000010 0.999970
0.068945 0.000010 0.000010 0.931035
0.102827 0.000010 0.005304 0.891859
0.042286 0.000010 0.009353 0.948351
0.000010 0.000010 0.000010 0.999970
0.137231 0.000010 0.025428 0.837332
0.000010 0.000010 0.999970 0.000010
0.317969 0.000010 0.041566 0.640456
0.707933 0.145588 0.009448 0.137031
0.283685 0.186571 0.000010 0.529734
0.260563 0.141073 0.168396 0.429968
0.101750 0.000010 0.021592 0.876648
0.000010 0.000010 0.000010 0.999970
0.000010 0.000010 0.999970 0.000010
0.143194 0.000010 0.292154 0.564642
0.178647 0.000010 0.161073 0.660270
0.000010 0.301441 0.698539 0.000010
0.254380 0.106140 0.414661 0.224820
0.376144 0.000010 0.587659 0.036186
0.000010 0.000010 0.549017 0.450963
0.447828 0.000012 0.552150 0.000010
0.000010 0.000010 0.446641 0.553339
0.000010 0.000010 0.584153 0.415827
0.005663 0.000010 0.627293 0.367034
0.100723 0.000010 0.254124 0.645142
0.395742 0.000010 0.019983 0.584265
0.083093 0.000010 0.000010 0.916887
0.209036 0.000010 0.272268 0.518686
0.000010 0.000011 0.999969 0.000010
0.000010 0.000010 0.999970 0.000010
0.353394 0.000010 0.039556 0.607040
0.817893 0.012729 0.000010 0.169368
0.000010 0.035572 0.508194 0.456224
0.000010 0.000010 0.550814 0.449166
0.000010 0.020213 0.000010 0.979767
0.000010 0.000010 0.660023 0.339957
0.790211 0.073590 0.136190 0.000010
0.327924 0.021299 0.040962 0.609815
0.635759 0.020464 0.048223 0.295554
0.163218 0.038307 0.000010 0.798465
0.378427 0.054111 0.253040 0.314421
0.000010 0.000010 0.000010 0.999970
0.256356 0.000010 0.000010 0.743624
0.000010 0.000010 0.000010 0.999970
0.000010 0.000010 0.000010 0.999970
0.000010 0.000011 0.000010 0.999969
0.149759 0.000010 0.020458 0.829773
0.331211 0.122949 0.056263 0.489576
0.000010 0.010949 0.000010 0.989031
0.427100 0.047336 0.000010 0.525554
0.300638 0.000010 0.032238 0.667115
0.000010 0.126742 0.355932 0.517316
0.586048 0.000010 0.027459 0.386484
0.000010 0.132576 0.000010 0.867404
0.000010 0.175368 0.181660 0.642962
0.000010 0.000010 0.000010 0.999970
0.208947 0.016294 0.311140 0.463619
0.468064 0.000010 0.037404 0.494522
0.210157 0.000010 0.281843 0.507990
0.000010 0.044105 0.000010 0.955875
0.779786 0.000010 0.158815 0.061389
0.140716 0.011635 0.000010 0.847640
0.000010 0.052784 0.000010 0.947196
0.249589 0.137670 0.000010 0.612730
0.398985 0.000010 0.474479 0.126526
0.000010 0.079826 0.000010 0.920154
0.000010 0.149050 0.000010 0.850930
0.707568 0.067112 0.069936 0.155384
0.000010 0.000013 0.999967 0.000010
0.833748 0.000010 0.140599 0.025643
0.782534 0.000010 0.000010 0.217446
0.999970 0.000010 0.000010 0.000010
0.000010 0.000010 0.000010 0.999970
0.240959 0.074423 0.000010 0.684609
0.000010 0.000010 0.000010 0.999970
0.760897 0.049125 0.000010 0.189968
0.013659 0.045765 0.000010 0.940566
0.000010 0.081143 0.000010 0.918837
0.000010 0.050456 0.000010 0.949524
0.110688 0.000010 0.000010 0.889292
0.000010 0.090916 0.000010 0.909064
0.411196 0.000010 0.000010 0.588784
0.792025 0.033756 0.000010 0.174209
0.000010 0.000010 0.481206 0.518774
0.377480 0.063266 0.559245 0.000010
0.000010 0.133720 0.364362 0.501908
0.101982 0.031282 0.000010 0.866726
0.826397 0.036630 0.000010 0.136963
0.999970 0.000010 0.000010 0.000010
0.218452 0.088247 0.059145 0.634156
0.117764 0.100418 0.000010 0.781808
0.657696 0.000010 0.167650 0.174644
0.359554 0.006099 0.011630 0.622717
0.000010 0.022141 0.000010 0.977839
0.156903 0.000010 0.000010 0.843077
0.747436 0.000010 0.000010 0.252544
0.000010 0.057475 0.392455 0.550059
0.636680 0.128071 0.000010 0.235240
0.848105 0.000010 0.026993 0.124892
0.355139 0.000010 0.069179 0.575672
0.354937 0.026372 0.066518 0.552172
0.728041 0.072035 0.001368 0.198557
0.504142 0.019983 0.000010 0.475865
0.628081 0.000010 0.000010 0.371899
0.663007 0.042189 0.034495 0.260310
0.000010 0.000010 0.999970 0.000010
0.000010 0.000010 0.000010 0.999970
0.000010 0.038245 0.563222 0.398523
0.000010 0.105169 0.894811 0.000010
0.003691 0.000010 0.589151 0.407147
0.000010 0.037249 0.000010 0.962731
0.000010 0.000010 0.999970 0.000010
0.042673 0.000010 0.759023 0.198294
0.043688 0.000010 0.049377 0.906925
0.221197 0.000010 0.023455 0.755338
0.000010 0.000010 0.999970 0.000010
0.000010 0.000010 0.000010 0.999970
0.000010 0.000010 0.999970 0.000010
0.000010 0.000010 0.023275 0.976705
0.000010 0.008243 0.000010 0.991737
0.780076 0.109434 0.000010 0.110480
0.000010 0.085017 0.000010 0.914963
0.000010 0.000010 0.496276 0.503704
0.000010 0.002676 0.000010 0.997304
0.291750 0.000010 0.561794 0.146446
0.250017 0.000010 0.036921 0.713052
0.756344 0.000010 0.000010 0.243636
0.068943 0.005152 0.000010 0.925895
0.536219 0.000024 0.000010 0.463747
0.000010 0.019718 0.000010 0.980262
0.699746 0.000010 0.028043 0.272201
0.000010 0.017068 0.000010 0.982912
0.480737 0.106110 0.052728 0.360425
0.000010 0.288377 0.000010 0.711603
0.319472 0.335154 0.049353 0.296020
0.826120 0.000010 0.158811 0.015059
0.000010 0.015204 0.000010 0.984776
0.280224 0.087205 0.001997 0.630574
0.279656 0.050566 0.012600 0.657178
0.000010 0.000010 0.000010 0.999970
0.069528 0.008651 0.000010 0.921811
0.374656 0.000010 0.052531 0.572803
0.001100 0.209719 0.003539 0.785642
0.000010 0.162149 0.000010 0.837831
0.252186 0.145173 0.000010 0.602631
0.393180 0.000010 0.021351 0.585459
0.999970 0.000010 0.000010 0.000010
0.000010 0.947860 0.000010 0.052120
0.000010 0.546196 0.453784 0.000010
0.000010 0.809105 0.190875 0.000010
0.000010 0.735307 0.264673 0.000010
0.000010 0.994056 0.005924 0.000010
0.000010 0.901211 0.098769 0.000010
0.030982 0.968998 0.000010 0.000010
0.000010 0.751355 0.248625 0.000010
0.000010 0.796059 0.203921 0.000010
0.100401 0.899579 0.000010 0.000010
0.000010 0.999970 0.000010 0.000010
0.000010 0.887788 0.097476 0.014726
0.001783 0.998197 0.000010 0.000010
0.010407 0.989573 0.000010 0.000010
0.044801 0.955179 0.000010 0.000010
0.000010 0.894294 0.105686 0.000010
0.000010 0.999970 0.000010 0.000010
0.000010 0.574075 0.425905 0.000010
0.202103 0.797877 0.000010 0.000010
0.000010 0.943473 0.000010 0.056507
0.000010 0.948149 0.000010 0.051831
0.000010 0.945601 0.000010 0.054379
0.000010 0.888653 0.000010 0.111327
0.123628 0.876352 0.000010 0.000010
0.340518 0.659462 0.000010 0.000010
0.134561 0.865419 0.000010 0.000010
0.180994 0.818986 0.000010 0.000010
0.154851 0.845129 0.000010 0.000010
0.085907 0.914073 0.000010 0.000010
0.127691 0.872289 0.000010 0.000010
0.000010 0.870643 0.000010 0.129337
0.000010 0.890295 0.000010 0.109685
0.000010 0.888318 0.000010 0.111662
0.000010 0.959952 0.040028 0.000010
0.000010 0.942625 0.047626 0.009739
0.021793 0.927012 0.000010 0.051184
0.096141 0.891645 0.000010 0.012204
0.099961 0.857117 0.042912 0.000010
0.000010 0.957912 0.000010 0.042068
0.056839 0.937640 0.000010 0.005511
0.087851 0.912129 0.000010 0.000010
0.000010 0.943244 0.056736 0.000010
0.000010 0.948661 0.000010 0.051319
0.073074 0.926906 0.000010 0.000010
0.000010 0.940979 0.000010 0.059001
0.031197 0.951721 0.000010 0.017072
0.000010 0.932287 0.067693 0.000010
0.000010 0.842599 0.000010 0.157381
0.000010 0.872269 0.127711 0.000010
0.000010 0.840035 0.000010 0.159945
0.000010 0.887388 0.112592 0.000010
0.562587 0.437393 0.000010 0.000010
0.000010 0.898168 0.000010 0.101812
0.091118 0.908862 0.000010 0.000010
