0.000012 0.215553 0.000010 0.562124 0.222250 0.000010 0.000010 0.000010 0.000010 0.000010
0.000010 0.828122 0.000010 0.171798 0.000010 0.000010 0.000010 0.000010 0.000010 0.000010
0.000011 0.205351 0.038802 0.440804 0.105403 0.000010 0.000010 0.000010 0.209590 0.000010
0.000010 0.000010 0.999910 0.000010 0.000010 0.000010 0.000010 0.000010 0.000010 0.000010
0.000010 0.000010 0.087944 0.334248 0.143722 0.000010 0.000010 0.000010 0.434026 0.000010
0.010300 0.000030 0.081934 0.339049 0.153667 0.017407 0.000010 0.000010 0.397583 0.000010
0.000010 0.000010 0.000010 0.000010 0.999910 0.000010 0.000010 0.000010 0.000010 0.000010
0.000010 0.000010 0.999910 0.000010 0.000010 0.000010 0.000010 0.000010 0.000010 0.000010
0.000010 0.000010 0.017681 0.874373 0.000010 0.000010 0.000010 0.000010 0.107876 0.000010
0.092262 0.084945 0.079590 0.234875 0.158379 0.000010 0.037089 0.000010 0.255805 0.057036
0.000010 0.000010 0.000010 0.000010 0.999910 0.000010 0.000010 0.000010 0.000010 0.000010
0.000010 0.000010 0.000010 0.000010 0.999910 0.000010 0.000010 0.000010 0.000010 0.000010
0.000010 0.809689 0.000010 0.190231 0.000010 0.000010 0.000010 0.000010 0.000010 0.000010
0.000010 0.000010 0.110467 0.511743 0.134691 0.000010 0.131406 0.059715 0.000010 0.051938
0.000010 0.232011 0.031540 0.270709 0.465672 0.000019 0.000010 0.000010 0.000010 0.000010
0.000010 0.000010 0.000010 0.000010 0.999910 0.000010 0.000010 0.000010 0.000010 0.000010
0.000010 0.000010 0.000010 0.000010 0.999910 0.000010 0.000010 0.000010 0.000010 0.000010
0.000011 0.000017 0.000020 0.999892 0.000010 0.000010 0.000010 0.000010 0.000010 0.000010
0.000010 0.140512 0.000010 0.485184 0.284347 0.000010 0.000010 0.000010 0.089897 0.000010
0.000010 0.055389 0.000010 0.404258 0.540283 0.000010 0.000010 0.000010 0.000010 0.000010
0.000010 0.475445 0.000014 0.000010 0.000010 0.000010 0.000013 0.000010 0.000010 0.524469
0.000010 0.158246 0.000010 0.000010 0.000010 0.000010 0.000010 0.000010 0.841674 0.000010
0.000010 0.000010 0.000010 0.000010 0.000010 0.000010 0.000010 0.999910 0.000010 0.000010
0.000010 0.356388 0.000010 0.000010 0.046504 0.000010 0.000010 0.000010 0.569827 0.027221
0.000010 0.000010 0.000010 0.000010 0.000010 0.000010 0.000010 0.999910 0.000010 0.000010
0.000010 0.000010 0.000010 0.000010 0.000010 0.000010 0.000010 0.999909 0.000011 0.000010
0.000010 0.011367 0.000010 0.000010 0.000010 0.000010 0.000010 0.371848 0.616715 0.000010
0.000010 0.314454 0.029144 0.041126 0.070635 0.000010 0.000010 0.010656 0.475134 0.058822
0.000010 0.000010 0.999909 0.000011 0.000010 0.000010 0.000010 0.000010 0.000010 0.000010
0.000010 0.260269 0.033351 0.251426 0.040617 0.000010 0.000010 0.003340 0.349622 0.061346
0.014101 0.000010 0.000010 0.129946 0.759533 0.096360 0.000010 0.000010 0.000010 0.000010
0.334560 0.166598 0.000010 0.048867 0.407321 0.000010 0.000010 0.000010 0.038358 0.004255
0.071563 0.000010 0.161082 0.214182 0.087939 0.054694 0.007640 0.000010 0.386390 0.016490
0.000010 0.139156 0.015861 0.059498 0.000010 0.000010 0.000010 0.000010 0.466728 0.318706
0.000010 0.000010 0.000010 0.000010 0.000010 0.000010 0.000010 0.300427 0.699493 0.000010
0.000010 0.000010 0.999908 0.000010 0.000010 0.000010 0.000010 0.000011 0.000010 0.000010
0.000010 0.118986 0.280400 0.088140 0.004986 0.037679 0.000010 0.000010 0.422591 0.047187
0.139722 0.460565 0.152932 0.079289 0.000010 0.000010 0.000010 0.167441 0.000010 0.000010
0.062335 0.000010 0.626396 0.020501 0.000010 0.202573 0.037206 0.000010 0.050295 0.000664
0.000010 0.000010 0.356135 0.236401 0.000010 0.120971 0.000010 0.279184 0.007259 0.000010
0.000010 0.095703 0.585833 0.291830 0.026574 0.000010 0.000010 0.000010 0.000010 0.000010
0.000010 0.080251 0.549660 0.000010 0.000010 0.000010 0.000010 0.000010 0.000010 0.370019
0.000010 0.049582 0.568959 0.381390 0.000010 0.000010 0.000010 0.000010 0.000010 0.000010
0.167420 0.402508 0.430002 0.000010 0.000010 0.000010 0.000010 0.000010 0.000010 0.000010
0.000010 0.044015 0.588437 0.000010 0.000010 0.000010 0.000010 0.000010 0.367478 0.000010
0.000010 0.000010 0.588420 0.000010 0.000010 0.000015 0.000010 0.411495 0.000010 0.000010
0.000010 0.369251 0.228126 0.000010 0.000010 0.000010 0.000010 0.330787 0.000010 0.071776
0.000010 0.219125 0.015614 0.248888 0.123893 0.000010 0.000010 0.000010 0.329870 0.062570
0.000010 0.223668 0.000010 0.000010 0.055353 0.000010 0.000010 0.377580 0.343339 0.000010
0.000010 0.332550 0.246137 0.061226 0.071549 0.000010 0.000010 0.288488 0.000010 0.000010
0.000010 0.000010 0.999901 0.000010 0.000010 0.000011 0.000017 0.000010 0.000010 0.000010
0.000010 0.000010 0.999910 0.000010 0.000010 0.000010 0.000010 0.000010 0.000010 0.000010
0.000010 0.280475 0.042197 0.169058 0.171682 0.000010 0.000010 0.000010 0.336538 0.000010
0.001435 0.180554 0.000010 0.696429 0.013394 0.000010 0.000010 0.000010 0.108139 0.000010
0.000010 0.000010 0.531267 0.000010 0.000010 0.000016 0.000010 0.000010 0.000010 0.468646
0.000010 0.087047 0.549909 0.000010 0.000010 0.000010 0.000010 0.000010 0.340966 0.022017
0.362464 0.637454 0.000010 0.000010 0.000010 0.000010 0.000010 0.000010 0.000012 0.000010
0.017752 0.019393 0.660124 0.000010 0.000010 0.000010 0.000010 0.000010 0.302671 0.000010
0.000010 0.000010 0.133072 0.557041 0.234615 0.000010 0.072046 0.000010 0.000010 0.003177
0.017680 0.156995 0.038600 0.215204 0.119703 0.000010 0.003400 0.000010 0.381328 0.067070
0.000010 0.204394 0.044753 0.497539 0.065074 0.000010 0.026139 0.000010 0.069138 0.092932
0.000010 0.119403 0.000010 0.072119 0.000010 0.000010 0.031369 0.667745 0.042088 0.067236
0.000010 0.367324 0.174368 0.139659 0.000010 0.254125 0.000010 0.060292 0.000010 0.004191
0.000010 0.375901 0.000010 0.000010 0.000010 0.000010 0.000010 0.000010 0.624019 0.000010
0.000010 0.903474 0.000010 0.000010 0.000010 0.000010 0.096446 0.000010 0.000010 0.000010
0.000010 0.000010 0.000010 0.000010 0.000010 0.000010 0.000010 0.000010 0.999910 0.000010
0.284000 0.715913 0.000010 0.000010 0.000010 0.000017 0.000010 0.000010 0.000010 0.000010
0.345533 0.654383 0.000010 0.000010 0.000010 0.000011 0.000013 0.000010 0.000010 0.000010
0.000010 0.390921 0.000010 0.000010 0.000010 0.000010 0.000010 0.000010 0.000010 0.608999
0.249925 0.258166 0.061727 0.318479 0.042582 0.000010 0.000010 0.016550 0.048418 0.004133
0.000010 0.169516 0.000010 0.000010 0.000010 0.000010 0.000010 0.000010 0.507633 0.322781
0.240910 0.343554 0.000010 0.415467 0.000010 0.000010 0.000010 0.000010 0.000010 0.000010
0.000010 0.000010 0.013112 0.197606 0.115693 0.000010 0.000010 0.000010 0.673530 0.000010
0.000010 0.000010 0.383219 0.000010 0.000010 0.000010 0.000010 0.000010 0.000010 0.616701
0.000010 0.132482 0.000010 0.563888 0.000010 0.000010 0.000010 0.000010 0.303560 0.000010
0.049759 0.000010 0.000010 0.000010 0.000010 0.000010 0.026108 0.000010 0.611792 0.312281
0.276349 0.222694 0.221261 0.000010 0.000010 0.000010 0.000010 0.000010 0.103303 0.176344
0.000015 0.169657 0.000010 0.000010 0.000010 0.000010 0.000010 0.000010 0.387685 0.442583
0.062114 0.353932 0.309419 0.120487 0.035535 0.000010 0.031951 0.010395 0.070690 0.005468
0.000010 0.387879 0.038942 0.142202 0.246629 0.000010 0.066995 0.046284 0.071040 0.000010
0.000010 0.351012 0.294340 0.057934 0.038694 0.000010 0.009981 0.000010 0.000010 0.247998
0.000010 0.000010 0.000010 0.000010 0.000011 0.000010 0.000010 0.000010 0.000010 0.999909
0.000010 0.088626 0.163152 0.490545 0.257618 0.000010 0.000010 0.000010 0.000010 0.000010
0.203812 0.796108 0.000010 0.000010 0.000010 0.000010 0.000010 0.000010 0.000010 0.000010
0.000010 0.000010 0.000010 0.000010 0.000010 0.000010 0.000010 0.491268 0.000010 0.508652
0.024202 0.000010 0.000010 0.144698 0.083390 0.030460 0.060871 0.515509 0.075037 0.065812
0.000010 0.195414 0.438665 0.150728 0.038880 0.146323 0.000010 0.029950 0.000010 0.000010
0.000010 0.000010 0.000010 0.000010 0.000010 0.000010 0.039924 0.458140 0.501865 0.000010
0.111745 0.140571 0.000010 0.000010 0.000010 0.000010 0.068896 0.000010 0.623530 0.055208
0.010745 0.000010 0.062813 0.493264 0.227022 0.000012 0.063416 0.000010 0.142698 0.000010
0.000010 0.000010 0.999910 0.000010 0.000010 0.000010 0.000010 0.000010 0.000010 0.000010
0.000010 0.000010 0.126400 0.562544 0.230944 0.000010 0.000010 0.000010 0.080052 0.000010
0.000010 0.000010 0.000010 0.000010 0.999910 0.000010 0.000010 0.000010 0.000010 0.000010
0.000010 0.000010 0.000010 0.999910 0.000010 0.000010 0.000010 0.000010 0.000010 0.000010
0.170649 0.829271 0.000010 0.000010 0.000010 0.000010 0.000010 0.000010 0.000010 0.000010
0.017078 0.000915 0.000010 0.087459 0.185382 0.000010 0.059168 0.226392 0.423576 0.000010
0.331075 0.668839 0.000016 0.000010 0.000010 0.000010 0.000010 0.000010 0.000010 0.000010
0.000010 0.000010 0.000010 0.000010 0.999910 0.000010 0.000010 0.000010 0.000010 0.000010
0.098449 0.263195 0.000011 0.000010 0.000010 0.000010 0.000010 0.000010 0.638285 0.000010
0.000010 0.000010 0.000010 0.000010 0.000010 0.000010 0.000010 0.408236 0.000010 0.591684
0.279941 0.281597 0.000010 0.000010 0.000010 0.000010 0.000010 0.427028 0.011374 0.000010
0.132528 0.405103 0.000010 0.054507 0.000010 0.000010 0.000010 0.407802 0.000010 0.000010
0.000010 0.000010 0.000010 0.000010 0.000010 0.000010 0.000010 0.501510 0.000010 0.498410
0.000010 0.094209 0.000010 0.210868 0.147209 0.000010 0.000010 0.492359 0.038023 0.017292
0.000010 0.325688 0.000010 0.622174 0.000010 0.018994 0.033084 0.000010 0.000010 0.000010
0.000010 0.000010 0.443280 0.000010 0.000010 0.000010 0.000010 0.556640 0.000010 0.000010
0.021622 0.000010 0.539987 0.388771 0.000010 0.000010 0.049560 0.000010 0.000010 0.000010
0.022676 0.000010 0.356682 0.000010 0.000010 0.000010 0.076394 0.134811 0.183365 0.226032
0.000010 0.423617 0.000010 0.000010 0.000010 0.000010 0.000010 0.000010 0.002909 0.573404
0.000110 0.072025 0.000010 0.726981 0.070302 0.000010 0.000010 0.000010 0.102552 0.027990
0.000010 0.000010 0.000010 0.999910 0.000010 0.000010 0.000010 0.000010 0.000010 0.000010
0.021147 0.000010 0.050021 0.172671 0.007294 0.000010 0.072832 0.408564 0.264747 0.002703
0.000010 0.269111 0.000010 0.000010 0.000010 0.000010 0.000010 0.000010 0.000010 0.730809
0.000010 0.162706 0.162135 0.364766 0.304310 0.004776 0.000010 0.000964 0.000313 0.000010
0.000010 0.163098 0.003269 0.157921 0.235372 0.000013 0.007301 0.000010 0.364991 0.068015
0.220922 0.215239 0.000010 0.000010 0.000010 0.000010 0.000010 0.000010 0.563769 0.000010
0.000010 0.595470 0.000010 0.000010 0.000010 0.000010 0.000010 0.404450 0.000010 0.000010
0.000010 0.436967 0.000010 0.562953 0.000010 0.000010 0.000010 0.000010 0.000010 0.000010
0.000010 0.000010 0.400404 0.000010 0.000010 0.000010 0.000010 0.000010 0.000010 0.599516
0.047555 0.000010 0.000010 0.635055 0.000010 0.000374 0.030823 0.000010 0.248040 0.038113
0.000010 0.186200 0.022831 0.643291 0.147616 0.000012 0.000010 0.000010 0.000010 0.000010
0.000010 0.000010 0.037609 0.215055 0.171975 0.000010 0.000010 0.546407 0.028904 0.000010
0.015968 0.000010 0.034975 0.229610 0.165046 0.000010 0.000010 0.536546 0.017815 0.000010
0.000010 0.000010 0.000010 0.215239 0.752697 0.031994 0.000010 0.000010 0.000010 0.000010
0.035542 0.147386 0.000010 0.257601 0.283058 0.000010 0.000010 0.000010 0.258791 0.017582
0.000010 0.289314 0.000010 0.379354 0.161767 0.000010 0.043965 0.025713 0.099847 0.000010
0.000010 0.162583 0.038736 0.361442 0.240329 0.000010 0.103653 0.000010 0.086589 0.006639
0.000010 0.000010 0.999910 0.000010 0.000010 0.000010 0.000010 0.000010 0.000010 0.000010
0.000011 0.000011 0.000010 0.000010 0.000010 0.000010 0.000014 0.999905 0.000010 0.000010
0.000010 0.000010 0.570574 0.000010 0.000010 0.000010 0.000010 0.000010 0.000010 0.429346
0.000010 0.000010 0.820149 0.000010 0.000010 0.179771 0.000010 0.000010 0.000010 0.000010
0.000010 0.000010 0.534182 0.000010 0.000010 0.000010 0.000010 0.465738 0.000010 0.000010
0.010084 0.000010 0.000010 0.000010 0.000010 0.000010 0.000010 0.580092 0.409754 0.000010
0.000010 0.000010 0.999910 0.000010 0.000010 0.000010 0.000010 0.000010 0.000010 0.000010
0.000010 0.000010 0.721465 0.000010 0.000010 0.000010 0.000010 0.278455 0.000010 0.000010
0.000010 0.000010 0.000010 0.000010 0.000010 0.000010 0.000010 0.999910 0.000010 0.000010
0.000010 0.150013 0.016761 0.129316 0.072320 0.000010 0.005127 0.198197 0.424707 0.003541
0.000010 0.000010 0.999910 0.000010 0.000010 0.000010 0.000010 0.000010 0.000010 0.000010
0.000010 0.000010 0.000010 0.000011 0.000010 0.000010 0.000010 0.999909 0.000011 0.000010
0.000010 0.000010 0.999910 0.000010 0.000010 0.000010 0.000010 0.000010 0.000010 0.000010
0.000010 0.011184 0.000010 0.000010 0.000010 0.000010 0.000010 0.494752 0.493994 0.000010
0.376994 0.622913 0.000015 0.000010 0.000010 0.000019 0.000010 0.000010 0.000010 0.000010
0.015683 0.231286 0.000010 0.636285 0.000010 0.000010 0.116686 0.000010 0.000010 0.000010
0.000010 0.000010 0.000010 0.000010 0.000010 0.000010 0.000010 0.410383 0.000010 0.589537
0.000010 0.000010 0.519840 0.000010 0.000010 0.000010 0.000010 0.000010 0.000010 0.480080
0.000010 0.000010 0.000010 0.000010 0.000010 0.000010 0.000010 0.468547 0.531373 0.000010
0.000010 0.236740 0.562397 0.166470 0.000010 0.000010 0.034333 0.000010 0.000010 0.000010
0.000010 0.000010 0.028350 0.206579 0.029780 0.000010 0.000010 0.007767 0.727474 0.000010
0.000010 0.211836 0.000010 0.541711 0.169758 0.000010 0.000010 0.000010 0.008513 0.068132
0.000010 0.000010 0.000010 0.000010 0.000010 0.000010 0.000010 0.999910 0.000010 0.000010
0.000010 0.126460 0.000010 0.407503 0.089415 0.000010 0.000010 0.000010 0.304685 0.071888
0.000010 0.000010 0.000010 0.000010 0.000010 0.000010 0.000010 0.999910 0.000010 0.000010
0.000010 0.000010 0.000010 0.657104 0.000010 0.000010 0.000010 0.337661 0.005165 0.000010
0.000010 0.000010 0.000010 0.000010 0.000010 0.000010 0.000010 0.519868 0.000010 0.480052
0.045334 0.000010 0.038265 0.369753 0.165099 0.044949 0.000010 0.000010 0.302207 0.034362
0.196439 0.000010 0.000010 0.000010 0.000010 0.000010 0.054453 0.000010 0.625665 0.123382
0.131519 0.000010 0.038389 0.304806 0.046364 0.058651 0.126485 0.000010 0.191959 0.101807
0.000010 0.000010 0.146589 0.573418 0.233981 0.000010 0.000010 0.000010 0.045952 0.000010
0.000010 0.000010 0.000010 0.000010 0.000010 0.000010 0.000010 0.000010 0.999910 0.000010
0.094740 0.087149 0.000010 0.206663 0.128882 0.000010 0.000010 0.000010 0.444571 0.037954
0.057419 0.170695 0.008702 0.163269 0.137751 0.011873 0.000010 0.000010 0.436472 0.013799
0.000010 0.000010 0.000010 0.000010 0.000010 0.000010 0.000010 0.086631 0.913289 0.000010
0.051068 0.227111 0.000010 0.000010 0.006083 0.000010 0.000010 0.000010 0.715678 0.000010
0.000010 0.023040 0.049040 0.242255 0.093946 0.000012 0.000010 0.000010 0.591667 0.000010
0.023649 0.000010 0.000010 0.000010 0.000010 0.105085 0.000010 0.000010 0.705384 0.165822
0.117303 0.000010 0.000010 0.000010 0.000010 0.000010 0.012355 0.000010 0.780984 0.089298
0.230829 0.110978 0.000010 0.000010 0.424391 0.000010 0.000010 0.000010 0.187800 0.045952
0.000010 0.249751 0.010762 0.139609 0.298620 0.012806 0.000010 0.042958 0.194996 0.050478
0.000010 0.000010 0.000010 0.999910 0.000010 0.000010 0.000010 0.000010 0.000010 0.000010
0.999910 0.000010 0.000010 0.000010 0.000010 0.000010 0.000010 0.000010 0.000010 0.000010
0.000010 0.000010 0.350455 0.000010 0.000010 0.649465 0.000010 0.000010 0.000010 0.000010
0.000010 0.000010 0.127228 0.000010 0.000010 0.427314 0.445388 0.000010 0.000010 0.000010
0.190302 0.000010 0.195047 0.000010 0.000010 0.567572 0.047019 0.000010 0.000010 0.000010
0.000010 0.000010 0.000010 0.000010 0.000010 0.999910 0.000010 0.000010 0.000010 0.000010
0.000010 0.000010 0.000010 0.000010 0.000010 0.999910 0.000010 0.000010 0.000010 0.000010
0.085503 0.000010 0.000010 0.000010 0.072219 0.597186 0.245032 0.000010 0.000010 0.000010
0.000010 0.000010 0.117873 0.000010 0.000010 0.882040 0.000016 0.000010 0.000010 0.000010
0.000010 0.000010 0.023205 0.000010 0.000010 0.976712 0.000010 0.000010 0.000013 0.000010
0.097625 0.000010 0.000010 0.000013 0.155279 0.151525 0.595508 0.000010 0.000010 0.000010
0.050176 0.000010 0.000010 0.000010 0.000010 0.949744 0.000010 0.000010 0.000010 0.000010
0.000010 0.000010 0.000010 0.000010 0.000010 0.406554 0.428371 0.165005 0.000010 0.000010
0.000010 0.000010 0.000010 0.000010 0.000010 0.999910 0.000010 0.000010 0.000010 0.000010
0.000010 0.000010 0.000010 0.000010 0.000010 0.999910 0.000010 0.000010 0.000010 0.000010
0.075470 0.000010 0.000010 0.000010 0.000010 0.924450 0.000010 0.000010 0.000010 0.000010
0.000010 0.000011 0.000010 0.000010 0.000010 0.999909 0.000010 0.000010 0.000010 0.000010
0.000010 0.000010 0.000010 0.000010 0.000010 0.999910 0.000010 0.000010 0.000010 0.000010
0.000010 0.000010 0.326390 0.000010 0.000010 0.673530 0.000010 0.000010 0.000010 0.000010
0.000010 0.000010 0.000010 0.000010 0.000010 0.000010 0.999910 0.000010 0.000010 0.000010
0.999910 0.000010 0.000010 0.000010 0.000010 0.000010 0.000010 0.000010 0.000010 0.000010
0.099626 0.000010 0.000010 0.000010 0.000012 0.000010 0.900292 0.000010 0.000010 0.000010
0.999910 0.000010 0.000010 0.000010 0.000010 0.000010 0.000010 0.000010 0.000010 0.000010
0.999910 0.000010 0.000010 0.000010 0.000010 0.000010 0.000010 0.000010 0.000010 0.000010
0.000010 0.000010 0.000010 0.078280 0.000010 0.335579 0.586071 0.000010 0.000010 0.000010
0.000010 0.000010 0.000010 0.000010 0.000010 0.000010 0.999910 0.000010 0.000010 0.000010
0.000010 0.000010 0.000011 0.060882 0.000010 0.297601 0.641446 0.000010 0.000010 0.000010
0.000010 0.000010 0.000010 0.000010 0.000010 0.000010 0.999910 0.000010 0.000010 0.000010
0.000010 0.000010 0.000010 0.052318 0.000010 0.188427 0.759185 0.000010 0.000010 0.000010
0.160673 0.000010 0.000010 0.000010 0.000010 0.000010 0.839247 0.000010 0.000010 0.000010
0.000010 0.000010 0.000010 0.079939 0.000010 0.042811 0.877180 0.000010 0.000010 0.000010
0.335967 0.000010 0.000010 0.000010 0.000010 0.000010 0.559800 0.000010 0.104164 0.000010
0.187256 0.000010 0.000010 0.000010 0.000010 0.108475 0.556874 0.147335 0.000010 0.000010
0.301290 0.000010 0.000010 0.000010 0.000010 0.000010 0.612093 0.000010 0.086547 0.000010
0.060594 0.000010 0.000010 0.000010 0.000010 0.928174 0.000010 0.000010 0.000010 0.011162
0.167732 0.000010 0.021731 0.000010 0.000010 0.206051 0.585216 0.000010 0.001342 0.017887
0.141681 0.000010 0.000010 0.000010 0.000010 0.000010 0.841324 0.000010 0.016925 0.000010
0.008342 0.000010 0.000010 0.000010 0.000010 0.000010 0.991578 0.000010 0.000010 0.000010
0.035039 0.000010 0.000010 0.132154 0.000010 0.370228 0.462520 0.000010 0.000010 0.000010
0.623394 0.000010 0.000010 0.000010 0.000010 0.025409 0.351127 0.000010 0.000010 0.000010
0.143232 0.000010 0.000010 0.000010 0.000010 0.314930 0.488220 0.006935 0.010464 0.036179
0.000010 0.000010 0.000010 0.021240 0.000010 0.300667 0.663296 0.000010 0.000010 0.014736
0.000012 0.000010 0.000013 0.000010 0.000010 0.567917 0.347439 0.000010 0.000010 0.084568
0.000010 0.000010 0.000010 0.000012 0.000010 0.366811 0.467431 0.135926 0.000010 0.029770
0.164643 0.000010 0.000010 0.045503 0.000010 0.216362 0.573432 0.000010 0.000010 0.000010
0.096689 0.000010 0.000010 0.000010 0.000010 0.277624 0.514511 0.000010 0.000010 0.111115
0.429490 0.000010 0.000010 0.019144 0.000010 0.274320 0.276986 0.000010 0.000010 0.000010
0.184152 0.000010 0.033360 0.000010 0.000010 0.246527 0.535901 0.000010 0.000010 0.000010
0.129104 0.000010 0.000010 0.000010 0.000010 0.000010 0.418889 0.000010 0.000010 0.451936
0.000010 0.000010 0.000010 0.000010 0.000010 0.981466 0.018454 0.000010 0.000010 0.000010
0.150997 0.000010 0.000010 0.000010 0.000010 0.079042 0.504143 0.024988 0.000010 0.240781
0.000010 0.000010 0.010277 0.000010 0.000010 0.505830 0.387724 0.096109 0.000010 0.000010
0.000010 0.000010 0.000010 0.607127 0.000010 0.257041 0.135762 0.000010 0.000010 0.000010
0.552269 0.000010 0.000010 0.000010 0.000010 0.000010 0.443849 0.000010 0.003813 0.000010
0.111448 0.000010 0.000010 0.000010 0.206617 0.191981 0.489894 0.000010 0.000010 0.000010
