0.000010 0.999914 0.000010 0.000010 0.000016 0.000010 0.000010 0.000010 0.000010
0.000010 0.000010 0.000010 0.000010 0.000010 0.000010 0.000010 0.999920 0.000010
0.000010 0.006181 0.112221 0.247334 0.069843 0.000010 0.000010 0.452697 0.111694
0.000010 0.244133 0.000010 0.000010 0.000010 0.000010 0.000010 0.684428 0.071379
0.000010 0.000010 0.000010 0.000010 0.000010 0.000010 0.000010 0.000010 0.999920
0.026189 0.000018 0.000010 0.000010 0.000010 0.000010 0.000010 0.162686 0.811057
0.000019 0.005072 0.021802 0.000010 0.298851 0.000010 0.056116 0.000010 0.618110
0.000010 0.000010 0.000010 0.000010 0.000010 0.000010 0.000010 0.534275 0.465655
0.000010 0.000010 0.000010 0.000010 0.000010 0.000010 0.000010 0.371901 0.628029
0.027119 0.019713 0.053655 0.045689 0.649444 0.000010 0.086672 0.000010 0.117688
0.000010 0.000010 0.000010 0.000010 0.098548 0.000010 0.000010 0.000010 0.901382
0.035828 0.000010 0.000010 0.066605 0.000010 0.479834 0.000010 0.306064 0.111629
0.000010 0.000010 0.000010 0.000010 0.000010 0.000010 0.000010 0.000010 0.999920
0.000010 0.000010 0.000010 0.000010 0.000011 0.000010 0.000010 0.000010 0.999919
0.182989 0.005926 0.024868 0.071878 0.000010 0.000010 0.000010 0.000010 0.714299
0.000010 0.000010 0.000017 0.000010 0.000010 0.000010 0.000010 0.156852 0.843071
0.207709 0.000010 0.000010 0.000010 0.000010 0.000010 0.000010 0.000010 0.792221
0.000010 0.000010 0.000010 0.000010 0.000010 0.000010 0.000010 0.972508 0.027422
0.144141 0.000010 0.000010 0.394841 0.351795 0.000010 0.000010 0.000010 0.109173
0.000010 0.999920 0.000010 0.000010 0.000010 0.000010 0.000010 0.000010 0.000010
0.000010 0.038711 0.841015 0.000010 0.000015 0.000010 0.038660 0.000010 0.081559
0.000010 0.999920 0.000010 0.000010 0.000010 0.000010 0.000010 0.000010 0.000010
0.000010 0.999910 0.000020 0.000010 0.000010 0.000010 0.000010 0.000010 0.000010
0.000014 0.000010 0.051579 0.559317 0.108421 0.046133 0.031460 0.053901 0.149165
0.385175 0.000010 0.000011 0.309824 0.246572 0.000010 0.000010 0.000010 0.058377
0.005401 0.000010 0.000010 0.721856 0.042393 0.000010 0.000010 0.038181 0.192130
0.092090 0.000010 0.000010 0.673438 0.071379 0.000010 0.000010 0.005351 0.157702
0.073600 0.000010 0.000010 0.696126 0.069369 0.000010 0.000010 0.035403 0.125462
0.645888 0.044496 0.176813 0.000010 0.000011 0.000010 0.095891 0.000010 0.036870
0.005875 0.013784 0.000010 0.860060 0.012779 0.000010 0.051758 0.000010 0.055714
0.000010 0.085452 0.822421 0.000010 0.000010 0.000010 0.000010 0.000010 0.092067
0.010557 0.047048 0.342371 0.000010 0.020909 0.470050 0.000010 0.000010 0.109035
0.000010 0.098756 0.821492 0.000010 0.005154 0.000010 0.001986 0.000010 0.072571
0.000010 0.000010 0.001962 0.000010 0.000010 0.000010 0.077343 0.000010 0.920634
0.003447 0.035725 0.342596 0.246993 0.017027 0.048966 0.041420 0.138299 0.125529
0.114734 0.023100 0.351837 0.234658 0.113976 0.000010 0.043796 0.008459 0.109430
0.325025 0.028130 0.348398 0.034852 0.093582 0.090540 0.000017 0.000010 0.079445
0.000010 0.026201 0.023688 0.561482 0.000010 0.016903 0.061001 0.153309 0.157396
0.000010 0.585632 0.121405 0.000010 0.246013 0.000010 0.000010 0.000010 0.046900
0.088719 0.058285 0.205828 0.242433 0.039194 0.090862 0.056941 0.007601 0.210137
0.116210 0.000010 0.059963 0.372760 0.061040 0.072121 0.082348 0.000010 0.235538
0.041059 0.000010 0.000010 0.000010 0.000010 0.148478 0.222099 0.191374 0.396950
0.056803 0.000010 0.000010 0.025011 0.000010 0.489302 0.116270 0.035445 0.277138
0.137201 0.091182 0.211715 0.300783 0.044287 0.000010 0.081048 0.000010 0.133764
0.179017 0.006249 0.150278 0.093275 0.014712 0.117194 0.221056 0.000010 0.218209
0.000010 0.511334 0.000010 0.303954 0.000010 0.000010 0.000010 0.005216 0.179446
0.000010 0.210186 0.167662 0.175983 0.003137 0.000010 0.007281 0.332786 0.102946
0.000010 0.000010 0.000010 0.000010 0.000010 0.000010 0.999920 0.000010 0.000010
0.000010 0.000010 0.000010 0.000010 0.000010 0.108810 0.000010 0.346467 0.544663
0.000010 0.000010 0.211982 0.000010 0.000010 0.230433 0.542802 0.000010 0.014733
0.054517 0.000011 0.107182 0.000010 0.025997 0.378175 0.000010 0.250907 0.183190
0.446766 0.000010 0.000010 0.553164 0.000010 0.000010 0.000010 0.000010 0.000010
0.000010 0.419915 0.563668 0.000010 0.000010 0.000010 0.000010 0.000010 0.016357
0.000010 0.000010 0.000010 0.000010 0.999920 0.000010 0.000010 0.000010 0.000010
0.723370 0.000010 0.005623 0.147429 0.123528 0.000010 0.000010 0.000010 0.000010
0.557163 0.091938 0.334178 0.000010 0.000010 0.000010 0.016671 0.000010 0.000010
0.491799 0.014931 0.210146 0.223744 0.024806 0.000010 0.000010 0.034544 0.000010
0.000010 0.000010 0.000010 0.000010 0.000010 0.000010 0.000010 0.999920 0.000010
0.000010 0.016842 0.389097 0.500726 0.000010 0.000010 0.000010 0.026509 0.066786
0.000010 0.017665 0.383791 0.505206 0.000010 0.000010 0.000010 0.025451 0.067846
0.188067 0.000010 0.000010 0.116488 0.695385 0.000010 0.000010 0.000010 0.000010
0.000010 0.000010 0.000010 0.000010 0.000011 0.000010 0.000010 0.999919 0.000010
0.000010 0.000010 0.000010 0.999920 0.000010 0.000010 0.000010 0.000010 0.000010
0.134161 0.108174 0.366786 0.174302 0.107824 0.000010 0.050451 0.052526 0.005766
0.000010 0.000010 0.000010 0.000010 0.999920 0.000010 0.000010 0.000010 0.000010
0.000010 0.000010 0.000010 0.000010 0.999920 0.000010 0.000010 0.000010 0.000010
0.798798 0.072331 0.081792 0.000010 0.000010 0.000017 0.047022 0.000010 0.000010
0.000010 0.000010 0.000010 0.763786 0.066944 0.067267 0.039208 0.062754 0.000010
0.189109 0.000010 0.000010 0.400153 0.388139 0.000010 0.000010 0.022549 0.000010
0.000010 0.000010 0.000010 0.000010 0.999920 0.000010 0.000010 0.000010 0.000010
0.000016 0.000017 0.000010 0.000018 0.999895 0.000013 0.000010 0.000010 0.000010
0.000010 0.000010 0.000010 0.999920 0.000010 0.000010 0.000010 0.000010 0.000010
0.442989 0.014485 0.122920 0.260392 0.159173 0.000010 0.000010 0.000010 0.000010
0.412205 0.000010 0.000010 0.333763 0.253972 0.000010 0.000010 0.000010 0.000010
0.000010 0.032163 0.148192 0.000010 0.000010 0.000011 0.819575 0.000019 0.000010
0.000010 0.000010 0.999920 0.000010 0.000010 0.000010 0.000010 0.000010 0.000010
0.000010 0.000010 0.000010 0.000010 0.000010 0.999920 0.000010 0.000010 0.000010
0.000010 0.046975 0.952954 0.000010 0.000010 0.000010 0.000011 0.000010 0.000010
0.000010 0.000010 0.000010 0.000010 0.000010 0.999920 0.000010 0.000010 0.000010
0.000010 0.000010 0.000017 0.000010 0.000010 0.999913 0.000010 0.000010 0.000010
0.000010 0.000010 0.692575 0.000014 0.000010 0.307351 0.000010 0.000010 0.000010
0.017927 0.054205 0.665683 0.134095 0.018231 0.010221 0.072767 0.026862 0.000010
0.000010 0.000010 0.000010 0.000010 0.000010 0.000010 0.000010 0.999920 0.000010
0.004627 0.074757 0.464702 0.310284 0.024166 0.013396 0.071971 0.023747 0.012348
0.226530 0.000010 0.000010 0.061042 0.658068 0.000010 0.000010 0.000010 0.054310
0.169129 0.506304 0.000010 0.000010 0.324506 0.000010 0.000010 0.000010 0.000010
0.303351 0.000010 0.487146 0.000010 0.027564 0.000010 0.000010 0.164852 0.017048
0.000010 0.000010 0.452210 0.125402 0.000010 0.000010 0.422329 0.000010 0.000010
0.000010 0.000010 0.703039 0.000010 0.000010 0.296891 0.000010 0.000010 0.000010
0.000010 0.000010 0.000010 0.000010 0.000010 0.000010 0.000010 0.999920 0.000010
0.000010 0.000010 0.483053 0.089685 0.000010 0.000010 0.059475 0.260172 0.107575
0.133954 0.495233 0.000010 0.000010 0.000010 0.200466 0.000020 0.170288 0.000010
0.000010 0.017510 0.143751 0.076675 0.000010 0.000010 0.000010 0.739799 0.022224
0.136216 0.000017 0.000010 0.117593 0.000010 0.272186 0.000010 0.368134 0.105824
0.052924 0.000010 0.065938 0.312067 0.015272 0.000010 0.000010 0.553758 0.000010
0.000010 0.000010 0.000010 0.000010 0.000010 0.000010 0.441396 0.558534 0.000010
0.443236 0.000010 0.000010 0.000010 0.000014 0.000010 0.000010 0.556690 0.000010
0.000010 0.518538 0.000010 0.000010 0.000010 0.000010 0.000010 0.481392 0.000010
0.000010 0.000010 0.427965 0.000010 0.000010 0.000010 0.000010 0.571965 0.000010
0.000010 0.000010 0.000010 0.000010 0.000019 0.416508 0.000010 0.583413 0.000010
0.147090 0.039867 0.043613 0.000010 0.000010 0.377805 0.145720 0.245875 0.000010
0.000010 0.000010 0.543716 0.391136 0.030656 0.000010 0.034441 0.000010 0.000010
0.000010 0.000010 0.564616 0.000010 0.000010 0.435314 0.000010 0.000010 0.000010
0.006130 0.000912 0.275893 0.123086 0.020416 0.306947 0.000010 0.244627 0.021978
0.000010 0.000010 0.000010 0.000010 0.000010 0.000010 0.000010 0.999920 0.000010
0.000010 0.000010 0.000010 0.000010 0.000010 0.000010 0.000010 0.999920 0.000010
0.046080 0.057429 0.520688 0.212809 0.116221 0.000010 0.004413 0.042339 0.000010
0.999920 0.000010 0.000010 0.000010 0.000010 0.000010 0.000010 0.000010 0.000010
0.000010 0.000010 0.000010 0.000010 0.000010 0.000010 0.464642 0.535288 0.000010
0.000010 0.000010 0.496685 0.000010 0.000010 0.000010 0.000010 0.503245 0.000010
0.000010 0.999920 0.000010 0.000010 0.000010 0.000010 0.000010 0.000010 0.000010
0.000010 0.028817 0.343597 0.000010 0.000010 0.000010 0.000010 0.627526 0.000010
0.000010 0.000010 0.000010 0.734286 0.146436 0.000010 0.000010 0.078222 0.041006
0.000010 0.040885 0.513772 0.325796 0.072639 0.000010 0.032461 0.014417 0.000010
0.261234 0.030841 0.125969 0.495963 0.022744 0.000010 0.050025 0.013203 0.000010
0.201822 0.000010 0.102629 0.000010 0.000010 0.695490 0.000010 0.000010 0.000010
0.000010 0.000010 0.000010 0.000010 0.000010 0.000010 0.095397 0.063621 0.840922
0.000010 0.000445 0.999485 0.000010 0.000010 0.000010 0.000010 0.000010 0.000010
0.371432 0.122407 0.414360 0.000010 0.000016 0.000011 0.091737 0.000017 0.000010
0.000010 0.000010 0.999920 0.000010 0.000010 0.000010 0.000010 0.000010 0.000010
0.000018 0.999912 0.000010 0.000010 0.000010 0.000010 0.000010 0.000010 0.000010
0.000010 0.999920 0.000010 0.000010 0.000010 0.000010 0.000010 0.000010 0.000010
0.099286 0.000010 0.000010 0.102369 0.000010 0.000010 0.798286 0.000010 0.000010
0.000010 0.548279 0.000010 0.354147 0.000010 0.020399 0.000010 0.019170 0.057964
0.000010 0.000010 0.725169 0.000010 0.000010 0.000010 0.274761 0.000010 0.000010
0.000010 0.534202 0.000010 0.465728 0.000010 0.000010 0.000010 0.000010 0.000010
0.000010 0.000010 0.708484 0.266803 0.024653 0.000010 0.000010 0.000010 0.000010
0.000010 0.000010 0.000010 0.000010 0.000010 0.000010 0.597171 0.402759 0.000010
0.000010 0.005201 0.353885 0.640854 0.000010 0.000010 0.000010 0.000010 0.000010
0.000013 0.000010 0.773633 0.000010 0.000011 0.000010 0.226293 0.000010 0.000010
0.026588 0.438093 0.154675 0.000010 0.000010 0.000010 0.150642 0.229963 0.000010
0.000010 0.000010 0.529272 0.000010 0.000010 0.000010 0.470658 0.000010 0.000010
0.010070 0.215473 0.254892 0.163071 0.000010 0.003430 0.000010 0.331899 0.021144
0.329941 0.056385 0.317421 0.060929 0.143034 0.060142 0.000010 0.032128 0.000010
0.219855 0.031761 0.093925 0.000010 0.024955 0.008125 0.327919 0.293440 0.000010
0.000010 0.000010 0.000010 0.000010 0.000010 0.000010 0.999920 0.000010 0.000010
0.000010 0.000010 0.000010 0.760492 0.119312 0.000010 0.000010 0.120136 0.000010
0.126472 0.620819 0.211985 0.000010 0.040674 0.000010 0.000010 0.000010 0.000010
0.000010 0.000010 0.000010 0.000010 0.000010 0.484005 0.515925 0.000010 0.000010
0.108268 0.000010 0.102950 0.079717 0.068312 0.601415 0.039308 0.000010 0.000010
0.000010 0.000010 0.000010 0.072237 0.000010 0.001939 0.000010 0.349669 0.576106
0.000010 0.000010 0.518734 0.000010 0.000010 0.481196 0.000010 0.000010 0.000010
0.000010 0.023229 0.976701 0.000010 0.000010 0.000010 0.000010 0.000010 0.000010
0.070781 0.016734 0.156400 0.574025 0.154366 0.000010 0.000010 0.027663 0.000010
0.000010 0.000010 0.000010 0.049258 0.000010 0.000010 0.000010 0.950672 0.000010
0.000010 0.000010 0.000010 0.770274 0.128064 0.000010 0.000010 0.050210 0.051402
0.131853 0.000010 0.000010 0.032997 0.835090 0.000010 0.000010 0.000010 0.000010
0.000010 0.000010 0.000010 0.999920 0.000010 0.000010 0.000010 0.000010 0.000010
0.000010 0.999920 0.000010 0.000010 0.000010 0.000010 0.000010 0.000010 0.000010
0.218081 0.000010 0.410860 0.018843 0.105040 0.247137 0.000010 0.000010 0.000010
0.000010 0.999920 0.000010 0.000010 0.000010 0.000010 0.000010 0.000010 0.000010
0.330429 0.000010 0.000010 0.000010 0.669501 0.000010 0.000010 0.000010 0.000010
0.000010 0.123373 0.876557 0.000010 0.000010 0.000010 0.000010 0.000010 0.000010
0.000010 0.000010 0.000010 0.000010 0.000010 0.466565 0.533365 0.000010 0.000010
0.000010 0.559047 0.000019 0.000010 0.000010 0.440874 0.000010 0.000010 0.000010
0.043278 0.422830 0.031159 0.084828 0.001115 0.416760 0.000010 0.000010 0.000010
0.000010 0.000010 0.000010 0.000010 0.000010 0.529436 0.470494 0.000010 0.000010
0.170485 0.000011 0.083742 0.075946 0.075243 0.558560 0.007258 0.000010 0.028745
0.999920 0.000010 0.000010 0.000010 0.000010 0.000010 0.000010 0.000010 0.000010
0.000010 0.000010 0.000010 0.000010 0.000010 0.546315 0.000010 0.453615 0.000010
0.000010 0.000010 0.000010 0.435399 0.000010 0.000010 0.000010 0.564531 0.000010
0.000010 0.000010 0.238562 0.000010 0.000010 0.187472 0.169482 0.404433 0.000010
0.155548 0.062020 0.146694 0.000010 0.000010 0.000010 0.635688 0.000010 0.000010
0.317778 0.000010 0.146560 0.509330 0.026282 0.000010 0.000010 0.000010 0.000010
0.354027 0.000010 0.000010 0.645903 0.000010 0.000010 0.000010 0.000010 0.000010
0.000010 0.019886 0.237802 0.252718 0.000010 0.453759 0.000010 0.035794 0.000010
0.203390 0.017819 0.039498 0.000010 0.000010 0.000010 0.739243 0.000010 0.000010
0.057901 0.044190 0.063545 0.490411 0.171825 0.015684 0.000010 0.116176 0.040259
0.176926 0.000010 0.521084 0.082326 0.170734 0.000010 0.045363 0.003538 0.000010
0.000010 0.454460 0.545469 0.000011 0.000010 0.000010 0.000010 0.000010 0.000010
0.203608 0.091078 0.218974 0.000010 0.000010 0.426988 0.059307 0.000016 0.000010
0.467557 0.032715 0.071105 0.405178 0.000011 0.000010 0.023405 0.000010 0.000010
0.000010 0.000010 0.000010 0.000010 0.000010 0.000010 0.638044 0.361886 0.000010
0.000010 0.000010 0.280772 0.704973 0.000010 0.000010 0.014194 0.000010 0.000010
0.606957 0.021286 0.028778 0.270417 0.072522 0.000010 0.000010 0.000010 0.000010
0.000010 0.000010 0.013825 0.284376 0.098003 0.592225 0.000010 0.011531 0.000010
0.000010 0.000010 0.012735 0.290326 0.096682 0.591239 0.000010 0.008977 0.000010
0.216269 0.000010 0.000010 0.135161 0.600948 0.000010 0.000010 0.000010 0.047572
0.290130 0.026921 0.360326 0.116091 0.206294 0.000010 0.000208 0.000010 0.000010
0.462532 0.028782 0.234954 0.177303 0.077328 0.019071 0.000010 0.000010 0.000010
0.160578 0.016855 0.144491 0.485318 0.150154 0.000010 0.028273 0.014312 0.000010
0.000010 0.000010 0.000010 0.000015 0.000010 0.000010 0.000010 0.999915 0.000010
0.000010 0.000010 0.000010 0.000010 0.000010 0.999920 0.000010 0.000010 0.000010
0.000010 0.000010 0.000010 0.000010 0.000010 0.000010 0.445437 0.554493 0.000010
0.000010 0.000010 0.000010 0.000010 0.000010 0.000010 0.000010 0.999920 0.000010
0.000010 0.000010 0.000010 0.000010 0.000010 0.513084 0.000010 0.486846 0.000010
0.000010 0.000010 0.439927 0.000010 0.000010 0.560003 0.000010 0.000010 0.000010
0.000010 0.000010 0.000010 0.000010 0.000010 0.000010 0.000010 0.999920 0.000010
0.000012 0.000012 0.000010 0.000011 0.000010 0.297330 0.000010 0.702594 0.000010
0.000013 0.000010 0.000010 0.000010 0.000010 0.999917 0.000010 0.000010 0.000010
0.000010 0.000697 0.565928 0.197453 0.001073 0.216738 0.000010 0.018082 0.000010
0.000013 0.000010 0.000010 0.000010 0.000010 0.000010 0.000010 0.999917 0.000010
0.000017 0.000010 0.000010 0.000010 0.000010 0.999913 0.000010 0.000010 0.000010
0.000010 0.000010 0.000010 0.000010 0.000010 0.000015 0.000010 0.999915 0.000010
0.000010 0.000010 0.548492 0.000010 0.000010 0.451438 0.000010 0.000010 0.000010
0.000010 0.999920 0.000010 0.000010 0.000010 0.000010 0.000010 0.000010 0.000010
0.999920 0.000010 0.000010 0.000010 0.000010 0.000010 0.000010 0.000010 0.000010
0.000010 0.000010 0.000010 0.000010 0.000010 0.437205 0.562725 0.000010 0.000010
0.000010 0.000010 0.000010 0.000010 0.000010 0.000010 0.489158 0.510772 0.000010
0.000018 0.000010 0.480266 0.000010 0.000010 0.519656 0.000010 0.000010 0.000010
0.345539 0.000010 0.038663 0.000010 0.000010 0.000010 0.026699 0.589050 0.000010
0.000010 0.000010 0.670730 0.329197 0.000012 0.000010 0.000010 0.000010 0.000010
0.816699 0.000010 0.080861 0.000010 0.077180 0.000010 0.025210 0.000010 0.000010
0.000010 0.000010 0.000010 0.000010 0.000010 0.999920 0.000010 0.000010 0.000010
0.627033 0.000010 0.372897 0.000010 0.000010 0.000010 0.000010 0.000010 0.000010
0.000010 0.000010 0.000011 0.000010 0.000010 0.999919 0.000010 0.000010 0.000010
0.000010 0.000010 0.000010 0.667764 0.000010 0.332166 0.000010 0.000010 0.000010
0.000010 0.000010 0.000010 0.000010 0.000010 0.509604 0.490326 0.000010 0.000010
0.043413 0.030261 0.302672 0.410039 0.096105 0.000010 0.001797 0.012874 0.102829
0.000010 0.000010 0.988527 0.000010 0.000010 0.000010 0.011403 0.000010 0.000010
0.034518 0.076320 0.269406 0.400161 0.083526 0.014141 0.032352 0.035551 0.054023
0.000010 0.000010 0.000010 0.774404 0.092718 0.000010 0.000010 0.087483 0.045345
0.000010 0.000010 0.999912 0.000010 0.000018 0.000010 0.000010 0.000010 0.000010
0.212018 0.088973 0.540387 0.045137 0.060071 0.010865 0.008085 0.000010 0.034454
0.181654 0.086377 0.545117 0.053528 0.085815 0.014583 0.000010 0.001399 0.031517
0.000010 0.000010 0.936839 0.000010 0.000010 0.063091 0.000010 0.000010 0.000010
0.000010 0.062410 0.937520 0.000010 0.000010 0.000010 0.000010 0.000010 0.000010
0.000010 0.000010 0.559537 0.372857 0.021722 0.000010 0.000010 0.015954 0.029890
0.000010 0.000010 0.754252 0.000010 0.033999 0.067556 0.114808 0.000010 0.029345
0.000010 0.000010 0.999920 0.000010 0.000010 0.000010 0.000010 0.000010 0.000010
0.088616 0.331869 0.208851 0.000010 0.363203 0.003667 0.003763 0.000010 0.000010
0.151418 0.045988 0.323957 0.082375 0.226168 0.028838 0.074994 0.000010 0.066250
0.445405 0.000010 0.000010 0.554525 0.000010 0.000010 0.000010 0.000010 0.000010
