0.019755 0.056284 0.047643 0.815565 0.000010 0.060743
0.168393 0.162219 0.000010 0.339619 0.011742 0.318017
0.036520 0.071441 0.000010 0.587110 0.037638 0.267281
0.000010 0.000010 0.000010 0.000010 0.999950 0.000010
0.028140 0.000010 0.000010 0.384151 0.125638 0.462051
0.030225 0.000010 0.000010 0.393920 0.123760 0.452075
0.033376 0.043238 0.045959 0.655215 0.073176 0.149036
0.000010 0.000010 0.000010 0.000010 0.999950 0.000010
0.000010 0.000010 0.000010 0.840041 0.096334 0.063596
0.143692 0.081970 0.000010 0.334894 0.096110 0.343325
0.043007 0.000010 0.026543 0.497658 0.043047 0.389735
0.042274 0.000010 0.024160 0.482038 0.055249 0.396268
0.117313 0.249894 0.000010 0.519833 0.000010 0.112939
0.000010 0.107539 0.106308 0.647382 0.138751 0.000010
0.066413 0.012384 0.123435 0.717871 0.079887 0.000010
0.066618 0.023749 0.107966 0.457586 0.026423 0.317658
0.068629 0.024303 0.106039 0.461123 0.026912 0.312994
0.000010 0.000012 0.000010 0.999945 0.000012 0.000010
0.037924 0.028541 0.000010 0.699181 0.011297 0.223046
0.000010 0.000010 0.000016 0.999944 0.000010 0.000010
0.075577 0.845115 0.000010 0.000010 0.000010 0.079278
0.000010 0.000010 0.000010 0.000010 0.000010 0.999950
0.000010 0.000010 0.999950 0.000010 0.000010 0.000010
0.084973 0.093467 0.000010 0.000011 0.000010 0.821528
0.000010 0.000010 0.999950 0.000010 0.000010 0.000010
0.000010 0.000010 0.999950 0.000010 0.000010 0.000010
0.000010 0.000010 0.322764 0.000010 0.000010 0.677196
0.070317 0.177333 0.065286 0.104330 0.054647 0.528087
0.000010 0.000010 0.000010 0.000010 0.999950 0.000010
0.082360 0.111041 0.030607 0.251362 0.057247 0.467382
0.034180 0.058434 0.041420 0.642916 0.076918 0.146131
0.503901 0.042335 0.028775 0.338916 0.000010 0.086063
0.047382 0.000010 0.011933 0.326639 0.157818 0.456219
0.000010 0.403312 0.000010 0.034597 0.081449 0.480621
0.000010 0.000014 0.277851 0.000010 0.000010 0.722106
0.000010 0.000010 0.000010 0.000010 0.999950 0.000010
0.000010 0.071351 0.027811 0.081624 0.304923 0.514281
0.495969 0.000010 0.202621 0.109002 0.192388 0.000010
0.027186 0.000010 0.000010 0.008537 0.816172 0.148085
0.000010 0.000010 0.334081 0.259472 0.406417 0.000010
0.000010 0.000010 0.000010 0.331037 0.577675 0.091257
0.000010 0.405521 0.000010 0.000010 0.594439 0.000010
0.000010 0.000010 0.000010 0.433958 0.566002 0.000010
0.534836 0.000010 0.000010 0.000010 0.465124 0.000010
0.000010 0.000010 0.000010 0.000010 0.579328 0.420632
0.000010 0.000010 0.428176 0.000010 0.571784 0.000010
0.046671 0.199239 0.437934 0.030191 0.233160 0.052806
0.000010 0.119107 0.000010 0.307603 0.027867 0.545402
0.010231 0.000010 0.374100 0.000010 0.000010 0.615640
0.022075 0.000010 0.303482 0.109068 0.281790 0.283575
0.000010 0.000010 0.000010 0.000010 0.999950 0.000010
0.000010 0.000010 0.000010 0.000010 0.999950 0.000010
0.098739 0.000010 0.000010 0.295014 0.066005 0.540223
0.016603 0.043661 0.000010 0.753893 0.000010 0.185823
0.000010 0.444658 0.000010 0.000010 0.555302 0.000010
0.000010 0.000010 0.000010 0.000010 0.509673 0.490287
0.999950 0.000010 0.000010 0.000010 0.000010 0.000010
0.041265 0.000010 0.000010 0.000010 0.616048 0.342657
0.000010 0.005269 0.000010 0.744828 0.150128 0.099756
0.062557 0.054495 0.000010 0.295597 0.042488 0.544853
0.033210 0.143714 0.000010 0.614347 0.047579 0.161139
0.000010 0.155895 0.698510 0.047448 0.000010 0.098127
0.069067 0.120960 0.171159 0.403547 0.215896 0.019370
0.048185 0.127671 0.000010 0.000010 0.000010 0.824115
0.164538 0.221089 0.054819 0.209921 0.017113 0.332521
0.000010 0.000010 0.000010 0.000010 0.000010 0.999950
0.999950 0.000010 0.000010 0.000010 0.000010 0.000010
0.999950 0.000010 0.000010 0.000010 0.000010 0.000010
0.058013 0.746192 0.000010 0.184894 0.010881 0.000010
0.506560 0.000010 0.106637 0.286414 0.100370 0.000010
0.025069 0.299011 0.000010 0.000010 0.000010 0.675891
0.530631 0.000010 0.000010 0.452232 0.017107 0.000010
0.000010 0.000010 0.000010 0.225857 0.008459 0.765653
0.000010 0.622002 0.000010 0.000010 0.377958 0.000010
0.000010 0.057368 0.024293 0.514239 0.034510 0.369580
0.000010 0.306713 0.001046 0.000010 0.000010 0.692211
0.461369 0.138426 0.000010 0.000010 0.240798 0.159386
0.000010 0.466166 0.000010 0.000013 0.000010 0.533791
0.212385 0.000010 0.000114 0.128951 0.408499 0.250042
0.097957 0.046435 0.049380 0.412331 0.066983 0.326914
0.064770 0.417935 0.040937 0.138929 0.310601 0.026827
0.000010 0.999950 0.000010 0.000010 0.000010 0.000010
0.000010 0.034620 0.000010 0.615347 0.248859 0.101154
0.597082 0.000010 0.005066 0.141472 0.018479 0.237890
0.000010 0.550199 0.449761 0.000010 0.000010 0.000010
0.000010 0.086450 0.533069 0.244336 0.000010 0.136125
0.000015 0.000010 0.092894 0.411903 0.465804 0.029374
0.000010 0.000010 0.502410 0.000010 0.000010 0.497550
0.070397 0.129825 0.013079 0.000010 0.000010 0.786679
0.000010 0.000010 0.000010 0.718878 0.081015 0.200077
0.000010 0.000010 0.000010 0.044041 0.955919 0.000010
0.000010 0.000010 0.000010 0.694717 0.157662 0.147591
0.028982 0.030269 0.101219 0.696009 0.014252 0.129269
0.000010 0.000010 0.000019 0.999937 0.000014 0.000010
0.917263 0.082697 0.000010 0.000010 0.000010 0.000010
0.030139 0.000010 0.228407 0.316412 0.000010 0.425022
0.999950 0.000010 0.000010 0.000010 0.000010 0.000010
0.039568 0.058981 0.054068 0.691855 0.038294 0.117234
0.185701 0.000010 0.000010 0.000010 0.000010 0.814259
0.000012 0.525868 0.474091 0.000010 0.000010 0.000010
0.525104 0.000010 0.474856 0.000010 0.000010 0.000010
0.389866 0.000010 0.425320 0.127360 0.000010 0.057434
0.000010 0.439154 0.560806 0.000010 0.000010 0.000010
0.000010 0.052910 0.546219 0.322083 0.000010 0.078768
0.088774 0.071419 0.000011 0.772110 0.000010 0.067675
0.000016 0.000010 0.517973 0.000011 0.481980 0.000010
0.000010 0.000010 0.000010 0.362344 0.605088 0.032537
0.000010 0.169806 0.178293 0.000010 0.397959 0.253922
0.084510 0.729765 0.000010 0.000010 0.000010 0.185694
0.000010 0.032565 0.000010 0.745527 0.031011 0.190877
0.000010 0.000010 0.000010 0.999950 0.000010 0.000010
0.030989 0.012594 0.450204 0.188047 0.083229 0.234938
0.000010 0.999950 0.000010 0.000010 0.000010 0.000010
0.049654 0.000010 0.028396 0.547900 0.230111 0.143928
0.000010 0.127046 0.000010 0.278263 0.042770 0.551901
0.475832 0.000010 0.000010 0.000010 0.000010 0.524128
0.094975 0.212626 0.446902 0.036566 0.026250 0.182681
0.074237 0.093974 0.000010 0.660147 0.031044 0.140588
0.000010 0.626812 0.000010 0.000010 0.373148 0.000010
0.000010 0.050558 0.000010 0.651921 0.000010 0.297491
0.042994 0.039471 0.000010 0.786556 0.008842 0.122126
0.006622 0.000010 0.495008 0.286981 0.069865 0.141514
0.011962 0.000010 0.496785 0.288404 0.068874 0.133965
0.050316 0.067809 0.121167 0.681360 0.022090 0.057258
0.052628 0.038232 0.000014 0.495054 0.000010 0.414062
0.062363 0.012735 0.039282 0.620475 0.000010 0.265135
0.047832 0.020864 0.000010 0.709246 0.039820 0.182229
0.000010 0.000010 0.000010 0.000010 0.999950 0.000010
0.000010 0.000010 0.999950 0.000010 0.000010 0.000010
0.000011 0.417627 0.000010 0.000010 0.582332 0.000010
0.000012 0.000010 0.000010 0.000010 0.999948 0.000010
0.000010 0.000010 0.508156 0.000010 0.491804 0.000010
0.000010 0.000010 0.556246 0.000010 0.000010 0.443714
0.000010 0.000010 0.000010 0.000010 0.999950 0.000010
0.000010 0.000010 0.241123 0.000010 0.758837 0.000010
0.000010 0.000010 0.999950 0.000010 0.000010 0.000010
0.062783 0.000010 0.196641 0.121286 0.040347 0.578933
0.000010 0.000010 0.000010 0.000010 0.999950 0.000010
0.000010 0.000010 0.999947 0.000010 0.000013 0.000010
0.000010 0.000010 0.000010 0.000010 0.999950 0.000010
0.000010 0.000010 0.461980 0.000010 0.000010 0.537980
0.999950 0.000010 0.000010 0.000010 0.000010 0.000010
0.033555 0.087686 0.002830 0.813417 0.000010 0.062502
0.019029 0.583494 0.383954 0.000010 0.000010 0.013503
0.000010 0.516250 0.000010 0.000010 0.483710 0.000010
0.000010 0.000010 0.516550 0.000010 0.000010 0.483410
0.015068 0.143862 0.000010 0.156591 0.653671 0.030798
0.000010 0.000010 0.024913 0.216310 0.068554 0.690204
0.030049 0.087325 0.000010 0.755232 0.000010 0.127374
0.000010 0.000010 0.999950 0.000010 0.000010 0.000010
0.000010 0.093255 0.000010 0.531761 0.000010 0.374954
0.000010 0.000010 0.999949 0.000011 0.000010 0.000010
0.000010 0.000010 0.337830 0.603381 0.050359 0.008410
0.000011 0.459831 0.540128 0.000010 0.000010 0.000010
0.039167 0.015023 0.031240 0.485492 0.056519 0.372559
0.042323 0.136049 0.000010 0.000010 0.000010 0.821597
0.075321 0.027446 0.066333 0.395403 0.089196 0.346300
0.000010 0.021791 0.000010 0.692108 0.171645 0.114437
0.000010 0.000010 0.000010 0.000010 0.000010 0.999950
0.182835 0.032069 0.018873 0.284001 0.001186 0.481036
0.159316 0.000010 0.027005 0.289315 0.003841 0.520513
0.000011 0.000010 0.062588 0.000010 0.000010 0.937371
0.093107 0.059283 0.000010 0.000010 0.000010 0.847579
0.000010 0.000010 0.000010 0.305073 0.111232 0.583665
0.000010 0.091884 0.084436 0.000010 0.040583 0.783076
0.000010 0.088761 0.000010 0.000012 0.000010 0.911197
0.368293 0.035821 0.050928 0.274396 0.000010 0.270553
0.116806 0.096583 0.142509 0.339162 0.015809 0.289131
0.000010 0.000010 0.000010 0.999950 0.000010 0.000010
0.999950 0.000010 0.000010 0.000010 0.000010 0.000010
0.000010 0.000010 0.000010 0.000010 0.999950 0.000010
0.043224 0.000010 0.000010 0.297204 0.563645 0.095907
0.284639 0.000010 0.000010 0.000012 0.715319 0.000010
0.120629 0.000010 0.156515 0.540305 0.182530 0.000010
0.077014 0.000010 0.132662 0.485921 0.304383 0.000010
0.120410 0.117061 0.094819 0.522453 0.105605 0.039651
0.036954 0.000010 0.095336 0.190007 0.677682 0.000010
0.051683 0.000010 0.096308 0.297745 0.554243 0.000010
0.070164 0.167211 0.070577 0.544576 0.013131 0.134342
0.141070 0.038997 0.189641 0.505087 0.110537 0.014668
0.012877 0.000010 0.507572 0.133031 0.346500 0.000010
0.080417 0.000010 0.181631 0.653552 0.084380 0.000010
0.074750 0.000010 0.180709 0.660052 0.084468 0.000010
0.145829 0.000010 0.038344 0.657623 0.103232 0.054963
0.116778 0.000010 0.082619 0.410919 0.389664 0.000010
0.027378 0.055036 0.090868 0.733438 0.093270 0.000010
0.000010 0.000010 0.000010 0.000010 0.999950 0.000010
0.079477 0.000010 0.083544 0.772076 0.064884 0.000010
0.999950 0.000010 0.000010 0.000010 0.000010 0.000010
0.123535 0.198352 0.000012 0.012414 0.000010 0.665677
0.999950 0.000010 0.000010 0.000010 0.000010 0.000010
0.999950 0.000010 0.000010 0.000010 0.000010 0.000010
0.016453 0.064670 0.112095 0.602468 0.132024 0.072291
0.000010 0.000010 0.000010 0.999950 0.000010 0.000010
0.007643 0.000010 0.000010 0.797241 0.165354 0.029742
0.000010 0.000010 0.000010 0.839278 0.097130 0.063562
0.003977 0.000010 0.000010 0.831443 0.141637 0.022923
0.123245 0.263649 0.000010 0.500814 0.000010 0.112272
0.058854 0.012824 0.022507 0.884163 0.009867 0.011785
0.235066 0.066231 0.000010 0.041130 0.000010 0.657554
0.183557 0.015632 0.486713 0.066518 0.022893 0.224688
0.239890 0.026435 0.055455 0.023391 0.000010 0.654818
0.144283 0.079029 0.189480 0.449205 0.137993 0.000010
0.123308 0.052905 0.046718 0.307268 0.210754 0.259047
0.088740 0.083828 0.065577 0.477103 0.018268 0.266483
0.101076 0.024035 0.125451 0.472227 0.000010 0.277201
0.110733 0.026562 0.024460 0.560059 0.269489 0.008697
0.597219 0.017579 0.045083 0.177938 0.000010 0.162170
0.136600 0.050154 0.110012 0.454038 0.077157 0.172039
0.000010 0.130631 0.099639 0.588471 0.070726 0.110523
0.009383 0.275299 0.230637 0.202456 0.282215 0.000010
0.000010 0.165185 0.585353 0.199564 0.049878 0.000010
0.161992 0.146668 0.000010 0.538759 0.026448 0.126123
0.057179 0.294098 0.162684 0.359316 0.008862 0.117862
0.493544 0.000010 0.086797 0.318278 0.101360 0.000010
0.284587 0.010565 0.000010 0.160959 0.431421 0.112458
0.000010 0.999942 0.000010 0.000010 0.000018 0.000010
0.007916 0.000010 0.187030 0.329581 0.475453 0.000010
0.000012 0.600620 0.249406 0.000010 0.000010 0.149943
0.038046 0.000010 0.391463 0.190145 0.299772 0.080564
0.000010 0.000010 0.000012 0.999948 0.000010 0.000010
0.504352 0.000010 0.000010 0.000010 0.000010 0.495608
0.107163 0.029381 0.049692 0.488603 0.060778 0.264383
