0.000010 0.842590 0.000010 0.022577 0.134813
0.000010 0.426854 0.000010 0.000010 0.573116
0.000010 0.612892 0.052683 0.000010 0.334405
0.000010 0.000010 0.999960 0.000010 0.000010
0.011830 0.464145 0.108785 0.000010 0.415230
0.026294 0.466813 0.103783 0.000010 0.403100
0.000010 0.733075 0.021254 0.055879 0.189782
0.000010 0.000010 0.999960 0.000010 0.000010
0.000010 0.890143 0.048096 0.000010 0.061741
0.042914 0.337683 0.072067 0.000010 0.547326
0.013550 0.564939 0.003877 0.036081 0.381552
0.000010 0.560023 0.015011 0.041290 0.383666
0.000010 0.573051 0.000010 0.000010 0.426919
0.079894 0.687482 0.112616 0.119998 0.000010
0.000010 0.829964 0.044282 0.084816 0.040929
0.000010 0.542746 0.000010 0.062294 0.394941
0.000010 0.546537 0.000010 0.058995 0.394448
0.000010 0.999960 0.000010 0.000010 0.000010
0.000010 0.739277 0.013124 0.009729 0.237860
0.000010 0.999952 0.000010 0.000018 0.000010
0.000010 0.000010 0.000010 0.007310 0.992660
0.000010 0.000010 0.000010 0.017637 0.982333
0.000010 0.000010 0.000010 0.999960 0.000010
0.000010 0.039659 0.000010 0.045460 0.914861
0.000010 0.000010 0.000010 0.999960 0.000010
0.000010 0.000010 0.000010 0.999960 0.000010
0.000010 0.000010 0.000010 0.418561 0.581409
0.000010 0.142580 0.040224 0.085773 0.731414
0.000010 0.000010 0.999960 0.000010 0.000010
0.000010 0.308714 0.056541 0.038629 0.596106
0.104811 0.656610 0.018711 0.031484 0.188383
0.077294 0.298352 0.000010 0.000010 0.624333
0.061120 0.275511 0.163136 0.027494 0.472739
0.000010 0.119735 0.040167 0.011473 0.828615
0.000010 0.000010 0.000010 0.389911 0.610059
0.000010 0.000010 0.999960 0.000010 0.000010
0.037747 0.122041 0.301692 0.061856 0.476663
0.000010 0.159300 0.172385 0.161210 0.507095
0.150046 0.000010 0.730961 0.000010 0.118973
0.093573 0.239789 0.381622 0.285006 0.000010
0.000010 0.363693 0.578515 0.000010 0.057772
0.000010 0.000010 0.567070 0.000010 0.432900
0.000010 0.459676 0.540294 0.000010 0.000010
0.000010 0.000010 0.476775 0.000010 0.523195
0.000010 0.000010 0.588311 0.000010 0.411659
0.000010 0.000010 0.594405 0.405565 0.000010
0.000010 0.079378 0.249105 0.403916 0.267592
0.000010 0.392966 0.037168 0.051124 0.518732
0.000010 0.000010 0.000010 0.467336 0.532634
0.000010 0.165058 0.262715 0.342904 0.229313
0.000010 0.000010 0.999960 0.000010 0.000010
0.000010 0.000010 0.999960 0.000010 0.000010
0.000010 0.322073 0.060567 0.033246 0.584104
0.000010 0.792332 0.000010 0.000010 0.207638
0.000010 0.000010 0.530503 0.000010 0.469467
0.000010 0.000010 0.532069 0.000010 0.467901
0.000010 0.000010 0.000010 0.000010 0.999960
0.000010 0.000010 0.647012 0.012813 0.340155
0.073066 0.800816 0.126097 0.000010 0.000010
0.000010 0.343999 0.047046 0.011442 0.597504
0.000010 0.670126 0.059799 0.000010 0.270054
0.000010 0.112574 0.000010 0.725608 0.161798
0.395540 0.149208 0.224287 0.116596 0.114369
0.000010 0.000010 0.000010 0.000010 0.999960
0.000010 0.271805 0.000010 0.041183 0.686992
0.000010 0.000010 0.000010 0.011151 0.988819
0.000010 0.000010 0.000010 0.000010 0.999960
0.000010 0.000010 0.000010 0.000010 0.999960
0.000010 0.181222 0.044395 0.000010 0.774362
0.088191 0.298893 0.068719 0.000010 0.544187
0.000013 0.000010 0.000010 0.000010 0.999957
0.000010 0.447080 0.009362 0.000010 0.543538
0.000010 0.277976 0.032674 0.052840 0.636499
0.024547 0.000010 0.400699 0.000010 0.574734
0.000010 0.583386 0.027639 0.054479 0.334485
0.003772 0.000010 0.000010 0.044028 0.952180
0.057349 0.000010 0.218302 0.000010 0.724328
0.000010 0.000010 0.000010 0.000010 0.999960
0.008342 0.176037 0.344726 0.009306 0.461588
0.000010 0.427649 0.039190 0.089025 0.444127
0.000010 0.196075 0.288087 0.032823 0.483005
0.000010 0.000010 0.000010 0.000010 0.999960
0.000010 0.774773 0.177361 0.006179 0.041677
0.000010 0.147345 0.004610 0.000010 0.848025
0.000010 0.000010 0.000010 0.496056 0.503914
0.055062 0.202856 0.000010 0.604444 0.137628
0.269758 0.219220 0.453844 0.057168 0.000010
0.000010 0.000010 0.000010 0.559743 0.440227
0.020394 0.020735 0.000010 0.000010 0.958851
0.020479 0.707089 0.064175 0.000010 0.208247
0.000010 0.038047 0.961923 0.000010 0.000010
0.024941 0.795750 0.136976 0.000010 0.042323
0.018152 0.731722 0.000698 0.093648 0.155780
0.000010 0.999960 0.000010 0.000010 0.000010
0.000010 0.000010 0.000010 0.000010 0.999960
0.027848 0.260578 0.000010 0.282006 0.429559
0.000010 0.000010 0.000010 0.000010 0.999960
0.040809 0.731856 0.000010 0.016271 0.211055
0.000010 0.000010 0.000010 0.000010 0.999960
0.000010 0.000010 0.000010 0.510021 0.489949
0.000019 0.000010 0.000010 0.381630 0.618331
0.000010 0.121607 0.000010 0.381983 0.496391
0.004576 0.000010 0.000010 0.533725 0.461679
0.000010 0.301283 0.000010 0.577675 0.121023
0.017301 0.760675 0.000010 0.000010 0.222004
0.000010 0.000010 0.457399 0.542571 0.000010
0.000010 0.394767 0.594238 0.000010 0.010975
0.015516 0.000010 0.407369 0.200071 0.377034
0.018918 0.122391 0.000010 0.000010 0.858671
0.000010 0.815677 0.000010 0.000010 0.184293
0.000010 0.999960 0.000010 0.000010 0.000010
0.030373 0.204224 0.062725 0.467639 0.235039
0.032830 0.139845 0.000010 0.000010 0.827305
0.004672 0.630907 0.167763 0.040046 0.156611
0.000010 0.356067 0.013639 0.028098 0.602186
0.000010 0.000010 0.000010 0.000010 0.999960
0.000010 0.121264 0.000010 0.444664 0.434051
0.000010 0.744333 0.013941 0.000010 0.241706
0.000010 0.000010 0.402717 0.000010 0.597253
0.044519 0.668305 0.000010 0.000010 0.287156
0.000010 0.814979 0.020673 0.000010 0.164328
0.000010 0.335332 0.046674 0.596772 0.021212
0.000010 0.339419 0.046332 0.593927 0.020312
0.059800 0.716181 0.005807 0.082505 0.135706
0.000010 0.500334 0.000010 0.000518 0.499128
0.000010 0.615854 0.000010 0.056746 0.327381
0.021455 0.673790 0.045207 0.000010 0.259539
0.000010 0.000010 0.999960 0.000010 0.000010
0.000010 0.000010 0.000010 0.999960 0.000010
0.000010 0.000010 0.571017 0.000010 0.428953
0.000010 0.000010 0.999960 0.000010 0.000010
0.000010 0.000010 0.502795 0.497175 0.000010
0.000010 0.000010 0.000010 0.625730 0.374240
0.000010 0.000010 0.999960 0.000010 0.000010
0.000010 0.000010 0.715063 0.284907 0.000010
0.000010 0.000010 0.000010 0.999960 0.000010
0.000010 0.185836 0.034668 0.244752 0.534733
0.000010 0.000010 0.999960 0.000010 0.000010
0.000010 0.000010 0.000010 0.999960 0.000010
0.000010 0.000010 0.999960 0.000010 0.000010
0.000010 0.000010 0.003373 0.527032 0.469575
0.000010 0.000010 0.000010 0.000010 0.999960
0.040422 0.788968 0.000010 0.000010 0.170589
0.011976 0.000010 0.000010 0.441915 0.546089
0.000010 0.000010 0.509614 0.000010 0.490356
0.000010 0.000010 0.000010 0.583800 0.416170
0.000010 0.248635 0.598550 0.000010 0.152795
0.000010 0.284797 0.035109 0.132928 0.547156
0.000010 0.754114 0.000010 0.000010 0.245856
0.000010 0.000010 0.000010 0.999960 0.000010
0.000010 0.546104 0.000010 0.038431 0.415445
0.000010 0.000010 0.000010 0.999960 0.000010
0.000010 0.671771 0.000010 0.328199 0.000010
0.000010 0.000010 0.000010 0.526948 0.473022
0.089543 0.486912 0.043341 0.024557 0.355647
0.073964 0.000010 0.000010 0.000010 0.926006
0.181760 0.380110 0.056089 0.024525 0.357516
0.020436 0.777947 0.164558 0.000010 0.037049
0.000010 0.000010 0.000010 0.000010 0.999960
0.042504 0.258446 0.011171 0.040178 0.647700
0.026783 0.260632 0.014922 0.050832 0.646831
0.000010 0.000010 0.000010 0.169624 0.830346
0.000010 0.034135 0.000010 0.000010 0.965835
0.000010 0.392052 0.076001 0.000010 0.531927
0.084063 0.027537 0.001211 0.137521 0.749667
0.040616 0.004881 0.000010 0.000010 0.954483
0.055068 0.271241 0.000010 0.026607 0.647074
0.005461 0.372994 0.021318 0.100881 0.499346
0.000010 0.999960 0.000010 0.000010 0.000010
0.311167 0.000010 0.000010 0.000010 0.688803
0.167641 0.000010 0.832329 0.000010 0.000010
0.539671 0.098333 0.360975 0.000010 0.001012
0.411654 0.000010 0.500670 0.000010 0.087656
0.999958 0.000012 0.000010 0.000010 0.000010
0.837044 0.000010 0.162926 0.000010 0.000010
0.825686 0.074268 0.000010 0.000010 0.100026
0.555453 0.000010 0.444517 0.000010 0.000010
0.671529 0.000010 0.328441 0.000010 0.000010
0.529538 0.269889 0.000010 0.005779 0.194784
0.999960 0.000010 0.000010 0.000010 0.000010
0.447669 0.000015 0.204153 0.348153 0.000010
0.941168 0.058802 0.000010 0.000010 0.000010
0.932913 0.067057 0.000010 0.000010 0.000010
0.860067 0.139903 0.000010 0.000010 0.000010
0.832665 0.000010 0.167305 0.000010 0.000010
0.895890 0.104080 0.000010 0.000010 0.000010
0.194538 0.000010 0.805432 0.000010 0.000010
0.443356 0.556605 0.000010 0.000019 0.000010
0.256452 0.000010 0.000010 0.000010 0.743518
0.369488 0.000010 0.000010 0.000010 0.630482
0.314390 0.000010 0.000010 0.000010 0.685580
0.291644 0.000010 0.000010 0.000010 0.708326
0.572006 0.366592 0.039878 0.019301 0.002223
0.299824 0.700141 0.000010 0.000015 0.000010
0.531997 0.437743 0.030240 0.000010 0.000010
0.458834 0.541136 0.000010 0.000010 0.000010
0.484930 0.490303 0.024747 0.000010 0.000010
0.456785 0.268062 0.000010 0.000010 0.275133
0.477046 0.522924 0.000010 0.000010 0.000010
0.383505 0.000010 0.000010 0.000010 0.616465
0.437916 0.000010 0.000010 0.360015 0.202050
0.378012 0.000010 0.000010 0.000010 0.621958
0.949286 0.000010 0.010777 0.039917 0.000010
0.511088 0.112114 0.090908 0.028451 0.257440
0.510639 0.190673 0.000010 0.000010 0.298668
0.433880 0.217036 0.000010 0.066515 0.282560
0.541450 0.324884 0.115642 0.000010 0.018014
0.468061 0.000010 0.000010 0.000010 0.531909
0.586617 0.158208 0.000010 0.052173 0.202992
0.604198 0.292125 0.000010 0.049748 0.053920
0.722226 0.000010 0.110236 0.127207 0.040321
0.608924 0.000010 0.000010 0.391046 0.000010
0.538455 0.219468 0.000010 0.000010 0.242057
0.582406 0.085659 0.000010 0.075258 0.256667
0.585513 0.087830 0.000010 0.000010 0.326637
0.554845 0.000010 0.228991 0.000010 0.216143
0.324152 0.000010 0.000010 0.000010 0.675818
0.693887 0.000010 0.265687 0.040406 0.000010
0.346938 0.000010 0.000010 0.152494 0.500548
0.559850 0.000010 0.160670 0.279459 0.000010
0.201329 0.798641 0.000010 0.000010 0.000010
0.330719 0.000010 0.000010 0.000010 0.669251
0.515584 0.260851 0.000010 0.000010 0.223546
