0.089761 0.018851 0.000010 0.007312 0.000010 0.000010 0.000010 0.884037
0.000010 0.300313 0.000010 0.131140 0.000010 0.045307 0.000010 0.523200
0.233520 0.215513 0.027901 0.027417 0.000010 0.007844 0.011893 0.475901
0.000010 0.000010 0.999930 0.000010 0.000010 0.000010 0.000010 0.000010
0.537089 0.393361 0.030632 0.022230 0.000010 0.000010 0.016658 0.000010
0.545003 0.384111 0.029335 0.023807 0.000010 0.000016 0.017708 0.000010
0.042771 0.037044 0.008991 0.017022 0.000010 0.013176 0.000010 0.880975
0.000010 0.000010 0.999930 0.000010 0.000010 0.000010 0.000010 0.000010
0.999930 0.000010 0.000010 0.000010 0.000010 0.000010 0.000010 0.000010
0.170277 0.357282 0.059790 0.113292 0.000010 0.061918 0.015767 0.221664
0.000010 0.240995 0.000010 0.000010 0.000010 0.000010 0.000010 0.758945
0.000010 0.220358 0.000010 0.030720 0.000010 0.000010 0.000010 0.748871
0.000010 0.059675 0.000010 0.117608 0.000010 0.070422 0.000010 0.752254
0.795489 0.000010 0.062957 0.000010 0.087633 0.053881 0.000010 0.000010
0.286259 0.000010 0.023670 0.000010 0.010526 0.000010 0.000010 0.679504
0.000010 0.228468 0.000010 0.025452 0.000010 0.000010 0.000010 0.746030
0.000010 0.225672 0.000010 0.024297 0.000010 0.000010 0.000010 0.749981
0.999930 0.000010 0.000010 0.000010 0.000010 0.000010 0.000010 0.000010
0.271882 0.128928 0.000010 0.030054 0.000010 0.000010 0.000010 0.569097
0.054879 0.000010 0.000010 0.000010 0.000010 0.000010 0.000010 0.945061
0.000010 0.123224 0.000010 0.042283 0.000010 0.834443 0.000010 0.000010
0.000014 0.999922 0.000010 0.000010 0.000010 0.000014 0.000010 0.000010
0.000010 0.000010 0.000010 0.000018 0.999916 0.000010 0.000017 0.000010
0.000010 0.929066 0.000010 0.070874 0.000010 0.000010 0.000010 0.000010
0.000010 0.000010 0.000010 0.000010 0.999930 0.000010 0.000010 0.000010
0.000010 0.000010 0.000010 0.000010 0.999930 0.000010 0.000010 0.000010
0.000010 0.681013 0.000010 0.000010 0.318927 0.000010 0.000010 0.000010
0.105356 0.635762 0.025964 0.060005 0.026766 0.093829 0.000010 0.052308
0.000010 0.000010 0.999929 0.000010 0.000011 0.000010 0.000010 0.000010
0.317496 0.454794 0.018248 0.082728 0.013667 0.081354 0.024141 0.007572
0.008115 0.040414 0.000010 0.000010 0.000010 0.000010 0.077801 0.873630
0.000010 0.008386 0.000010 0.530566 0.000010 0.000010 0.000010 0.460998
0.000010 0.474446 0.162570 0.000010 0.000010 0.000010 0.030212 0.332732
0.127188 0.475472 0.000010 0.000010 0.000010 0.397290 0.000010 0.000010
0.000010 0.714245 0.000010 0.000010 0.285695 0.000010 0.000010 0.000010
0.000010 0.000010 0.999930 0.000010 0.000010 0.000010 0.000010 0.000010
0.083519 0.481937 0.282469 0.000010 0.000010 0.051335 0.100710 0.000010
0.027189 0.000010 0.170719 0.499400 0.189707 0.000010 0.000010 0.112955
0.076676 0.133283 0.751096 0.020987 0.000010 0.000010 0.017928 0.000010
0.121863 0.000010 0.371384 0.000010 0.270002 0.000010 0.109016 0.127705
0.291749 0.059616 0.557372 0.000010 0.000010 0.000010 0.000010 0.091222
0.000012 0.000012 0.561581 0.000012 0.000011 0.438352 0.000010 0.000010
0.000010 0.000012 0.555710 0.000010 0.000010 0.000010 0.000010 0.444228
0.000010 0.000010 0.482227 0.517713 0.000010 0.000010 0.000010 0.000010
0.000010 0.426037 0.573903 0.000010 0.000010 0.000010 0.000010 0.000010
0.000010 0.000010 0.593980 0.000010 0.405960 0.000010 0.000010 0.000010
0.000010 0.012289 0.244768 0.059299 0.381867 0.169948 0.000010 0.131810
0.411379 0.520188 0.000010 0.000010 0.000010 0.068378 0.000015 0.000010
0.000010 0.570876 0.000010 0.000010 0.429064 0.000010 0.000010 0.000010
0.100649 0.245922 0.255163 0.013588 0.315021 0.000010 0.005793 0.063853
0.000010 0.000010 0.999930 0.000010 0.000010 0.000010 0.000010 0.000010
0.000010 0.000010 0.999930 0.000010 0.000010 0.000010 0.000010 0.000010
0.211641 0.524101 0.043941 0.073581 0.000010 0.000010 0.000010 0.146706
0.000010 0.090601 0.000016 0.000010 0.000010 0.000010 0.000010 0.909333
0.000010 0.000010 0.522161 0.000010 0.000010 0.477779 0.000010 0.000010
0.000010 0.487783 0.512157 0.000010 0.000010 0.000010 0.000010 0.000010
0.000010 0.000010 0.000010 0.999923 0.000010 0.000010 0.000017 0.000010
0.000010 0.329005 0.632784 0.025349 0.000010 0.000010 0.012822 0.000010
0.753076 0.000010 0.067956 0.000010 0.000010 0.000010 0.036540 0.142388
0.333979 0.510660 0.014986 0.049246 0.000010 0.048679 0.000010 0.042430
0.501140 0.097169 0.014577 0.033737 0.000010 0.090632 0.000010 0.262725
0.000013 0.098173 0.000010 0.000010 0.693842 0.042176 0.000010 0.165766
0.000010 0.000010 0.004435 0.000010 0.000010 0.019523 0.975992 0.000010
0.000010 0.956328 0.000010 0.043612 0.000010 0.000010 0.000010 0.000010
0.000010 0.361964 0.000010 0.154816 0.000010 0.122448 0.000010 0.360732
0.000010 0.999930 0.000010 0.000010 0.000010 0.000010 0.000010 0.000010
0.000010 0.000010 0.000010 0.999918 0.000018 0.000010 0.000015 0.000010
0.000010 0.000010 0.000010 0.999930 0.000010 0.000010 0.000010 0.000010
0.136344 0.000010 0.000010 0.012362 0.000010 0.808768 0.000010 0.042486
0.382376 0.000010 0.035769 0.545323 0.007914 0.000010 0.028588 0.000010
0.000010 0.694616 0.000010 0.007225 0.000010 0.298109 0.000010 0.000010
0.464338 0.000010 0.000010 0.535602 0.000010 0.000010 0.000010 0.000010
0.279846 0.720094 0.000010 0.000010 0.000010 0.000010 0.000010 0.000010
0.000014 0.000019 0.401691 0.000011 0.000010 0.598235 0.000010 0.000010
0.643202 0.354937 0.000010 0.000010 0.000010 0.001811 0.000010 0.000010
0.000010 0.751002 0.000010 0.000010 0.000010 0.248937 0.000010 0.000010
0.000010 0.146004 0.239637 0.454585 0.000010 0.154297 0.005447 0.000010
0.000010 0.508384 0.000010 0.000010 0.000010 0.491556 0.000010 0.000010
0.166248 0.243717 0.333575 0.226190 0.006892 0.000010 0.004720 0.018648
0.000010 0.299613 0.033756 0.083904 0.057157 0.000010 0.000010 0.525540
0.000010 0.068160 0.288078 0.057887 0.000800 0.328382 0.000010 0.256673
0.000010 0.000010 0.000010 0.000010 0.000010 0.999930 0.000010 0.000010
0.869821 0.000010 0.130119 0.000010 0.000010 0.000010 0.000010 0.000010
0.000010 0.205276 0.000010 0.618448 0.000010 0.000010 0.000010 0.176226
0.000010 0.000010 0.000010 0.000010 0.472616 0.527322 0.000012 0.000010
0.068890 0.115181 0.000010 0.000010 0.587245 0.044125 0.007418 0.177121
0.053155 0.000010 0.354441 0.000010 0.000010 0.000010 0.592354 0.000010
0.000010 0.527466 0.000010 0.000010 0.472468 0.000010 0.000016 0.000010
0.000010 0.951944 0.000010 0.047996 0.000010 0.000010 0.000010 0.000010
0.514428 0.145083 0.028203 0.019411 0.000010 0.000010 0.000010 0.292846
0.032642 0.000010 0.967298 0.000010 0.000010 0.000010 0.000010 0.000010
0.876120 0.014676 0.056001 0.000010 0.000010 0.000010 0.053162 0.000010
0.000010 0.000010 0.000010 0.000010 0.017179 0.000010 0.000010 0.982761
0.999930 0.000010 0.000010 0.000010 0.000010 0.000010 0.000010 0.000010
0.000010 0.000010 0.000010 0.999930 0.000010 0.000010 0.000010 0.000010
0.000012 0.429325 0.000010 0.000010 0.236360 0.000010 0.000010 0.334263
0.000010 0.000010 0.000010 0.999925 0.000010 0.000015 0.000010 0.000010
0.000010 0.000010 0.000010 0.000010 0.000010 0.000010 0.000010 0.999930
0.000010 0.838452 0.000010 0.161488 0.000010 0.000010 0.000010 0.000010
0.000010 0.000010 0.000010 0.000010 0.461331 0.538609 0.000010 0.000010
0.000010 0.000010 0.000010 0.570894 0.429046 0.000010 0.000010 0.000010
0.073682 0.013279 0.000010 0.433222 0.423706 0.000010 0.000010 0.056082
0.000010 0.000010 0.000010 0.000010 0.526750 0.473190 0.000010 0.000010
0.054607 0.090223 0.000010 0.000010 0.545712 0.000010 0.047353 0.262076
0.000010 0.000010 0.000010 0.060761 0.000010 0.000010 0.000010 0.939179
0.000010 0.000010 0.457648 0.000010 0.542292 0.000010 0.000010 0.000010
0.446549 0.000010 0.553391 0.000010 0.000010 0.000010 0.000010 0.000010
0.000010 0.228143 0.406438 0.000010 0.170044 0.195336 0.000010 0.000010
0.000010 0.159399 0.000010 0.081283 0.000010 0.641901 0.000010 0.117377
0.522808 0.141101 0.000010 0.000010 0.000010 0.000010 0.000010 0.336041
0.732391 0.000010 0.000010 0.000010 0.000014 0.000010 0.000010 0.267545
0.258613 0.238806 0.039135 0.009513 0.444827 0.009088 0.000010 0.000010
0.000010 0.000010 0.000010 0.051481 0.000010 0.774783 0.000010 0.173686
0.445780 0.057697 0.129845 0.061970 0.022771 0.000010 0.037059 0.244868
0.057704 0.529702 0.000905 0.000010 0.000010 0.056529 0.000010 0.355130
0.000010 0.543263 0.000010 0.456677 0.000010 0.000010 0.000010 0.000010
0.000010 0.192834 0.000010 0.124386 0.416117 0.085483 0.000010 0.181151
0.410025 0.057244 0.000010 0.065023 0.000010 0.037634 0.000010 0.430045
0.000012 0.000010 0.375367 0.000010 0.000010 0.624571 0.000010 0.000010
0.705502 0.283259 0.000010 0.000010 0.000010 0.011188 0.000010 0.000010
0.276281 0.035942 0.006731 0.033368 0.000010 0.004636 0.004770 0.638263
0.363606 0.040677 0.006586 0.000010 0.589091 0.000010 0.000010 0.000010
0.369790 0.038481 0.003122 0.000010 0.588567 0.000010 0.000010 0.000010
0.083728 0.000010 0.000010 0.000010 0.037099 0.001420 0.052240 0.825483
0.090127 0.371983 0.000010 0.047423 0.000010 0.000669 0.000010 0.489768
0.151845 0.203332 0.000010 0.052563 0.018573 0.000010 0.000010 0.573657
0.384984 0.140456 0.013268 0.028033 0.000010 0.027361 0.000010 0.405879
0.000010 0.000010 0.999927 0.000010 0.000010 0.000010 0.000013 0.000010
0.000010 0.000010 0.000010 0.000010 0.999930 0.000010 0.000010 0.000010
0.000010 0.000010 0.563235 0.000010 0.000010 0.436705 0.000010 0.000010
0.000010 0.000010 0.999924 0.000010 0.000016 0.000010 0.000010 0.000010
0.000010 0.000010 0.500268 0.000010 0.499672 0.000010 0.000010 0.000010
0.000010 0.450122 0.000010 0.000010 0.549818 0.000010 0.000010 0.000010
0.000010 0.000010 0.999930 0.000010 0.000010 0.000010 0.000010 0.000010
0.000010 0.000010 0.715441 0.000010 0.284499 0.000010 0.000010 0.000010
0.000010 0.000010 0.000010 0.000010 0.999930 0.000010 0.000010 0.000010
0.204263 0.565747 0.014897 0.008984 0.206079 0.000010 0.000010 0.000010
0.000010 0.000010 0.999930 0.000010 0.000010 0.000010 0.000010 0.000010
0.000010 0.000010 0.000010 0.000010 0.999930 0.000010 0.000010 0.000010
0.000010 0.000010 0.999930 0.000010 0.000010 0.000010 0.000010 0.000010
0.000010 0.554639 0.000010 0.000010 0.445295 0.000016 0.000010 0.000010
0.000010 0.000012 0.000010 0.999924 0.000012 0.000011 0.000011 0.000010
0.000010 0.000010 0.000010 0.000010 0.000010 0.000010 0.000010 0.999930
0.000010 0.000016 0.000010 0.000010 0.419205 0.580729 0.000010 0.000010
0.000010 0.000010 0.505780 0.000010 0.000010 0.494160 0.000010 0.000010
0.000010 0.497604 0.000010 0.000010 0.502336 0.000010 0.000010 0.000010
0.000010 0.027433 0.601741 0.005452 0.000014 0.040555 0.000010 0.324785
0.322664 0.670315 0.000010 0.000010 0.006970 0.000010 0.000010 0.000010
0.000010 0.085347 0.000016 0.000010 0.000010 0.028911 0.000010 0.885685
0.000010 0.000010 0.000010 0.000010 0.999930 0.000010 0.000010 0.000010
0.000010 0.326521 0.000010 0.000010 0.000010 0.032884 0.000010 0.640544
0.000010 0.000010 0.000010 0.000010 0.999930 0.000010 0.000010 0.000010
0.685360 0.000010 0.000010 0.000010 0.314580 0.000010 0.000010 0.000010
0.000010 0.000010 0.000010 0.000010 0.508871 0.491069 0.000010 0.000010
0.427318 0.310518 0.005435 0.036222 0.000010 0.002458 0.123933 0.094106
0.000010 0.977224 0.000010 0.000010 0.000010 0.022716 0.000010 0.000010
0.425541 0.270557 0.031210 0.077348 0.017585 0.044632 0.077271 0.055855
0.860951 0.000010 0.096518 0.000010 0.000010 0.000010 0.042481 0.000010
0.000010 0.999930 0.000010 0.000010 0.000010 0.000010 0.000010 0.000010
0.026419 0.543230 0.000010 0.101136 0.000010 0.000010 0.057455 0.271729
0.028562 0.537912 0.000010 0.103659 0.001552 0.000010 0.055420 0.272874
0.000010 0.948028 0.000010 0.000010 0.051912 0.000010 0.000010 0.000010
0.000010 0.900076 0.000010 0.099864 0.000010 0.000010 0.000010 0.000010
0.406712 0.558942 0.016597 0.000010 0.000010 0.000010 0.017708 0.000010
0.000010 0.776302 0.000010 0.000010 0.072095 0.113376 0.038187 0.000010
0.000010 0.999930 0.000010 0.000010 0.000010 0.000010 0.000010 0.000010
0.000010 0.241229 0.000010 0.344104 0.000010 0.018577 0.000010 0.396050
0.048296 0.330499 0.000010 0.072891 0.041971 0.066050 0.066524 0.373759
0.647621 0.000010 0.000017 0.000010 0.000010 0.000010 0.000010 0.352311
0.000010 0.000010 0.000010 0.999930 0.000010 0.000010 0.000010 0.000010
0.000010 0.000010 0.999930 0.000010 0.000010 0.000010 0.000010 0.000010
0.312171 0.153899 0.482606 0.000758 0.000010 0.000010 0.050537 0.000010
0.000010 0.000010 0.702686 0.252362 0.000010 0.000010 0.044902 0.000010
0.000010 0.000010 0.000010 0.000010 0.000010 0.000010 0.999930 0.000010
0.000010 0.000010 0.176044 0.000010 0.000010 0.000010 0.823896 0.000010
0.000010 0.083480 0.000010 0.013661 0.000010 0.061829 0.573149 0.267851
0.000010 0.000010 0.546008 0.000010 0.000018 0.000010 0.453923 0.000010
0.000010 0.000010 0.383457 0.000010 0.000017 0.000010 0.616476 0.000010
0.000016 0.101444 0.000010 0.026655 0.000010 0.134389 0.075973 0.661504
0.000010 0.000010 0.000010 0.000010 0.000010 0.000010 0.999930 0.000010
0.079621 0.000010 0.320709 0.000010 0.526117 0.000010 0.056422 0.017100
0.000010 0.000010 0.000010 0.000010 0.000010 0.000010 0.999930 0.000010
0.000010 0.000010 0.000010 0.000010 0.000010 0.000010 0.999930 0.000010
0.141859 0.034678 0.000010 0.019428 0.000011 0.000010 0.721590 0.082415
0.000010 0.000010 0.160094 0.000010 0.000010 0.000010 0.839846 0.000010
0.000010 0.000010 0.000010 0.000010 0.000010 0.000010 0.804111 0.195829
0.000010 0.000010 0.999930 0.000010 0.000010 0.000010 0.000010 0.000010
0.288032 0.000010 0.000010 0.000012 0.000010 0.000010 0.025631 0.686284
0.000010 0.000011 0.000010 0.999929 0.000010 0.000010 0.000010 0.000010
0.000010 0.936234 0.000010 0.018145 0.000010 0.025922 0.019659 0.000010
0.000010 0.000010 0.000010 0.999930 0.000010 0.000010 0.000010 0.000010
0.000010 0.000010 0.000010 0.999930 0.000010 0.000010 0.000010 0.000010
0.624564 0.032612 0.063982 0.000010 0.088792 0.065096 0.102294 0.022649
0.000010 0.000010 0.000010 0.000010 0.000010 0.000010 0.000010 0.999930
0.842711 0.000010 0.031511 0.000010 0.000010 0.000010 0.125727 0.000010
0.740253 0.000011 0.000015 0.000010 0.000012 0.000010 0.064306 0.195384
0.805497 0.000010 0.034187 0.000010 0.000010 0.000010 0.043746 0.116531
0.000010 0.187400 0.000010 0.046709 0.000010 0.167763 0.000010 0.598089
0.800044 0.000010 0.000010 0.000010 0.000010 0.047900 0.000010 0.152006
0.000010 0.901321 0.000010 0.062981 0.000010 0.000010 0.035647 0.000010
0.000010 0.382230 0.000010 0.037483 0.501408 0.000010 0.056750 0.022099
0.000010 0.921594 0.000010 0.077360 0.000010 0.000010 0.000995 0.000010
0.000010 0.000010 0.000010 0.000010 0.000010 0.081543 0.918397 0.000010
0.273709 0.347371 0.144758 0.040120 0.054414 0.050378 0.089240 0.000010
0.162850 0.327549 0.012488 0.010321 0.010254 0.094908 0.047167 0.334464
0.000013 0.365284 0.000010 0.029003 0.089392 0.000010 0.018299 0.497989
0.587316 0.009808 0.156979 0.033010 0.026064 0.076246 0.110568 0.000010
0.000010 0.182929 0.000010 0.582390 0.000010 0.000010 0.033806 0.200835
0.255432 0.186404 0.010061 0.065621 0.104164 0.074046 0.174819 0.129453
0.409592 0.029974 0.000010 0.000010 0.105023 0.121552 0.196026 0.137814
0.000010 0.000010 0.183357 0.000010 0.173726 0.253645 0.389232 0.000010
0.037155 0.000010 0.033027 0.000010 0.551267 0.120576 0.254627 0.003328
0.338253 0.183769 0.000010 0.099195 0.000010 0.120628 0.106333 0.151802
0.108937 0.133295 0.000010 0.007442 0.155516 0.264804 0.195875 0.134121
0.347241 0.000010 0.009541 0.504739 0.000011 0.000020 0.138429 0.000010
0.193279 0.177758 0.349067 0.224760 0.000010 0.007737 0.047378 0.000010
0.000011 0.000010 0.000010 0.000010 0.000017 0.999915 0.000017 0.000010
0.000010 0.000010 0.361516 0.000010 0.102317 0.000010 0.536116 0.000010
0.000010 0.186552 0.000010 0.000010 0.226177 0.587221 0.000010 0.000010
0.000010 0.091494 0.276676 0.000010 0.409391 0.000010 0.139328 0.083081
0.665859 0.000010 0.000010 0.000010 0.000010 0.000010 0.000010 0.334081
0.000010 0.566106 0.000010 0.433833 0.000010 0.000010 0.000010 0.000010
0.000010 0.246596 0.000017 0.023558 0.000013 0.000010 0.030492 0.699304
