0.003984 0.217680 0.000010 0.000010 0.656205 0.000010 0.000010 0.122082 0.000010
0.000010 0.016135 0.114194 0.255106 0.583226 0.000010 0.000010 0.000010 0.031299
0.000010 0.105308 0.024610 0.181867 0.391839 0.000010 0.017391 0.278954 0.000010
0.000010 0.000010 0.000010 0.000010 0.000010 0.000010 0.999920 0.000010 0.000010
0.000010 0.000010 0.003406 0.360913 0.000010 0.000010 0.000010 0.635622 0.000010
0.000010 0.000010 0.004726 0.349199 0.000010 0.000010 0.000010 0.646015 0.000010
0.000010 0.000010 0.000010 0.000010 0.679919 0.000010 0.000010 0.320011 0.000010
0.000010 0.000010 0.000010 0.000010 0.000010 0.000010 0.999920 0.000010 0.000010
0.000010 0.759648 0.000010 0.013367 0.000010 0.000010 0.000010 0.226925 0.000010
0.010653 0.006198 0.111189 0.328099 0.169876 0.000010 0.041168 0.273938 0.058869
0.000010 0.000011 0.000010 0.000010 0.999916 0.000010 0.000012 0.000012 0.000010
0.000011 0.000010 0.000010 0.000017 0.999904 0.000010 0.000017 0.000011 0.000010
0.000010 0.000010 0.099543 0.000010 0.853632 0.000010 0.000010 0.000010 0.046764
0.000010 0.064999 0.000010 0.000010 0.000010 0.043462 0.002857 0.855425 0.033216
0.000010 0.000010 0.000010 0.000010 0.394179 0.000010 0.000010 0.605751 0.000010
0.000010 0.000010 0.000010 0.000010 0.999920 0.000010 0.000010 0.000010 0.000010
0.000010 0.000010 0.000010 0.000010 0.999920 0.000010 0.000010 0.000010 0.000010
0.000010 0.999918 0.000011 0.000010 0.000010 0.000010 0.000011 0.000010 0.000010
0.000010 0.153132 0.023213 0.095634 0.426811 0.000010 0.000010 0.301170 0.000010
0.000010 0.000010 0.000010 0.000010 0.449373 0.000010 0.000010 0.550557 0.000010
0.000010 0.000012 0.039590 0.130905 0.000010 0.000010 0.000010 0.000010 0.829443
0.000010 0.000010 0.000011 0.999919 0.000010 0.000010 0.000010 0.000010 0.000010
0.000020 0.000012 0.000010 0.000010 0.000015 0.999903 0.000010 0.000010 0.000010
0.000010 0.000010 0.078495 0.921435 0.000010 0.000010 0.000010 0.000010 0.000010
0.000010 0.000010 0.000010 0.000010 0.000010 0.999920 0.000010 0.000010 0.000010
0.000010 0.000010 0.000010 0.000010 0.000010 0.999920 0.000010 0.000010 0.000010
0.000010 0.000010 0.000010 0.682167 0.000010 0.317763 0.000010 0.000010 0.000010
0.000010 0.000010 0.064581 0.625343 0.033383 0.020188 0.007815 0.159774 0.088897
0.000010 0.000018 0.000010 0.000013 0.000016 0.000013 0.999893 0.000018 0.000010
0.000010 0.000010 0.088105 0.449181 0.000010 0.000010 0.000010 0.391470 0.071194
0.040236 0.000010 0.000010 0.000010 0.721250 0.000010 0.000010 0.238454 0.000010
0.000010 0.000010 0.503994 0.000010 0.433826 0.000010 0.000010 0.062120 0.000010
0.044531 0.036784 0.000010 0.438562 0.312299 0.000010 0.167784 0.000010 0.000010
0.000010 0.000010 0.000010 0.468360 0.000010 0.000010 0.000010 0.140889 0.390691
0.000020 0.000010 0.000011 0.715066 0.000011 0.284852 0.000010 0.000010 0.000010
0.000010 0.000010 0.000010 0.000010 0.000010 0.000010 0.999920 0.000010 0.000010
0.080973 0.000010 0.000010 0.478043 0.000010 0.000010 0.276719 0.114691 0.049533
0.000010 0.114785 0.515192 0.000010 0.000010 0.200177 0.169787 0.000019 0.000010
0.002503 0.000010 0.023201 0.131020 0.000010 0.000010 0.749649 0.093587 0.000010
0.091484 0.058370 0.000010 0.000010 0.061370 0.268945 0.361074 0.158728 0.000010
0.000017 0.299404 0.000010 0.065861 0.061663 0.000011 0.573015 0.000010 0.000010
0.000010 0.000010 0.000010 0.000010 0.000010 0.000010 0.562049 0.000010 0.437881
0.000010 0.205265 0.000010 0.000010 0.243258 0.000010 0.551417 0.000010 0.000010
0.000011 0.000013 0.517958 0.000010 0.000010 0.000019 0.481957 0.000013 0.000010
0.000010 0.000010 0.000010 0.424686 0.000010 0.000010 0.575244 0.000010 0.000010
0.000010 0.000011 0.000010 0.000010 0.000010 0.406117 0.593812 0.000010 0.000010
0.001091 0.000010 0.050777 0.000010 0.161617 0.379157 0.246187 0.000010 0.161141
0.000010 0.008668 0.000010 0.499856 0.000010 0.000010 0.000010 0.441750 0.049676
0.000010 0.000010 0.005027 0.561541 0.000010 0.433372 0.000010 0.000010 0.000010
0.003387 0.026810 0.012545 0.227419 0.075681 0.312419 0.250764 0.090965 0.000010
0.000010 0.000010 0.000010 0.000010 0.000010 0.000010 0.999920 0.000010 0.000010
0.000010 0.000010 0.000010 0.000010 0.000010 0.000010 0.999920 0.000010 0.000010
0.000010 0.030591 0.072842 0.490664 0.127228 0.000010 0.028444 0.250201 0.000010
0.000014 0.307530 0.000010 0.056437 0.635968 0.000010 0.000010 0.000010 0.000010
0.000014 0.000010 0.000010 0.000015 0.000010 0.000010 0.522461 0.000010 0.477459
0.000010 0.000010 0.000010 0.485904 0.000010 0.000010 0.514026 0.000010 0.000010
0.000010 0.000010 0.999917 0.000010 0.000010 0.000010 0.000013 0.000010 0.000010
0.015571 0.000010 0.029076 0.322184 0.000010 0.000010 0.633120 0.000010 0.000010
0.000010 0.000010 0.000010 0.000010 0.000010 0.000010 0.000010 0.999920 0.000010
0.000010 0.000010 0.049042 0.489095 0.000010 0.000010 0.000010 0.421799 0.040014
0.000010 0.162306 0.031328 0.076861 0.189862 0.000010 0.000010 0.458341 0.081272
0.000010 0.000010 0.000010 0.083958 0.192816 0.696136 0.000010 0.000010 0.027040
0.999920 0.000010 0.000010 0.000010 0.000010 0.000010 0.000010 0.000010 0.000010
0.000010 0.000010 0.047544 0.952386 0.000010 0.000010 0.000010 0.000010 0.000010
0.000010 0.000010 0.140348 0.322612 0.425862 0.000010 0.000010 0.000010 0.111128
0.000010 0.000010 0.000010 0.999920 0.000010 0.000010 0.000010 0.000010 0.000010
0.000010 0.000010 0.999920 0.000010 0.000010 0.000010 0.000010 0.000010 0.000010
0.000010 0.000012 0.999907 0.000015 0.000015 0.000010 0.000010 0.000010 0.000010
0.000010 0.000010 0.005485 0.000010 0.000010 0.000010 0.000010 0.191574 0.802881
0.000010 0.000010 0.531052 0.000010 0.000010 0.000010 0.000010 0.468878 0.000010
0.000010 0.000010 0.007989 0.694908 0.000010 0.000010 0.000010 0.000010 0.297043
0.000010 0.454263 0.545667 0.000010 0.000010 0.000010 0.000010 0.000010 0.000010
0.000010 0.000010 0.000010 0.686657 0.000010 0.000010 0.000010 0.313273 0.000010
0.000010 0.000010 0.000010 0.000010 0.000010 0.000010 0.402589 0.000010 0.597341
0.000010 0.447449 0.000010 0.373367 0.000010 0.000010 0.000010 0.173447 0.005687
0.000010 0.000010 0.000010 0.755962 0.000010 0.000010 0.000010 0.000010 0.243968
0.004704 0.000010 0.453588 0.149666 0.000010 0.000010 0.239982 0.000010 0.152020
0.000010 0.000010 0.000010 0.509080 0.000010 0.000010 0.000010 0.000010 0.490850
0.000010 0.016838 0.222584 0.232516 0.030583 0.000010 0.323877 0.173572 0.000010
0.000010 0.000010 0.078774 0.253097 0.415552 0.056677 0.015735 0.180134 0.000010
0.000010 0.000010 0.050151 0.042293 0.285512 0.008775 0.295176 0.000010 0.318063
0.000010 0.000010 0.000010 0.000010 0.000010 0.000010 0.000010 0.000010 0.999920
0.000010 0.000012 0.000010 0.000010 0.000010 0.000010 0.048571 0.951356 0.000010
0.000010 0.000010 0.615022 0.185866 0.185974 0.000011 0.000010 0.013087 0.000010
0.000010 0.000010 0.000010 0.000014 0.000010 0.473916 0.000010 0.000010 0.526010
0.000010 0.011837 0.000010 0.107025 0.084345 0.586522 0.000010 0.164481 0.045761
0.585477 0.000010 0.000010 0.000010 0.000010 0.000014 0.342760 0.071699 0.000010
0.000010 0.000010 0.000010 0.529545 0.000015 0.470379 0.000010 0.000010 0.000010
0.000010 0.000010 0.051171 0.948758 0.000011 0.000010 0.000010 0.000010 0.000010
0.000010 0.226266 0.024423 0.140547 0.128002 0.000010 0.005942 0.474790 0.000010
0.000010 0.000010 0.000010 0.000010 0.000010 0.000010 0.961519 0.038411 0.000010
0.000010 0.066853 0.000010 0.000010 0.000010 0.000010 0.000010 0.933077 0.000010
0.000010 0.000010 0.000011 0.000010 0.793113 0.000010 0.000010 0.206816 0.000010
0.000010 0.999918 0.000010 0.000010 0.000010 0.000010 0.000012 0.000010 0.000010
0.000010 0.000010 0.999920 0.000010 0.000010 0.000010 0.000010 0.000010 0.000010
0.000010 0.000010 0.000010 0.390309 0.291455 0.236284 0.000010 0.081901 0.000010
0.000010 0.000011 0.999902 0.000010 0.000020 0.000010 0.000017 0.000010 0.000010
0.000010 0.000010 0.000010 0.000010 0.857947 0.000010 0.000010 0.141983 0.000010
0.000010 0.000010 0.170099 0.829831 0.000010 0.000010 0.000010 0.000010 0.000010
0.000010 0.000010 0.000020 0.000010 0.000010 0.461748 0.000010 0.000010 0.538172
0.000010 0.000014 0.569963 0.000011 0.000010 0.429962 0.000010 0.000010 0.000010
0.000010 0.094898 0.434059 0.018855 0.023882 0.428266 0.000010 0.000010 0.000010
0.000010 0.000010 0.000010 0.000010 0.000010 0.527252 0.000010 0.000010 0.472678
0.048583 0.026039 0.000010 0.074566 0.186529 0.545272 0.000010 0.118980 0.000010
0.000010 0.213753 0.007099 0.000010 0.779088 0.000010 0.000010 0.000010 0.000010
0.000010 0.000010 0.000010 0.000010 0.000010 0.542265 0.457665 0.000010 0.000010
0.000010 0.416238 0.000010 0.000010 0.000010 0.000010 0.583692 0.000010 0.000010
0.000010 0.000010 0.000010 0.228911 0.000010 0.169713 0.407419 0.000010 0.193907
0.000010 0.000010 0.073530 0.152227 0.150095 0.000010 0.000010 0.000010 0.624097
0.006172 0.579283 0.000010 0.152947 0.206733 0.000010 0.000010 0.054824 0.000010
0.000010 0.999918 0.000010 0.000010 0.000012 0.000010 0.000010 0.000010 0.000010
0.000010 0.000010 0.006675 0.228942 0.000010 0.427112 0.012612 0.324619 0.000010
0.000010 0.000010 0.035303 0.000010 0.212639 0.000010 0.000010 0.000010 0.751998
0.001441 0.033097 0.069676 0.019098 0.139152 0.010058 0.092795 0.634673 0.000010
0.000010 0.000010 0.000010 0.488919 0.279431 0.000010 0.000010 0.178395 0.053205
0.000010 0.000010 0.456853 0.543070 0.000017 0.000010 0.000010 0.000010 0.000010
0.000010 0.000010 0.114577 0.166260 0.229971 0.413569 0.000010 0.000010 0.075582
0.000010 0.357799 0.054874 0.048296 0.359673 0.000010 0.000010 0.150676 0.028653
0.000010 0.000010 0.000010 0.000010 0.000010 0.000010 0.376027 0.000010 0.623903
0.000010 0.662930 0.000010 0.337000 0.000010 0.000010 0.000010 0.000010 0.000010
0.009904 0.249861 0.025935 0.005200 0.471255 0.000010 0.000010 0.234409 0.003416
0.000010 0.000010 0.000010 0.000010 0.000010 0.587687 0.000010 0.412243 0.000010
0.000010 0.000010 0.000010 0.000010 0.000010 0.583571 0.000010 0.416359 0.000010
0.035220 0.063741 0.000010 0.000010 0.660895 0.019858 0.000010 0.220245 0.000010
0.000010 0.049116 0.041904 0.329194 0.424445 0.000010 0.000010 0.155301 0.000010
0.001409 0.118128 0.046545 0.163568 0.474298 0.025218 0.000010 0.170814 0.000010
0.000010 0.122840 0.029233 0.122630 0.255264 0.000010 0.000010 0.446472 0.023530
0.000010 0.000020 0.000010 0.000013 0.000019 0.000010 0.999899 0.000010 0.000010
0.000010 0.000010 0.000010 0.000010 0.000010 0.999920 0.000010 0.000010 0.000010
0.000010 0.000010 0.000011 0.000010 0.000010 0.000010 0.563804 0.000010 0.436126
0.000010 0.000010 0.000010 0.000010 0.000010 0.000010 0.999920 0.000010 0.000010
0.000014 0.000010 0.000010 0.000011 0.000010 0.499652 0.500271 0.000011 0.000010
0.000010 0.000010 0.000010 0.451940 0.000010 0.547990 0.000010 0.000010 0.000010
0.000010 0.000010 0.000010 0.000010 0.000010 0.000010 0.999920 0.000010 0.000010
0.000010 0.000010 0.000010 0.000010 0.000010 0.284539 0.715391 0.000010 0.000010
0.000010 0.000010 0.000010 0.000010 0.000010 0.999920 0.000010 0.000010 0.000010
0.000010 0.000010 0.009908 0.546594 0.000010 0.196022 0.000010 0.247426 0.000010
0.000018 0.000017 0.000010 0.000017 0.000010 0.000010 0.999898 0.000010 0.000010
0.000010 0.000010 0.000010 0.000010 0.000013 0.999917 0.000010 0.000010 0.000010
0.000010 0.000010 0.000010 0.000010 0.000010 0.000010 0.999920 0.000010 0.000010
0.000010 0.000010 0.000010 0.555492 0.000010 0.444438 0.000010 0.000010 0.000010
0.000010 0.000010 0.999918 0.000012 0.000010 0.000010 0.000010 0.000010 0.000010
0.000010 0.198280 0.000010 0.000010 0.801645 0.000015 0.000010 0.000010 0.000010
0.000010 0.000010 0.000010 0.000011 0.000010 0.419268 0.000010 0.000010 0.580661
0.000015 0.000010 0.000010 0.000010 0.000010 0.000010 0.506313 0.000010 0.493612
0.000010 0.000010 0.000010 0.497912 0.000010 0.502018 0.000010 0.000010 0.000010
0.000010 0.017235 0.000010 0.000010 0.341311 0.000010 0.610300 0.000010 0.031105
0.000010 0.047944 0.000010 0.660827 0.000010 0.000010 0.000010 0.291169 0.000010
0.000011 0.186237 0.000010 0.023049 0.763800 0.000011 0.000010 0.000010 0.026863
0.000010 0.000011 0.000010 0.000010 0.000010 0.999919 0.000010 0.000010 0.000010
0.000010 0.128202 0.000010 0.288945 0.546064 0.000010 0.000010 0.000010 0.036739
0.000010 0.000010 0.000010 0.000010 0.000010 0.999920 0.000010 0.000010 0.000010
0.000010 0.660753 0.000010 0.000010 0.000010 0.339177 0.000010 0.000010 0.000010
0.000010 0.000010 0.000010 0.000014 0.000010 0.509869 0.000010 0.000010 0.490057
0.004690 0.000010 0.051495 0.286511 0.000010 0.000010 0.000010 0.657254 0.000010
0.000010 0.000010 0.000010 0.984786 0.000010 0.000010 0.000010 0.000010 0.015144
0.000010 0.000010 0.093694 0.270829 0.000010 0.000010 0.000010 0.606400 0.029027
0.000017 0.092091 0.000010 0.000010 0.000010 0.000010 0.040155 0.867687 0.000010
0.000010 0.000010 0.000010 0.999920 0.000010 0.000010 0.000010 0.000010 0.000010
0.053299 0.048991 0.098198 0.516944 0.223174 0.000472 0.000010 0.058901 0.000010
0.053255 0.027480 0.103093 0.500827 0.233640 0.005361 0.000010 0.076323 0.000010
0.000010 0.000010 0.000010 0.949354 0.000013 0.050574 0.000010 0.000010 0.000010
0.000010 0.000010 0.103393 0.881026 0.015521 0.000010 0.000010 0.000010 0.000010
0.000010 0.041177 0.000010 0.544870 0.000010 0.000010 0.003742 0.410161 0.000010
0.041247 0.000010 0.000010 0.775016 0.000010 0.071351 0.000010 0.000010 0.112337
0.000010 0.000010 0.000010 0.999920 0.000010 0.000010 0.000010 0.000010 0.000010
0.000010 0.000010 0.335789 0.198385 0.397314 0.003074 0.000010 0.054026 0.011383
0.069309 0.056907 0.066419 0.293044 0.332012 0.045653 0.000010 0.071589 0.065056
0.000012 0.999916 0.000010 0.000010 0.000010 0.000010 0.000013 0.000010 0.000010
0.000010 0.000010 0.999902 0.000016 0.000015 0.000010 0.000015 0.000012 0.000010
0.000010 0.000010 0.000010 0.000010 0.000010 0.000010 0.999920 0.000010 0.000010
0.008494 0.000010 0.002674 0.136795 0.000010 0.000010 0.462402 0.389595 0.000010
0.042758 0.000011 0.253742 0.000011 0.000010 0.000011 0.703437 0.000010 0.000010
0.999915 0.000010 0.000011 0.000010 0.000010 0.000013 0.000010 0.000010 0.000010
0.824947 0.000010 0.000010 0.000010 0.000010 0.000010 0.174983 0.000010 0.000010
0.573076 0.000010 0.000877 0.012877 0.359193 0.000010 0.000010 0.000010 0.053937
0.453462 0.000011 0.000017 0.000019 0.000013 0.000010 0.546448 0.000010 0.000010
0.616412 0.000013 0.000010 0.000010 0.000016 0.000010 0.383500 0.000020 0.000010
0.067402 0.000010 0.013600 0.043607 0.670798 0.000010 0.000010 0.084098 0.120465
0.904147 0.000010 0.000010 0.000010 0.095783 0.000010 0.000010 0.000010 0.000010
0.046488 0.029081 0.000010 0.000010 0.000010 0.525043 0.317120 0.082228 0.000010
0.999920 0.000010 0.000010 0.000010 0.000010 0.000010 0.000010 0.000010 0.000010
0.999920 0.000010 0.000010 0.000010 0.000010 0.000010 0.000010 0.000010 0.000010
0.750340 0.152955 0.012952 0.061861 0.000010 0.000010 0.000010 0.021852 0.000010
0.839884 0.000010 0.000016 0.000010 0.000017 0.000010 0.160032 0.000010 0.000010
0.854003 0.000010 0.000010 0.000010 0.145923 0.000010 0.000010 0.000014 0.000010
0.000010 0.000010 0.000010 0.000010 0.000010 0.000010 0.999920 0.000010 0.000010
0.000010 0.000010 0.000010 0.000010 0.287721 0.000010 0.000010 0.712209 0.000010
0.000010 0.000010 0.999919 0.000011 0.000010 0.000010 0.000010 0.000010 0.000010
0.022071 0.000010 0.024045 0.923172 0.000010 0.000010 0.000010 0.000010 0.030662
0.000010 0.000011 0.999918 0.000010 0.000010 0.000011 0.000010 0.000010 0.000010
0.000010 0.000010 0.999920 0.000010 0.000010 0.000010 0.000010 0.000010 0.000010
0.044952 0.000013 0.000010 0.003702 0.000010 0.064189 0.029389 0.792233 0.065501
0.000010 0.000010 0.000010 0.000010 0.421527 0.000010 0.000010 0.578403 0.000010
0.029711 0.070790 0.000010 0.000010 0.000010 0.000010 0.000010 0.899439 0.000010
0.000010 0.000010 0.000010 0.000010 0.000010 0.000010 0.000010 0.999920 0.000010
0.000010 0.000010 0.000010 0.000010 0.000010 0.000010 0.000010 0.999920 0.000010
0.002494 0.156264 0.038475 0.168461 0.475239 0.000010 0.000011 0.000010 0.159038
0.000010 0.755173 0.000010 0.000010 0.000010 0.017609 0.000010 0.142831 0.084337
0.039158 0.000010 0.071951 0.888830 0.000010 0.000010 0.000010 0.000010 0.000010
0.055409 0.000010 0.041058 0.371597 0.027253 0.504642 0.000010 0.000010 0.000010
0.002054 0.000010 0.083283 0.914603 0.000010 0.000010 0.000010 0.000010 0.000010
0.920703 0.000010 0.000010 0.000010 0.000010 0.000010 0.000010 0.000010 0.079227
0.062801 0.036442 0.044029 0.339298 0.000010 0.050834 0.133233 0.288331 0.045020
0.042809 0.099886 0.007261 0.315114 0.227263 0.012785 0.000010 0.205536 0.089335
0.020292 0.031696 0.025183 0.338756 0.338423 0.094585 0.000010 0.151045 0.000010
0.108511 0.570633 0.024192 0.025153 0.000010 0.009741 0.184020 0.000010 0.077729
0.017801 0.000010 0.579651 0.136680 0.265819 0.000010 0.000010 0.000010 0.000010
0.157614 0.047600 0.069588 0.167222 0.082788 0.106232 0.000010 0.294648 0.074298
0.165761 0.080161 0.000010 0.032222 0.038707 0.101008 0.000010 0.463491 0.118629
0.391390 0.000010 0.000010 0.000010 0.000010 0.173708 0.182486 0.000010 0.252367
0.250042 0.047816 0.000013 0.000010 0.000011 0.548009 0.032200 0.000010 0.121888
0.085368 0.117487 0.099912 0.167117 0.118617 0.000010 0.000010 0.291782 0.119698
0.194265 0.105005 0.007270 0.131679 0.095211 0.154258 0.000010 0.049963 0.262338
0.084073 0.000010 0.495251 0.000010 0.000010 0.000010 0.000010 0.420615 0.000010
0.014532 0.000010 0.227128 0.168359 0.000010 0.000010 0.336203 0.250745 0.003004
0.000010 0.000010 0.000010 0.000010 0.000010 0.000010 0.000010 0.000010 0.999920
0.534993 0.000010 0.000010 0.000010 0.000010 0.102896 0.362051 0.000010 0.000010
0.000010 0.000012 0.000010 0.184660 0.000010 0.226169 0.000010 0.000010 0.589109
0.137420 0.000010 0.000010 0.085155 0.056287 0.412431 0.274510 0.034167 0.000010
0.000011 0.999911 0.000010 0.000013 0.000010 0.000010 0.000016 0.000010 0.000010
0.000010 0.000010 0.438419 0.561511 0.000010 0.000010 0.000010 0.000010 0.000010
0.000010 0.000010 0.000010 0.000010 0.999920 0.000010 0.000010 0.000010 0.000010
