0.000011 0.000010 0.000010 0.999959 0.000010
0.999952 0.000018 0.000010 0.000010 0.000010
0.503295 0.000010 0.121716 0.020987 0.353992
0.730835 0.000012 0.000010 0.269133 0.000010
0.213860 0.125860 0.000010 0.034527 0.625743
0.325709 0.101031 0.000010 0.015909 0.557341
0.095005 0.067781 0.184697 0.049630 0.602888
0.697032 0.072835 0.000010 0.022021 0.208102
0.570209 0.072796 0.000010 0.021334 0.335651
0.000010 0.027574 0.276165 0.051717 0.644534
0.128217 0.128779 0.087270 0.084298 0.571436
0.341936 0.501699 0.000010 0.000010 0.156346
0.115775 0.110340 0.000010 0.021936 0.751939
0.115845 0.111889 0.000010 0.013204 0.759053
0.115381 0.036562 0.061323 0.077792 0.708942
0.386445 0.057688 0.029392 0.044002 0.482473
0.124074 0.094388 0.015740 0.022133 0.743664
0.999960 0.000010 0.000010 0.000010 0.000010
0.018077 0.012914 0.000010 0.008420 0.960580
0.000010 0.000010 0.000010 0.999960 0.000010
0.000010 0.000239 0.887774 0.073750 0.038227
0.000010 0.000010 0.000010 0.999960 0.000010
0.000010 0.000010 0.000010 0.999960 0.000010
0.111603 0.060133 0.109413 0.001077 0.717774
0.000010 0.000010 0.000010 0.000010 0.999960
0.110548 0.000010 0.000010 0.000010 0.889422
0.058583 0.000010 0.000010 0.000010 0.941387
0.091978 0.000012 0.000010 0.000010 0.907991
0.000010 0.000010 0.376869 0.066037 0.557074
0.000010 0.000010 0.081171 0.000010 0.918799
0.000010 0.000010 0.804601 0.143886 0.051493
0.000010 0.513352 0.330443 0.087574 0.068622
0.000010 0.049257 0.802282 0.143484 0.004967
0.169074 0.138251 0.119122 0.041471 0.532082
0.173436 0.060376 0.373346 0.053532 0.339310
0.024176 0.017732 0.422954 0.039744 0.495394
0.000010 0.111272 0.369926 0.057615 0.461177
0.225566 0.027816 0.098461 0.020419 0.627738
0.000010 0.006465 0.195533 0.598806 0.199186
0.046535 0.120730 0.267955 0.082335 0.482446
0.038741 0.086828 0.186175 0.000010 0.688246
0.275707 0.208532 0.234763 0.002376 0.278623
0.064171 0.548240 0.114055 0.000010 0.273524
0.011997 0.000010 0.328831 0.102133 0.557029
0.000010 0.134719 0.422491 0.013838 0.428941
0.056993 0.000010 0.000010 0.527077 0.415911
0.375332 0.000010 0.165484 0.227785 0.231389
0.000014 0.000010 0.999956 0.000010 0.000010
0.465311 0.169306 0.000010 0.000010 0.365363
0.000010 0.229794 0.770174 0.000011 0.000010
0.300548 0.422167 0.102577 0.010516 0.164192
0.000010 0.000010 0.000010 0.000010 0.999960
0.000010 0.000010 0.543838 0.456132 0.000010
0.000010 0.000727 0.342932 0.052052 0.604279
0.000010 0.005994 0.116886 0.015095 0.862015
0.000010 0.000010 0.458152 0.116566 0.425262
0.038920 0.000010 0.289471 0.037452 0.634148
0.999960 0.000010 0.000010 0.000010 0.000010
0.096829 0.000010 0.355541 0.048044 0.499576
0.095564 0.000010 0.349859 0.048570 0.505997
0.010940 0.038570 0.167776 0.004826 0.777888
0.999960 0.000010 0.000010 0.000010 0.000010
0.043163 0.000010 0.054369 0.000010 0.902448
0.057527 0.000010 0.458144 0.118146 0.366172
0.000010 0.011937 0.365630 0.026459 0.595964
0.000010 0.011366 0.367794 0.036125 0.584705
0.000010 0.000010 0.352349 0.075034 0.572597
0.104150 0.093852 0.006806 0.000010 0.795181
0.029482 0.057090 0.000010 0.013332 0.900086
0.000010 0.032424 0.363943 0.044607 0.559017
0.000010 0.029166 0.362359 0.046935 0.561530
0.000010 0.000014 0.000010 0.000010 0.999956
0.000010 0.000908 0.202598 0.034648 0.761837
0.000010 0.000010 0.000010 0.000010 0.999960
0.000010 0.000010 0.999960 0.000010 0.000010
0.000010 0.000010 0.999956 0.000014 0.000010
0.000010 0.999953 0.000010 0.000017 0.000010
0.000010 0.000010 0.923480 0.076490 0.000010
0.000010 0.999951 0.000017 0.000012 0.000010
0.000010 0.999960 0.000010 0.000010 0.000010
0.000010 0.325307 0.674659 0.000014 0.000010
0.034882 0.022402 0.716269 0.068344 0.158102
0.999960 0.000010 0.000010 0.000010 0.000010
0.044826 0.018909 0.532015 0.080825 0.323424
0.018565 0.025064 0.180939 0.018716 0.756715
0.000010 0.000010 0.109819 0.513437 0.376725
0.158446 0.011160 0.484839 0.029297 0.316257
0.033832 0.000010 0.866477 0.000010 0.099670
0.000010 0.329106 0.670864 0.000010 0.000010
0.999960 0.000010 0.000010 0.000010 0.000010
0.291225 0.008029 0.547995 0.000010 0.152741
0.159073 0.199305 0.000010 0.507277 0.134335
0.767049 0.000010 0.134584 0.030173 0.068184
0.392965 0.293087 0.000010 0.000010 0.313928
0.577253 0.000010 0.069089 0.000010 0.353638
0.557843 0.000010 0.442127 0.000010 0.000010
0.539728 0.000010 0.000010 0.000010 0.460242
0.480601 0.000010 0.000010 0.519369 0.000010
0.577999 0.000010 0.421971 0.000010 0.000010
0.584354 0.415614 0.000010 0.000013 0.000010
0.254560 0.382951 0.248379 0.038604 0.075506
0.027602 0.000010 0.582755 0.000010 0.389622
0.000010 0.446523 0.549402 0.004054 0.000010
0.254396 0.321374 0.246753 0.014928 0.162550
0.999960 0.000010 0.000010 0.000010 0.000010
0.999960 0.000010 0.000010 0.000010 0.000010
0.057000 0.016874 0.537484 0.077330 0.311313
0.000010 0.000010 0.188387 0.017850 0.793743
0.535938 0.000010 0.464032 0.000010 0.000010
0.509799 0.000010 0.490171 0.000010 0.000010
0.000010 0.000010 0.000010 0.999960 0.000010
0.631099 0.004927 0.326548 0.037416 0.000010
0.119489 0.000010 0.006069 0.000010 0.874422
0.036178 0.000010 0.555090 0.054318 0.354404
0.042565 0.000010 0.219831 0.028776 0.708818
0.000010 0.708112 0.181248 0.000010 0.110620
0.232246 0.117269 0.147309 0.000010 0.503166
0.000010 0.000010 0.936932 0.063038 0.000010
0.000010 0.013599 0.577139 0.140420 0.268831
0.000010 0.000010 0.999960 0.000010 0.000010
0.000010 0.000010 0.000010 0.999960 0.000010
0.000010 0.000010 0.000012 0.999958 0.000010
0.036550 0.000010 0.804298 0.000010 0.159132
0.051114 0.017962 0.000010 0.544961 0.385954
0.000010 0.000010 0.989007 0.010963 0.000010
0.000010 0.000010 0.000010 0.541607 0.458363
0.017804 0.000010 0.691732 0.000010 0.290444
0.398247 0.000010 0.601718 0.000014 0.000010
0.026565 0.010396 0.341977 0.008625 0.612437
0.000010 0.000010 0.999960 0.000010 0.000010
0.237104 0.000010 0.328611 0.434264 0.000010
0.000011 0.000010 0.999958 0.000011 0.000010
0.346211 0.012374 0.239987 0.222307 0.179120
0.029816 0.076688 0.375483 0.086866 0.431148
0.289642 0.012813 0.496250 0.012524 0.188771
0.000010 0.000010 0.999956 0.000014 0.000010
0.162258 0.000010 0.046274 0.000010 0.791448
0.000010 0.012622 0.219092 0.635876 0.132399
0.000010 0.447924 0.552046 0.000010 0.000010
0.000010 0.606911 0.166611 0.000010 0.226458
0.442450 0.068651 0.000010 0.000010 0.488879
0.000010 0.497662 0.502307 0.000012 0.000010
0.000010 0.000010 0.922817 0.070937 0.006227
0.049667 0.000010 0.189341 0.026319 0.734664
0.955350 0.000010 0.000010 0.000010 0.044620
0.112366 0.000010 0.034535 0.000010 0.853079
0.000010 0.058300 0.160652 0.000010 0.781028
0.000013 0.000014 0.000010 0.000010 0.999953
0.000010 0.000010 0.000012 0.999958 0.000010
0.000010 0.266242 0.434941 0.019902 0.278906
0.000010 0.000010 0.000013 0.999957 0.000010
0.000010 0.001838 0.201831 0.003772 0.792549
0.000010 0.000014 0.833430 0.166536 0.000010
0.000010 0.459798 0.540172 0.000010 0.000010
0.000010 0.441815 0.000010 0.558155 0.000010
0.000010 0.419893 0.024726 0.427707 0.127664
0.000010 0.493919 0.506051 0.000010 0.000010
0.000010 0.567941 0.141108 0.000010 0.290931
0.000010 0.000010 0.155374 0.049766 0.794841
0.453293 0.546677 0.000010 0.000010 0.000010
0.604140 0.000010 0.021927 0.000010 0.373914
0.406585 0.184922 0.408472 0.000011 0.000010
0.000010 0.000010 0.860371 0.023994 0.115616
0.000010 0.000010 0.187822 0.000010 0.812148
0.000010 0.000010 0.000010 0.000010 0.999960
0.054983 0.458516 0.225056 0.026649 0.234796
0.000010 0.000010 0.850974 0.000010 0.148996
0.143219 0.029199 0.090508 0.054008 0.683065
0.006775 0.000010 0.642388 0.000010 0.350817
0.000010 0.000010 0.513750 0.486220 0.000010
0.000010 0.441462 0.346588 0.101007 0.110933
0.007584 0.000010 0.190554 0.030238 0.771615
0.373563 0.000010 0.626407 0.000010 0.000010
0.000010 0.000010 0.295218 0.000010 0.704752
0.000010 0.000010 0.128220 0.028721 0.843039
0.033599 0.607592 0.013001 0.001877 0.343931
0.030791 0.606975 0.006988 0.003947 0.351298
0.000010 0.059709 0.123687 0.014560 0.802034
0.000010 0.000010 0.435653 0.057397 0.506929
0.000010 0.035078 0.286379 0.051556 0.626977
0.037471 0.000010 0.233777 0.019304 0.709438
0.999960 0.000010 0.000010 0.000010 0.000010
0.000010 0.999960 0.000010 0.000010 0.000010
0.552860 0.000010 0.447110 0.000010 0.000010
0.999960 0.000010 0.000010 0.000010 0.000010
0.485649 0.514321 0.000010 0.000010 0.000010
0.000010 0.582930 0.417040 0.000010 0.000010
0.999960 0.000010 0.000010 0.000010 0.000010
0.703691 0.296279 0.000010 0.000010 0.000010
0.000012 0.999951 0.000014 0.000012 0.000010
0.031906 0.233736 0.533386 0.021612 0.179360
0.999960 0.000010 0.000010 0.000010 0.000010
0.000010 0.999960 0.000010 0.000010 0.000010
0.999957 0.000013 0.000010 0.000010 0.000010
0.000010 0.472517 0.527453 0.000010 0.000010
0.000010 0.000010 0.000010 0.999960 0.000010
0.000010 0.000010 0.150996 0.016331 0.832653
0.000010 0.407612 0.592358 0.000010 0.000010
0.503756 0.000010 0.496214 0.000010 0.000010
0.000010 0.542854 0.457116 0.000010 0.000010
0.589621 0.000010 0.159033 0.000010 0.251325
0.033209 0.040792 0.636691 0.000010 0.289297
0.000010 0.000010 0.242356 0.000010 0.757614
0.000010 0.999960 0.000010 0.000010 0.000010
0.000010 0.000010 0.445071 0.000010 0.554899
0.000010 0.999960 0.000010 0.000010 0.000010
0.000010 0.324298 0.000011 0.000010 0.675672
0.000010 0.481052 0.518918 0.000010 0.000010
0.040642 0.011206 0.325653 0.042929 0.579570
0.000010 0.000010 0.962499 0.037471 0.000010
0.065581 0.022278 0.328903 0.075725 0.507513
0.140073 0.000010 0.013089 0.000010 0.846818
0.000010 0.000010 0.999960 0.000010 0.000010
0.000010 0.032029 0.558651 0.115827 0.293482
0.004452 0.032378 0.560420 0.116266 0.286484
0.000010 0.108271 0.891699 0.000010 0.000010
0.000010 0.000010 0.890995 0.108975 0.000010
0.062552 0.000010 0.546668 0.000010 0.390760
0.000010 0.082690 0.867357 0.000010 0.049933
0.000010 0.000010 0.998474 0.001496 0.000010
0.000010 0.041296 0.305321 0.349277 0.304096
0.011393 0.057036 0.463881 0.064895 0.402795
0.000010 0.000010 0.000010 0.000010 0.999960
