0.000010 0.043058 0.000010 0.022565 0.024452 0.026627 0.000010 0.000010 0.883247 0.000010
0.360978 0.078982 0.000010 0.000010 0.000010 0.000010 0.000010 0.127709 0.415515 0.016766
0.239947 0.040903 0.000010 0.000010 0.222213 0.023621 0.029605 0.006210 0.406295 0.031185
0.000011 0.000010 0.000010 0.000010 0.000010 0.000010 0.999909 0.000010 0.000010 0.000010
0.393001 0.074604 0.045099 0.000010 0.437557 0.000010 0.049688 0.000010 0.000010 0.000010
0.387961 0.071314 0.052658 0.000010 0.440461 0.000010 0.047556 0.000010 0.000010 0.000010
0.100551 0.000010 0.000010 0.019080 0.075464 0.223666 0.057351 0.019756 0.496964 0.007149
0.000010 0.000010 0.000018 0.000010 0.000010 0.000010 0.999896 0.000010 0.000016 0.000010
0.000010 0.000010 0.000010 0.000010 0.999910 0.000010 0.000010 0.000010 0.000010 0.000010
0.383426 0.023031 0.023495 0.000010 0.141841 0.063339 0.089611 0.093550 0.139075 0.042623
0.000010 0.000010 0.000010 0.000010 0.000010 0.999910 0.000010 0.000010 0.000010 0.000010
0.000010 0.000010 0.000010 0.000010 0.000010 0.999905 0.000010 0.000015 0.000010 0.000010
0.172105 0.000010 0.000010 0.000010 0.000010 0.000010 0.000010 0.090729 0.660311 0.076795
0.000010 0.000010 0.000010 0.124272 0.714092 0.000010 0.083046 0.000010 0.000010 0.078529
0.000010 0.000010 0.000010 0.076594 0.252763 0.103437 0.062445 0.015336 0.489384 0.000010
0.000010 0.000010 0.000010 0.000010 0.000010 0.999910 0.000010 0.000010 0.000010 0.000010
0.000010 0.000010 0.000010 0.000010 0.000010 0.999910 0.000010 0.000010 0.000010 0.000010
0.000010 0.000010 0.000010 0.000010 0.999910 0.000010 0.000010 0.000010 0.000010 0.000010
0.217057 0.000010 0.000010 0.000010 0.205662 0.077202 0.010391 0.006704 0.482943 0.000010
0.000010 0.000010 0.000010 0.000010 0.000010 0.000010 0.000010 0.000010 0.999910 0.000010
0.000010 0.096162 0.000010 0.000010 0.000010 0.000010 0.000010 0.079033 0.000010 0.824734
0.000010 0.999910 0.000010 0.000010 0.000010 0.000010 0.000010 0.000010 0.000010 0.000010
0.000010 0.000010 0.000010 0.999910 0.000010 0.000010 0.000010 0.000010 0.000010 0.000010
0.864391 0.135529 0.000010 0.000010 0.000010 0.000010 0.000010 0.000010 0.000010 0.000010
0.000012 0.000010 0.000010 0.999908 0.000010 0.000010 0.000010 0.000010 0.000010 0.000010
0.000010 0.000010 0.000011 0.999903 0.000011 0.000016 0.000010 0.000010 0.000010 0.000010
0.000010 0.744942 0.000010 0.254978 0.000010 0.000010 0.000010 0.000010 0.000010 0.000010
0.218263 0.337205 0.000010 0.049601 0.066681 0.000010 0.045315 0.069024 0.074311 0.139579
0.000011 0.000010 0.000010 0.000010 0.000010 0.000010 0.999909 0.000010 0.000010 0.000010
0.339056 0.148017 0.000010 0.038082 0.261891 0.000010 0.029936 0.057734 0.035265 0.089999
0.129229 0.000010 0.059125 0.000010 0.063609 0.193277 0.046556 0.000010 0.507794 0.000381
0.068726 0.000010 0.000440 0.004830 0.000010 0.080721 0.000010 0.502449 0.341609 0.001195
0.368589 0.114255 0.049657 0.000010 0.000010 0.009486 0.167248 0.006364 0.284370 0.000010
0.000010 0.489948 0.000010 0.000010 0.119295 0.000010 0.017595 0.000010 0.000010 0.373101
0.000010 0.789680 0.000010 0.210240 0.000010 0.000010 0.000010 0.000010 0.000010 0.000010
0.000010 0.000010 0.000010 0.000010 0.000010 0.000010 0.999910 0.000010 0.000010 0.000010
0.110095 0.402556 0.070535 0.000010 0.076905 0.000010 0.277614 0.000010 0.000010 0.062255
0.000010 0.000010 0.000010 0.196288 0.022550 0.000010 0.195814 0.494774 0.090524 0.000010
0.108025 0.027865 0.034632 0.000010 0.045681 0.000010 0.769230 0.014528 0.000010 0.000010
0.000010 0.000010 0.060215 0.304928 0.154764 0.000015 0.378581 0.000010 0.101456 0.000010
0.077146 0.000010 0.000010 0.000010 0.239097 0.013998 0.557977 0.000010 0.111731 0.000010
0.000010 0.000010 0.000010 0.000010 0.000010 0.000010 0.593876 0.000010 0.000010 0.406044
0.000010 0.000010 0.000010 0.000010 0.000010 0.000010 0.581972 0.000010 0.417948 0.000010
0.000010 0.000010 0.000010 0.000011 0.000010 0.000010 0.464481 0.535438 0.000010 0.000010
0.428322 0.000010 0.000010 0.000010 0.000010 0.000010 0.571597 0.000011 0.000010 0.000010
0.000010 0.000010 0.000010 0.426471 0.000010 0.000010 0.573449 0.000010 0.000010 0.000010
0.010761 0.033021 0.000010 0.424084 0.000010 0.000010 0.214953 0.059131 0.120579 0.137441
0.323186 0.188253 0.000010 0.000010 0.357365 0.000014 0.000010 0.000010 0.000010 0.131131
0.602789 0.012916 0.000010 0.384224 0.000011 0.000010 0.000010 0.000010 0.000010 0.000010
0.257536 0.028410 0.008931 0.314408 0.053556 0.022044 0.275781 0.000010 0.039313 0.000010
0.000010 0.000014 0.000010 0.000010 0.000010 0.000010 0.999906 0.000010 0.000010 0.000010
0.000010 0.000010 0.000010 0.000010 0.000010 0.000012 0.999908 0.000010 0.000010 0.000010
0.553235 0.018275 0.000010 0.000010 0.200870 0.111896 0.050676 0.039738 0.025279 0.000010
0.181919 0.000010 0.000011 0.000012 0.000010 0.000010 0.000010 0.000010 0.817998 0.000010
0.000010 0.000010 0.000010 0.000010 0.000010 0.000010 0.554481 0.000010 0.000010 0.445439
0.503733 0.000010 0.000010 0.000010 0.000010 0.000010 0.496187 0.000010 0.000010 0.000010
0.000010 0.000010 0.000010 0.000010 0.000010 0.000010 0.000010 0.999910 0.000010 0.000010
0.338939 0.044837 0.000010 0.000010 0.000010 0.000010 0.610433 0.005732 0.000010 0.000010
0.000010 0.000020 0.013772 0.000018 0.650459 0.082720 0.094401 0.000010 0.158580 0.000010
0.505714 0.064168 0.000010 0.000010 0.308162 0.005413 0.019602 0.021066 0.019534 0.056321
0.000010 0.139727 0.000010 0.000010 0.507160 0.000630 0.010611 0.036916 0.214291 0.090634
0.071255 0.047750 0.000010 0.693338 0.000010 0.000010 0.000010 0.000010 0.121120 0.066487
0.073283 0.020165 0.716904 0.005426 0.000010 0.000010 0.106867 0.000010 0.000010 0.077316
0.999910 0.000010 0.000010 0.000010 0.000010 0.000010 0.000010 0.000010 0.000010 0.000010
0.231910 0.190595 0.000010 0.016403 0.000010 0.000010 0.000010 0.145836 0.309504 0.105713
0.000010 0.999910 0.000010 0.000010 0.000010 0.000010 0.000010 0.000010 0.000010 0.000010
0.000010 0.000014 0.000010 0.000013 0.000010 0.000010 0.000010 0.999903 0.000010 0.000010
0.000010 0.000010 0.000010 0.000014 0.000010 0.000017 0.000010 0.999899 0.000010 0.000010
0.001316 0.000010 0.000010 0.000010 0.094834 0.000010 0.000010 0.049814 0.140892 0.713095
0.000010 0.000010 0.025577 0.077262 0.316671 0.029808 0.058158 0.492484 0.000010 0.000010
0.560987 0.161203 0.000010 0.000010 0.000010 0.000010 0.000010 0.000010 0.000010 0.277740
0.000010 0.000013 0.000010 0.000010 0.494973 0.000010 0.000010 0.504944 0.000010 0.000010
0.105142 0.588614 0.000010 0.000010 0.238332 0.067844 0.000010 0.000019 0.000010 0.000010
0.000010 0.000010 0.000010 0.000010 0.000010 0.000010 0.383816 0.000010 0.000010 0.616104
0.031476 0.282108 0.000010 0.000010 0.608280 0.000010 0.000010 0.012388 0.000010 0.065698
0.236617 0.495695 0.000010 0.000010 0.000010 0.000010 0.000010 0.000010 0.000010 0.267618
0.220135 0.000013 0.000010 0.000010 0.000010 0.000010 0.236726 0.422401 0.000010 0.120675
0.320234 0.216897 0.000010 0.000010 0.000010 0.000010 0.000010 0.000010 0.000010 0.462799
0.152295 0.103431 0.028306 0.000010 0.106243 0.000010 0.391838 0.197080 0.020778 0.000010
0.453708 0.000010 0.000010 0.016587 0.000010 0.000010 0.064261 0.021552 0.443843 0.000010
0.146166 0.000010 0.000010 0.009585 0.000010 0.000010 0.295998 0.023768 0.206118 0.318325
0.000010 0.000010 0.000010 0.000010 0.000010 0.000010 0.000010 0.000010 0.000010 0.999910
0.035394 0.000010 0.000010 0.000010 0.715059 0.047850 0.192577 0.000010 0.000010 0.009070
0.207607 0.050643 0.000014 0.000010 0.000010 0.000010 0.019728 0.567184 0.154784 0.000010
0.000010 0.000010 0.000015 0.458460 0.000010 0.000010 0.000010 0.000010 0.000010 0.541455
0.241898 0.000010 0.019471 0.512686 0.070409 0.000010 0.000010 0.000010 0.141485 0.014011
0.000010 0.000010 0.464340 0.018233 0.113624 0.000010 0.403740 0.000010 0.000013 0.000010
0.000010 0.542586 0.000010 0.457334 0.000010 0.000010 0.000010 0.000010 0.000010 0.000010
0.999906 0.000010 0.000010 0.000014 0.000010 0.000010 0.000010 0.000010 0.000010 0.000010
0.106972 0.037968 0.000010 0.000010 0.417221 0.037653 0.064308 0.000010 0.335838 0.000010
0.000010 0.000010 0.000010 0.000010 0.000010 0.000010 0.954075 0.000010 0.045845 0.000010
0.024163 0.000010 0.057927 0.000010 0.741758 0.101923 0.074179 0.000010 0.000010 0.000010
0.010314 0.009805 0.004503 0.056921 0.079456 0.262319 0.000010 0.000010 0.576652 0.000010
0.000012 0.000010 0.000010 0.000010 0.999908 0.000010 0.000010 0.000010 0.000010 0.000010
0.170057 0.000010 0.000010 0.000010 0.000010 0.000010 0.000010 0.829863 0.000010 0.000010
0.000010 0.396593 0.011914 0.188697 0.000010 0.000010 0.000015 0.009722 0.393019 0.000010
0.000010 0.000010 0.000011 0.000010 0.000010 0.000010 0.000010 0.999909 0.000010 0.000010
0.096816 0.000010 0.013380 0.000010 0.012381 0.167697 0.011869 0.000010 0.697818 0.000010
0.991609 0.000010 0.000010 0.000010 0.000010 0.000010 0.000010 0.008308 0.000013 0.000010
0.000010 0.000010 0.000011 0.482077 0.000010 0.000010 0.000010 0.000010 0.000010 0.517842
0.000010 0.000010 0.000013 0.467996 0.000011 0.000010 0.000010 0.531920 0.000010 0.000010
0.048531 0.000010 0.000010 0.423611 0.074946 0.000010 0.000010 0.387418 0.065443 0.000010
0.000010 0.000010 0.000010 0.558636 0.000010 0.000010 0.000010 0.000010 0.000010 0.441284
0.160891 0.000010 0.045017 0.516696 0.115528 0.000010 0.000010 0.000010 0.161818 0.000010
0.057453 0.000010 0.000010 0.000010 0.000011 0.000010 0.000010 0.075570 0.866905 0.000010
0.000010 0.000010 0.000012 0.518037 0.000010 0.000010 0.481881 0.000010 0.000010 0.000010
0.000010 0.000010 0.000010 0.000010 0.445725 0.000010 0.554195 0.000010 0.000010 0.000010
0.029302 0.230735 0.000010 0.172369 0.000010 0.000010 0.400806 0.000010 0.000010 0.166739
0.075483 0.148699 0.000010 0.000010 0.000010 0.000010 0.000010 0.079423 0.048179 0.648166
0.203989 0.000012 0.000010 0.000010 0.504989 0.000010 0.005345 0.000010 0.285615 0.000010
0.000010 0.000010 0.000010 0.000015 0.751786 0.000010 0.000010 0.000010 0.248129 0.000010
0.029081 0.174132 0.000010 0.441913 0.262200 0.000013 0.041399 0.044364 0.000010 0.006879
0.085653 0.000010 0.000011 0.000010 0.000010 0.000010 0.000010 0.019782 0.121468 0.773035
0.082263 0.007639 0.055345 0.031838 0.419033 0.043211 0.194062 0.050088 0.116511 0.000010
0.548653 0.058190 0.000010 0.000010 0.010453 0.026555 0.038089 0.000010 0.252054 0.065976
0.000010 0.514610 0.000010 0.000010 0.000010 0.000010 0.000010 0.485310 0.000010 0.000010
0.179011 0.065241 0.000010 0.442366 0.000010 0.000010 0.000010 0.085555 0.128054 0.099733
0.161741 0.000015 0.000010 0.000010 0.421848 0.000010 0.000010 0.054085 0.330964 0.031306
0.000010 0.000010 0.000010 0.000010 0.000010 0.000010 0.377035 0.000010 0.000010 0.622885
0.088942 0.155633 0.000013 0.000010 0.701674 0.000010 0.000010 0.000010 0.000010 0.053689
0.153330 0.000010 0.000010 0.000010 0.280226 0.015821 0.011261 0.013885 0.525437 0.000010
0.069328 0.015954 0.000010 0.515275 0.294998 0.074400 0.030005 0.000010 0.000010 0.000010
0.072240 0.011832 0.000010 0.517031 0.295023 0.075089 0.028618 0.000137 0.000010 0.000010
0.010599 0.000010 0.066752 0.068530 0.041573 0.227471 0.004158 0.000010 0.565865 0.015033
0.461597 0.000010 0.000010 0.000010 0.055958 0.058715 0.000010 0.000011 0.423668 0.000010
0.273435 0.004292 0.008126 0.019044 0.063082 0.000010 0.000011 0.019657 0.612334 0.000010
0.126825 0.019151 0.036937 0.000010 0.345401 0.021497 0.015799 0.027674 0.406695 0.000010
0.000011 0.000010 0.000010 0.000010 0.000010 0.000012 0.999907 0.000010 0.000010 0.000010
0.000010 0.000010 0.000010 0.999910 0.000010 0.000010 0.000010 0.000010 0.000010 0.000010
0.000010 0.000019 0.000012 0.000010 0.000010 0.000010 0.583579 0.000010 0.000010 0.416330
0.000010 0.000010 0.000010 0.000010 0.000010 0.000010 0.999910 0.000010 0.000010 0.000010
0.000010 0.000010 0.000010 0.506261 0.000010 0.000010 0.493659 0.000010 0.000010 0.000010
0.320336 0.102417 0.000010 0.577177 0.000010 0.000010 0.000010 0.000010 0.000010 0.000010
0.000014 0.000019 0.000010 0.000017 0.000010 0.000010 0.999889 0.000011 0.000010 0.000010
0.000010 0.000010 0.000010 0.242461 0.000011 0.000010 0.757457 0.000010 0.000010 0.000010
0.000010 0.000010 0.000010 0.999909 0.000011 0.000010 0.000010 0.000010 0.000010 0.000010
0.598737 0.015568 0.000010 0.225678 0.149969 0.000010 0.009996 0.000012 0.000010 0.000010
0.000010 0.000010 0.000010 0.000010 0.000010 0.000010 0.999910 0.000010 0.000010 0.000010
0.000010 0.000010 0.000010 0.999910 0.000010 0.000010 0.000010 0.000010 0.000010 0.000010
0.000013 0.000015 0.000012 0.000015 0.000010 0.000014 0.999893 0.000010 0.000010 0.000010
0.377913 0.143796 0.000010 0.478221 0.000010 0.000010 0.000010 0.000010 0.000010 0.000010
0.000010 0.000010 0.000010 0.000010 0.000010 0.000010 0.000010 0.999910 0.000010 0.000010
0.000010 0.000012 0.000010 0.000010 0.000010 0.000010 0.000010 0.000010 0.999908 0.000010
0.048124 0.000010 0.000010 0.385104 0.000010 0.000010 0.000010 0.015450 0.000010 0.551261
0.000010 0.000010 0.000010 0.000010 0.000010 0.000010 0.487535 0.000010 0.000010 0.512385
0.000010 0.553473 0.000010 0.446447 0.000010 0.000010 0.000010 0.000010 0.000010 0.000010
0.040511 0.000010 0.000010 0.000010 0.000010 0.000010 0.639826 0.000729 0.255793 0.063091
0.000010 0.689334 0.000010 0.000010 0.310586 0.000010 0.000010 0.000010 0.000010 0.000010
0.079277 0.029888 0.000010 0.000010 0.000010 0.008082 0.000010 0.000010 0.882692 0.000010
0.000010 0.000010 0.000010 0.999910 0.000010 0.000010 0.000010 0.000010 0.000010 0.000010
0.069283 0.288680 0.000010 0.000010 0.000012 0.000010 0.000010 0.000010 0.614338 0.027637
0.000010 0.000010 0.000010 0.999910 0.000010 0.000010 0.000010 0.000010 0.000010 0.000010
0.000010 0.026029 0.006891 0.319098 0.647922 0.000010 0.000010 0.000010 0.000010 0.000010
0.000010 0.000010 0.000010 0.539177 0.000010 0.000010 0.000010 0.000010 0.000010 0.460743
0.376661 0.000010 0.116135 0.041163 0.389592 0.047097 0.011680 0.000010 0.017642 0.000010
0.785604 0.143654 0.000010 0.000010 0.000010 0.000010 0.000010 0.000010 0.000010 0.070672
0.293459 0.039656 0.058550 0.083205 0.403941 0.020349 0.034540 0.039586 0.000010 0.026706
0.101367 0.000012 0.006685 0.000010 0.746744 0.018441 0.119442 0.000010 0.000010 0.007278
0.307159 0.692754 0.000012 0.000012 0.000014 0.000010 0.000010 0.000010 0.000010 0.000010
0.552182 0.027423 0.056742 0.025238 0.041078 0.000010 0.000010 0.122345 0.174964 0.000010
0.512889 0.065170 0.067125 0.024347 0.029698 0.040641 0.000010 0.089449 0.170661 0.000010
0.000010 0.999910 0.000010 0.000010 0.000010 0.000010 0.000010 0.000010 0.000010 0.000010
0.999905 0.000010 0.000010 0.000010 0.000010 0.000010 0.000014 0.000011 0.000010 0.000010
0.000010 0.510973 0.000010 0.000010 0.394684 0.047465 0.046818 0.000010 0.000010 0.000010
0.000010 0.805668 0.081968 0.000010 0.000010 0.002365 0.015637 0.000010 0.000010 0.094311
0.806088 0.171806 0.000010 0.000010 0.000010 0.000010 0.000010 0.000010 0.000010 0.022036
0.296457 0.007042 0.000010 0.040675 0.000857 0.112069 0.003165 0.317797 0.221918 0.000010
0.283364 0.041655 0.069451 0.122524 0.020973 0.061076 0.000010 0.081551 0.273766 0.045630
0.000010 0.000010 0.000010 0.000010 0.588200 0.000010 0.000010 0.000010 0.411720 0.000010
0.000010 0.000010 0.000010 0.000010 0.000010 0.000010 0.000010 0.999910 0.000010 0.000010
0.000010 0.000010 0.013539 0.000010 0.000010 0.000010 0.986381 0.000010 0.000010 0.000010
0.080010 0.000010 0.155210 0.000010 0.194353 0.073537 0.495355 0.001495 0.000010 0.000010
0.000010 0.000010 0.102922 0.000010 0.000010 0.000010 0.655128 0.241880 0.000010 0.000010
0.000013 0.000010 0.999907 0.000010 0.000010 0.000010 0.000010 0.000010 0.000010 0.000010
0.000010 0.000010 0.831455 0.000010 0.000010 0.000010 0.168458 0.000010 0.000017 0.000010
0.047737 0.000010 0.592040 0.000010 0.000010 0.198495 0.000010 0.016285 0.089932 0.055471
0.000010 0.000010 0.477248 0.000010 0.000010 0.000010 0.522672 0.000010 0.000010 0.000010
0.000010 0.000010 0.626113 0.000010 0.000010 0.000010 0.373805 0.000012 0.000010 0.000010
0.000010 0.144227 0.179087 0.000010 0.054114 0.217918 0.000010 0.005990 0.282829 0.115805
0.000010 0.000010 0.888710 0.000010 0.000010 0.111203 0.000018 0.000010 0.000010 0.000010
0.000010 0.000010 0.151931 0.469554 0.067978 0.000010 0.295373 0.000010 0.015115 0.000010
0.000010 0.000010 0.999910 0.000010 0.000010 0.000010 0.000010 0.000010 0.000010 0.000010
0.000010 0.000010 0.999910 0.000010 0.000010 0.000010 0.000010 0.000010 0.000010 0.000010
0.108945 0.000010 0.683808 0.000011 0.139295 0.000010 0.000010 0.000010 0.067892 0.000010
0.000010 0.000010 0.816057 0.000010 0.000010 0.000010 0.183863 0.000010 0.000010 0.000010
0.000010 0.000010 0.756828 0.000010 0.000010 0.000010 0.000010 0.000010 0.243092 0.000010
0.000010 0.000010 0.046473 0.000013 0.000010 0.000010 0.953444 0.000010 0.000010 0.000010
0.000010 0.000010 0.156834 0.015180 0.220173 0.084211 0.030097 0.016342 0.477132 0.000010
0.000010 0.000010 0.000011 0.000010 0.000010 0.000010 0.000010 0.999909 0.000010 0.000010
0.481680 0.262977 0.077032 0.000010 0.000010 0.000010 0.000010 0.040185 0.000010 0.138076
0.000010 0.000010 0.000010 0.000010 0.000010 0.000015 0.000010 0.999904 0.000010 0.000010
0.000010 0.000010 0.000013 0.000010 0.000010 0.000010 0.000010 0.999907 0.000010 0.000010
0.000010 0.052329 0.196131 0.073246 0.505053 0.061783 0.049798 0.000010 0.010948 0.050693
0.000010 0.000010 0.074913 0.000010 0.000010 0.000010 0.000010 0.000010 0.925007 0.000010
0.000010 0.000012 0.246550 0.000010 0.633360 0.036379 0.055486 0.000011 0.028173 0.000010
0.000010 0.000010 0.179026 0.000010 0.575514 0.000017 0.036735 0.000010 0.208659 0.000010
0.000010 0.000010 0.173101 0.000010 0.629121 0.000019 0.057825 0.000010 0.139884 0.000010
0.011814 0.097931 0.072178 0.000013 0.000012 0.000010 0.000010 0.103644 0.520929 0.193458
0.000010 0.000010 0.107913 0.000010 0.701603 0.000010 0.000010 0.022964 0.167461 0.000010
0.654712 0.149765 0.111868 0.000010 0.000010 0.000010 0.000010 0.083595 0.000010 0.000010
0.141394 0.131633 0.177913 0.418528 0.000010 0.000014 0.000010 0.102107 0.024135 0.004257
0.250243 0.457492 0.129860 0.000010 0.000010 0.007103 0.000015 0.155248 0.000010 0.000010
0.000010 0.025331 0.889083 0.000013 0.000010 0.000010 0.000010 0.009925 0.000010 0.075598
0.181357 0.103614 0.171934 0.029447 0.218594 0.000010 0.163250 0.059020 0.016172 0.056602
0.000013 0.267193 0.187800 0.000010 0.157721 0.015283 0.000010 0.059511 0.253830 0.058629
0.045427 0.235859 0.132321 0.066478 0.000010 0.009013 0.000010 0.071186 0.439686 0.000010
0.010867 0.002902 0.193833 0.000018 0.541942 0.000010 0.164832 0.065201 0.000010 0.020384
0.005765 0.085937 0.092851 0.000010 0.000010 0.244041 0.000010 0.561651 0.000010 0.009715
0.076697 0.112344 0.310225 0.042743 0.186994 0.025456 0.017397 0.064891 0.118036 0.045217
0.005587 0.071204 0.284557 0.055756 0.336390 0.011443 0.003286 0.000010 0.126138 0.105629
0.000010 0.000010 0.456998 0.119972 0.000010 0.000010 0.182914 0.000010 0.000010 0.240057
0.000010 0.000010 0.326318 0.477698 0.027128 0.000010 0.023056 0.000010 0.000010 0.145751
0.258413 0.000010 0.205126 0.000010 0.290581 0.023341 0.000010 0.071986 0.085092 0.065432
0.123256 0.046096 0.275836 0.102975 0.120738 0.005423 0.000010 0.001274 0.077848 0.246545
0.000010 0.000010 0.219376 0.036633 0.262889 0.016750 0.023037 0.441275 0.000010 0.000010
0.053506 0.065419 0.140099 0.000010 0.112247 0.000010 0.376053 0.237037 0.000010 0.015609
0.000010 0.000010 0.000010 0.000010 0.000015 0.000016 0.000010 0.000010 0.000010 0.999899
0.000010 0.000010 0.547621 0.086909 0.000010 0.000010 0.365400 0.000010 0.000010 0.000010
0.000010 0.221402 0.050381 0.184237 0.000011 0.000010 0.000011 0.000010 0.000010 0.543918
0.000010 0.091028 0.260124 0.312206 0.000010 0.000010 0.237478 0.000010 0.099114 0.000010
0.000010 0.000014 0.044064 0.000010 0.565464 0.000010 0.000010 0.000010 0.390398 0.000010
0.578822 0.000010 0.018017 0.000010 0.000010 0.000010 0.000010 0.403091 0.000010 0.000010
0.000010 0.000010 0.000010 0.000010 0.000010 0.999910 0.000010 0.000010 0.000010 0.000010
