V1	V2	V3	V4	V5	V6	V7	V8	V9	V10	accession
1e-05	0.018214	1e-05	0.055971	0.003658	1e-05	0.638817	1e-05	0.28329	1e-05	UNT_038_new
0.310374	1e-05	1e-05	1e-05	0.224853	0.116509	0.291365	1e-05	0.056848	1e-05	UNT_019_new
0.559877	1e-05	1e-05	1e-05	1e-05	0.156196	0.266063	1e-05	0.017804	1e-05	UNT_027_new
1e-05	0.322599	1e-05	1e-05	1e-05	1e-05	0.677321	1e-05	1e-05	1e-05	UNT_021_new
1e-05	0.362538	1e-05	1.9e-05	1e-05	1e-05	0.621028	0.016354	1e-05	1e-05	UNT_031_reseq
0.055799	1e-05	0.272335	1e-05	1e-05	0.025004	0.577013	0.069799	1e-05	1e-05	UNT_052_reseq
0.179257	1.3e-05	1e-05	1e-05	1e-05	0.143406	0.363601	0.313673	1e-05	1e-05	UNT_050_reseq
1e-05	0.1819	1e-05	1e-05	1.3e-05	1e-05	0.507287	0.310741	1e-05	1e-05	UNT_058_reseq
1e-05	1e-05	1e-05	1e-05	1e-05	1e-05	0.164949	0.834971	1e-05	1e-05	UNT_020_new
1.3e-05	1e-05	1e-05	1e-05	0.098921	1.3e-05	0.49589	0.405113	1e-05	1e-05	UNT_040_reseq
1e-05	1.2e-05	1.1e-05	1e-05	1e-05	1e-05	0.213101	0.786815	1e-05	1e-05	UNT_023_reseq
1e-05	1e-05	1e-05	1e-05	1e-05	1e-05	0.229636	0.770284	1e-05	1e-05	UNT_001_reseq
1e-05	1e-05	1e-05	1e-05	1e-05	1e-05	0.232947	0.766973	1e-05	1e-05	UNT_022_reseq
1e-05	1e-05	1e-05	1e-05	0.452473	0.056808	0.49065	1e-05	1e-05	1e-05	UNT_010_reseq
1e-05	1e-05	1e-05	1e-05	0.635047	1e-05	0.364873	1e-05	1e-05	1e-05	UNT_059_reseq
0.430571	1e-05	0.036958	1e-05	1e-05	0.1057	0.426711	1e-05	1e-05	1e-05	UNT_024_reseq
0.523897	1e-05	0.004425	1e-05	1e-05	0.168522	0.303088	1e-05	1.7e-05	1e-05	UNT_026_reseq
0.556142	1e-05	0.004402	1e-05	1e-05	0.121795	0.317601	1e-05	1e-05	1e-05	UNT_028_reseq
0.425162	1.1e-05	0.096732	1e-05	1e-05	0.109026	0.36902	1e-05	1e-05	1e-05	UNT_039_reseq
1e-05	1e-05	1e-05	1e-05	0.200259	0.58133	0.218341	1e-05	1e-05	1e-05	UNT_007_reseq
0.044588	1e-05	1e-05	1e-05	1e-05	0.737522	0.115331	1e-05	0.102498	1e-05	UNT_015_reseq
1e-05	1e-05	0.125005	1e-05	1e-05	0.874915	1e-05	1e-05	1e-05	1e-05	UNT_006_reseq
1e-05	1e-05	1e-05	1e-05	1e-05	0.898775	1e-05	1e-05	0.101145	1e-05	UNT_017_reseq
1e-05	1e-05	1e-05	1e-05	1e-05	0.885475	0.08729	1e-05	1e-05	0.027165	UNT_034_reseq
1e-05	1e-05	1e-05	1.4e-05	1e-05	0.999902	1e-05	1.3e-05	1.1e-05	1e-05	UNT_005_reseq
1.3e-05	1e-05	0.071386	1.1e-05	1e-05	0.928528	1e-05	1.2e-05	1e-05	1e-05	UNT_016_reseq
1e-05	1e-05	1e-05	1e-05	1e-05	0.99991	1e-05	1e-05	1e-05	1e-05	UNT_011_reseq
1e-05	1e-05	1e-05	1e-05	1e-05	0.99991	1e-05	1e-05	1e-05	1e-05	UNT_013_reseq
1e-05	1e-05	1e-05	1.2e-05	1e-05	0.999908	1e-05	1e-05	1e-05	1e-05	UNT_014_reseq
0.018289	1e-05	0.240666	0.305934	1e-05	0.065048	0.370012	1e-05	1e-05	1e-05	UNT_012_reseq
1e-05	1e-05	0.198541	0.240099	1e-05	0.152535	0.408766	1e-05	1e-05	1e-05	UNT_056_reseq
0.14288	1e-05	0.389961	1e-05	1e-05	0.068513	0.398586	1e-05	1e-05	1e-05	UNT_003_reseq
1.6e-05	1e-05	0.252475	0.048136	1e-05	0.613465	0.085858	1e-05	1e-05	1e-05	UNT_054_reseq
1e-05	1e-05	0.422319	1e-05	1e-05	0.577601	1e-05	1e-05	1e-05	1e-05	UNT_008_reseq
1e-05	1e-05	0.273181	1e-05	1.1e-05	0.726738	1e-05	1e-05	1e-05	1e-05	UNT_009_reseq
1e-05	1e-05	0.548734	1e-05	1e-05	0.056929	0.29811	0.096167	1e-05	1e-05	UNT_004_reseq
1e-05	1.1e-05	0.866392	1e-05	1e-05	1e-05	0.133527	1e-05	1e-05	1e-05	UNT_002_reseq
1e-05	1e-05	0.843945	1e-05	1e-05	1e-05	0.155975	1e-05	1e-05	1e-05	UNT_018_reseq
1e-05	1e-05	1e-05	1e-05	1e-05	1e-05	0.558454	1e-05	0.441466	1e-05	UNT_029_reseq
0.571204	1e-05	1e-05	1e-05	1e-05	1e-05	0.428716	1e-05	1e-05	1e-05	UNT_030_reseq
0.154257	0.065115	1e-05	1e-05	0.022796	1e-05	0.695156	1e-05	0.062626	1e-05	UNT_037_reseq
0.237257	1e-05	1e-05	1e-05	1e-05	0.043927	0.608065	0.016169	0.057101	0.037441	UNT_046_reseq
0.165096	0.074518	0.107198	0.012732	1e-05	0.062445	0.562703	1e-05	1e-05	0.015278	UNT_035_reseq
0.177933	0.003679	1e-05	0.055217	1e-05	0.14548	0.539692	1e-05	0.041611	0.036358	UNT_042_reseq
1e-05	1e-05	0.115108	0.063773	1e-05	0.407536	0.300892	1.7e-05	1e-05	0.112634	UNT_044_reseq
1e-05	1e-05	0.017554	0.334559	1e-05	0.263951	0.341636	1e-05	1e-05	0.04225	UNT_045_reseq
0.288248	1e-05	1e-05	0.011016	1e-05	0.217172	0.419278	1e-05	0.042223	0.022023	UNT_043_reseq
0.038383	1e-05	1e-05	0.047147	1e-05	0.162947	0.503672	1e-05	0.100786	0.147025	UNT_047_reseq
1e-05	1e-05	1e-05	1e-05	1e-05	1e-05	0.232646	1e-05	1e-05	0.767274	UNT_053_reseq
1e-05	0.039212	1e-05	0.124245	1e-05	1.4e-05	0.438042	1e-05	1e-05	0.398437	UNT_055_reseq
1e-05	1e-05	1e-05	0.386773	1e-05	1e-05	0.613147	1e-05	1e-05	1e-05	UNT_032_reseq
1e-05	0.339759	1e-05	1e-05	1e-05	1e-05	0.660161	1e-05	1e-05	1e-05	UNT_033_reseq
0.308882	1e-05	1e-05	1e-05	0.249929	1e-05	1e-05	1e-05	0.441119	1e-05	CAMPUB_057
0.25731	1e-05	1e-05	1e-05	0.140745	0.091316	0.203588	1e-05	0.306991	1e-05	UNT_025_new
0.523203	0.144759	0.034444	1e-05	0.149654	1.1e-05	0.046781	0.020979	0.080147	1e-05	CAMPUB_169
0.409846	0.131698	0.014534	1e-05	0.151927	1e-05	0.051077	0.023837	0.193021	0.02404	CAMPUB_226
0.055328	1e-05	1e-05	1e-05	0.636136	0.083944	1e-05	1e-05	0.224531	1e-05	CAMPUB_077
0.01399	1e-05	1e-05	1e-05	0.853579	1e-05	1e-05	1e-05	0.132361	1e-05	CAMPUB_172
1.3e-05	1e-05	1e-05	1e-05	0.661351	1e-05	1e-05	1e-05	0.338565	1e-05	CAMPUB_182
0.128152	1e-05	1e-05	1e-05	0.674593	1e-05	1e-05	1e-05	0.197186	1e-05	CAMPUB_031
1e-05	0.177231	1e-05	0.000629	0.327288	1e-05	0.060366	0.325234	0.099934	0.009288	CAMPUB_276
1.3e-05	1.4e-05	1e-05	1e-05	0.999903	1.1e-05	1e-05	1e-05	1e-05	1e-05	CAMPUB_038
1e-05	1e-05	1e-05	1e-05	0.99991	1e-05	1e-05	1e-05	1e-05	1e-05	CAMPUB_039
1e-05	1e-05	1e-05	1e-05	0.99991	1e-05	1e-05	1e-05	1e-05	1e-05	CAMPUB_049
1e-05	1e-05	1e-05	1e-05	0.99991	1e-05	1e-05	1e-05	1e-05	1e-05	CAMPUB_052
0.135809	1e-05	1e-05	0.005298	0.580682	0.052322	1e-05	1e-05	0.225839	1e-05	CAMPUB_221
0.361108	1e-05	0.017839	0.020029	0.395752	1e-05	1e-05	1e-05	0.205222	1e-05	CAMPUB_045
0.080706	0.298718	1e-05	0.048392	0.242765	0.038448	1e-05	0.065412	0.158246	0.067292	CAMPUB_277
0.154844	0.320692	0.062966	1e-05	0.09843	0.013124	0.038737	0.116344	0.141019	0.053834	CAMPUB_036
0.491145	0.153989	1e-05	1e-05	0.017731	1e-05	1e-05	1e-05	0.337074	1e-05	CAMPUB_203
0.078841	0.490558	0.001409	1e-05	0.166779	1e-05	1e-05	0.000686	0.198552	0.063144	CAMPUB_209
0.371241	0.517384	1e-05	1e-05	0.036404	1e-05	1e-05	1e-05	1e-05	0.074911	CAMPUB_098
1e-05	0.531128	1e-05	0.419385	0.037746	1e-05	1e-05	0.011681	1e-05	1e-05	CAMPUB_099
0.190301	0.545326	0.018354	0.20957	0.010303	1.3e-05	1e-05	0.026103	1e-05	1e-05	CAMPUB_237
0.051302	0.262595	0.031684	0.066211	0.155485	1e-05	1e-05	0.089021	0.343672	1e-05	CAMPUB_157
1e-05	0.372939	1e-05	1e-05	1e-05	1e-05	1e-05	0.145556	0.389642	0.091803	CAMPUB_136
1.1e-05	0.197825	1.8e-05	0.412977	1e-05	1e-05	1e-05	0.110213	0.217042	0.061885	CAMPUB_211
0.370789	0.099736	1e-05	1e-05	1e-05	1e-05	1e-05	0.04595	0.483466	1e-05	CAMPUB_212
1e-05	0.323001	1e-05	1e-05	1.3e-05	1e-05	1e-05	0.110029	0.566897	1e-05	CAMPUB_008
1e-05	0.053009	1e-05	1e-05	1e-05	1e-05	1e-05	0.117146	0.824771	0.005015	CAMPUB_040
1e-05	0.030851	0.237956	0.378791	1e-05	1e-05	1e-05	0.045368	0.157038	0.149956	CAMPUB_096
0.09987	0.233468	0.254048	0.316836	0.044548	1e-05	1e-05	0.014054	0.037145	1e-05	CAMPUB_101
0.223645	0.233051	0.039683	0.434543	1e-05	1e-05	0.060799	0.004788	1e-05	0.003462	CAMPUB_205
0.275142	0.052231	0.022448	0.566128	0.084001	1e-05	1e-05	1e-05	1e-05	1e-05	CAMPUB_219
0.284272	0.046987	0.019083	0.566259	0.083349	1e-05	1e-05	1e-05	1e-05	1e-05	CAMPUB_220
0.08092	0.091835	1e-05	0.579946	0.051015	1e-05	0.061095	1e-05	0.099325	0.035834	CAMPUB_164
0.086821	0.084187	1e-05	0.555104	0.087948	0.001977	1e-05	1e-05	0.178727	0.005206	CAMPUB_196
1e-05	1e-05	1e-05	0.457545	1e-05	1.5e-05	1e-05	1e-05	1e-05	0.54237	CAMPUB_192
1e-05	1e-05	1e-05	0.508036	1e-05	1e-05	1e-05	1e-05	1e-05	0.491884	CAMPUB_258
1e-05	1e-05	1e-05	0.524466	1e-05	1e-05	1e-05	1e-05	1e-05	0.475454	CAMPUB_195
1e-05	1.8e-05	1e-05	0.419194	1e-05	1e-05	1e-05	1e-05	1e-05	0.580717	CAMPUB_246
1e-05	1e-05	1e-05	0.472824	1e-05	1e-05	1e-05	1e-05	1e-05	0.527096	CAMPUB_162
1e-05	0.441872	1e-05	0.558048	1e-05	1e-05	1e-05	1e-05	1e-05	1e-05	CAMPUB_233
1e-05	0.550834	1e-05	0.449086	1e-05	1e-05	1e-05	1e-05	1e-05	1e-05	CAMPUB_242
1e-05	0.09634	1e-05	0.688837	1e-05	1.1e-05	1e-05	1e-05	0.208199	0.006562	CAMPUB_131
1e-05	1e-05	1e-05	0.99991	1e-05	1e-05	1e-05	1e-05	1e-05	1e-05	CAMPUB_067
1e-05	1e-05	1e-05	0.99991	1e-05	1e-05	1e-05	1e-05	1e-05	1e-05	CAMPUB_068
1e-05	1e-05	1.5e-05	0.999905	1e-05	1e-05	1e-05	1e-05	1e-05	1e-05	CAMPUB_236
1e-05	1.3e-05	1e-05	0.9999	1e-05	1.6e-05	1e-05	1e-05	1e-05	1e-05	CAMPUB_229
1e-05	1.3e-05	1e-05	0.999903	1e-05	1e-05	1e-05	1.5e-05	1e-05	1e-05	CAMPUB_256
1e-05	1.2e-05	1e-05	0.999901	1e-05	1.4e-05	1e-05	1.3e-05	1e-05	1e-05	CAMPUB_253
1e-05	1.4e-05	1e-05	0.9999	1e-05	1.4e-05	1e-05	1.2e-05	1e-05	1e-05	CAMPUB_063
1e-05	1.4e-05	1e-05	0.999898	1e-05	1.6e-05	1e-05	1.2e-05	1e-05	1e-05	CAMPUB_240
1e-05	0.114182	0.224772	1e-05	1e-05	1e-05	0.046731	0.43942	0.031158	0.143696	CAMPUB_154
0.341067	1e-05	0.04448	0.052852	1e-05	0.021808	1e-05	0.539744	1e-05	1e-05	CAMPUB_147
1e-05	1e-05	1e-05	1e-05	0.300162	1e-05	0.039308	0.495339	0.16513	1e-05	CAMPUB_078
0.442889	1e-05	1e-05	1e-05	1e-05	1e-05	1e-05	0.557031	1e-05	1e-05	CAMPUB_149
1e-05	0.535208	1e-05	1.3e-05	1.4e-05	1e-05	1e-05	0.464704	1e-05	1e-05	CAMPUB_210
1e-05	0.201734	1e-05	1e-05	0.043368	1e-05	1e-05	0.613414	0.141424	1e-05	CAMPUB_161
1e-05	1e-05	1e-05	1e-05	1.3e-05	1e-05	1e-05	0.999907	1e-05	1e-05	CAMPUB_138
1e-05	1e-05	1e-05	1e-05	1e-05	1e-05	1e-05	0.99991	1e-05	1e-05	CAMPUB_243
1e-05	1e-05	1e-05	1e-05	1e-05	1e-05	1e-05	0.99991	1e-05	1e-05	CAMPUB_145
1e-05	1e-05	1e-05	1e-05	1.2e-05	1e-05	1e-05	0.999908	1e-05	1e-05	CAMPUB_180
1e-05	1e-05	1e-05	1e-05	1e-05	1e-05	1e-05	0.99991	1e-05	1e-05	CAMPUB_116
1e-05	1e-05	1e-05	1e-05	1e-05	1e-05	1e-05	0.99991	1e-05	1e-05	CAMPUB_174
1e-05	1e-05	1e-05	0.427935	1e-05	1e-05	1e-05	0.571985	1e-05	1e-05	CAMPUB_193
0.072798	0.0299	1e-05	0.422252	1e-05	1e-05	1e-05	0.430044	0.044956	1e-05	CAMPUB_194
0.00975	1e-05	0.172808	0.194995	1.1e-05	1e-05	1e-05	0.49631	0.126087	1e-05	CAMPUB_085
1e-05	1e-05	0.478926	1e-05	1e-05	1e-05	1e-05	0.520994	1e-05	1e-05	CAMPUB_091
0.292631	0.453279	0.026806	0.015211	0.025324	1.6e-05	1e-05	0.088548	0.018389	0.079786	CAMPUB_074
0.607785	0.392127	1e-05	1e-05	1e-05	1e-05	1e-05	1.7e-05	1e-05	1e-05	CAMPUB_152
0.186522	0.496405	0.043373	1e-05	0.139164	1e-05	1e-05	0.071285	0.063211	1e-05	CAMPUB_110
0.300977	0.492923	0.015111	1e-05	0.078818	1e-05	0.006768	0.053372	1e-05	0.052001	CAMPUB_123
0.491242	0.428943	0.034784	1e-05	1e-05	0.022866	1e-05	0.022114	1e-05	1e-05	CAMPUB_029
0.496789	0.412969	0.029504	1e-05	1e-05	0.034704	1e-05	0.025985	1e-05	1e-05	CAMPUB_030
1e-05	0.369775	1e-05	0.235462	0.093052	1e-05	0.071818	1e-05	0.229844	1e-05	CAMPUB_175
0.036161	0.485996	0.004244	0.010086	0.058986	0.00672	0.063664	0.099262	0.23169	0.003191	CAMPUB_266
0.037488	0.501466	0.006904	0.013791	0.086611	0.022964	0.023885	0.103163	0.203719	1e-05	CAMPUB_268
1e-05	0.836767	1e-05	1e-05	1e-05	1e-05	0.146862	1e-05	1e-05	0.016301	CAMPUB_260
1e-05	0.911917	1e-05	1e-05	1e-05	1e-05	0.088003	1e-05	1e-05	1e-05	CAMPUB_273
1e-05	0.943986	1e-05	1e-05	1e-05	1e-05	1e-05	0.055934	1e-05	1e-05	CAMPUB_135
1.2e-05	0.870233	1e-05	1e-05	1e-05	1e-05	0.070859	0.058836	1e-05	1e-05	CAMPUB_168
1.3e-05	0.78788	1e-05	1.4e-05	1.1e-05	1e-05	0.035579	0.176463	1e-05	1e-05	CAMPUB_187
1e-05	0.86759	1e-05	1e-05	1.8e-05	1e-05	1e-05	0.122533	0.009799	1e-05	CAMPUB_270
1e-05	0.003479	1e-05	1e-05	1.3e-05	1e-05	1e-05	0.04722	0.20491	0.744328	CAMPUB_206
1e-05	0.171393	1e-05	1e-05	1.1e-05	1e-05	1e-05	0.069392	0.166338	0.592817	CAMPUB_201
1.1e-05	1e-05	1e-05	1e-05	1e-05	1.1e-05	1e-05	1.6e-05	1e-05	0.999903	CAMPUB_159
1e-05	0.167603	1e-05	1e-05	1e-05	1e-05	1e-05	0.030571	1e-05	0.801756	CAMPUB_058
0.088638	1e-05	1e-05	1e-05	1e-05	1e-05	1e-05	0.01536	0.104645	0.791296	CAMPUB_146
1e-05	0.68193	1e-05	1e-05	1e-05	1e-05	1e-05	0.015371	1e-05	0.302629	CAMPUB_148
1e-05	0.506269	1e-05	1e-05	1e-05	1e-05	1e-05	1e-05	1e-05	0.493651	CAMPUB_155
0.102227	0.487347	0.283096	1e-05	1e-05	0.070744	1e-05	1e-05	1e-05	0.056536	CAMPUB_084
0.376271	0.574039	0.01564	1e-05	0.023739	0.010262	1e-05	1e-05	1e-05	1e-05	CAMPUB_271
0.25498	0.717182	1e-05	1e-05	0.027767	1e-05	1e-05	1e-05	1.1e-05	1e-05	CAMPUB_150
1e-05	0.789227	1e-05	1e-05	0.059496	1e-05	0.036081	0.101902	1e-05	0.013243	CAMPUB_066
0.102442	0.621059	0.028329	0.028788	0.036506	1e-05	1e-05	0.066696	0.023636	0.092524	CAMPUB_072
1e-05	0.50832	1e-05	0.469363	1e-05	1e-05	0.022247	1e-05	1e-05	1e-05	CAMPUB_167
0.122206	0.484881	1e-05	1e-05	1e-05	1e-05	1e-05	1e-05	1e-05	0.392843	CAMPUB_080
0.305353	0.694567	1e-05	1e-05	1e-05	1e-05	1e-05	1e-05	1e-05	1e-05	CAMPUB_251
1e-05	0.500039	1e-05	0.499881	1e-05	1e-05	1e-05	1e-05	1e-05	1e-05	CAMPUB_248
1e-05	0.99991	1e-05	1e-05	1e-05	1e-05	1e-05	1e-05	1e-05	1e-05	CAMPUB_264
1e-05	0.6784	1e-05	0.321514	1e-05	1.6e-05	1e-05	1e-05	1e-05	1e-05	CAMPUB_070
1e-05	0.719912	1e-05	0.280008	1e-05	1e-05	1e-05	1e-05	1e-05	1e-05	CAMPUB_081
1e-05	0.939602	1e-05	0.060318	1e-05	1e-05	1e-05	1e-05	1e-05	1e-05	CAMPUB_269
1e-05	0.99991	1e-05	1e-05	1e-05	1e-05	1e-05	1e-05	1e-05	1e-05	CAMPUB_061
1e-05	0.999908	1e-05	1e-05	1e-05	1e-05	1e-05	1.1e-05	1e-05	1e-05	CAMPUB_137
1e-05	0.696212	1e-05	1.1e-05	1e-05	1e-05	0.051553	1e-05	1e-05	0.252164	CAMPUB_153
1e-05	0.695442	1e-05	0.069674	0.009912	1e-05	0.115031	1e-05	1e-05	0.109892	CAMPUB_272
0.403068	0.289351	0.015079	1e-05	0.108339	0.069719	0.017046	0.041292	0.039767	0.016328	CAMPUB_259
0.383882	0.193966	0.037234	0.014534	0.061459	0.015876	0.178543	0.070143	0.006887	0.037476	CAMPUB_261
1e-05	0.192037	0.392856	0.159011	1e-05	1e-05	0.071163	1e-05	1e-05	0.184883	CAMPUB_200
1e-05	0.115781	0.142944	0.023975	1e-05	0.551909	1e-05	1e-05	0.128079	0.037271	CAMPUB_134
0.148278	0.010365	0.412446	0.045333	1e-05	0.383528	1e-05	1e-05	1e-05	1e-05	CAMPUB_165
0.122659	1e-05	0.368807	0.281101	1e-05	0.097182	1e-05	1e-05	0.1302	1e-05	CAMPUB_087
1e-05	1e-05	0.456033	0.543887	1e-05	1e-05	1e-05	1e-05	1e-05	1e-05	CAMPUB_198
1e-05	1e-05	0.560431	1e-05	1e-05	1e-05	1e-05	1e-05	1e-05	0.439489	CAMPUB_089
1e-05	1e-05	0.521724	1e-05	1e-05	1e-05	1e-05	1e-05	1e-05	0.478196	CAMPUB_112
1e-05	0.42267	0.57725	1e-05	1e-05	1e-05	1e-05	1e-05	1e-05	1e-05	CAMPUB_092
1e-05	0.480165	0.519745	1e-05	1e-05	1.9e-05	1e-05	1e-05	1e-05	1e-05	CAMPUB_114
0.425176	0.0025	0.553332	1e-05	1e-05	1e-05	0.018932	1e-05	1e-05	1e-05	CAMPUB_199
1e-05	0.021699	0.596666	1e-05	1e-05	1e-05	1e-05	1e-05	0.356686	0.024889	CAMPUB_250
1e-05	1e-05	0.501491	0.498429	1e-05	1e-05	1e-05	1e-05	1e-05	1e-05	CAMPUB_232
1e-05	1e-05	0.591436	0.408484	1e-05	1e-05	1e-05	1e-05	1e-05	1e-05	CAMPUB_095
0.27825	0.06903	0.560317	1e-05	0.023444	1e-05	1e-05	1e-05	0.068908	1e-05	CAMPUB_088
1e-05	1e-05	0.555028	1e-05	1e-05	1e-05	1e-05	1e-05	0.444892	1e-05	CAMPUB_090
1e-05	0.325062	0.641462	1e-05	1e-05	1e-05	1e-05	0.033405	1e-05	1e-05	CAMPUB_119
0.038096	0.059087	0.735878	1e-05	1e-05	0.000743	0.166146	1e-05	1e-05	1e-05	CAMPUB_086
1e-05	1.4e-05	0.999906	1e-05	1e-05	1e-05	1e-05	1e-05	1e-05	1e-05	CAMPUB_231
1e-05	1e-05	0.712364	0.287556	1e-05	1e-05	1e-05	1e-05	1e-05	1e-05	CAMPUB_235
1e-05	1e-05	0.99991	1e-05	1e-05	1e-05	1e-05	1e-05	1e-05	1e-05	CAMPUB_028
1e-05	1e-05	0.999903	1e-05	1e-05	1.7e-05	1e-05	1e-05	1e-05	1e-05	CAMPUB_033
0.039185	1e-05	0.960733	1e-05	1e-05	1.2e-05	1e-05	1e-05	1e-05	1e-05	CAMPUB_170
1e-05	1e-05	0.99991	1e-05	1e-05	1e-05	1e-05	1e-05	1e-05	1e-05	CAMPUB_241
1e-05	1e-05	0.99991	1e-05	1e-05	1e-05	1e-05	1e-05	1e-05	1e-05	CAMPUB_073
1e-05	1e-05	0.99991	1e-05	1e-05	1e-05	1e-05	1e-05	1e-05	1e-05	CAMPUB_228
1e-05	1e-05	0.99991	1e-05	1e-05	1e-05	1e-05	1e-05	1e-05	1e-05	CAMPUB_234
1e-05	1e-05	0.99991	1e-05	1e-05	1e-05	1e-05	1e-05	1e-05	1e-05	CAMPUB_104
1e-05	1e-05	0.99991	1e-05	1e-05	1e-05	1e-05	1e-05	1e-05	1e-05	CAMPUB_108
1e-05	1e-05	0.99991	1e-05	1e-05	1e-05	1e-05	1e-05	1e-05	1e-05	CAMPUB_083
1e-05	1e-05	0.99991	1e-05	1e-05	1e-05	1e-05	1e-05	1e-05	1e-05	CAMPUB_239
1e-05	1e-05	0.399974	1e-05	1e-05	1e-05	1e-05	1e-05	1e-05	0.599946	CAMPUB_151
1e-05	1e-05	0.56153	1e-05	1e-05	1e-05	1e-05	1e-05	1e-05	0.43839	CAMPUB_230
1e-05	1e-05	0.377866	1e-05	1e-05	1e-05	1e-05	1e-05	1e-05	0.622054	CAMPUB_214
1e-05	1e-05	0.504643	1e-05	1e-05	1e-05	1e-05	1e-05	1e-05	0.495277	CAMPUB_247
0.151212	0.234606	0.328897	0.014376	0.011792	0.003163	1e-05	0.226792	0.029141	1e-05	CAMPUB_156
1.1e-05	0.077275	0.289667	0.007413	0.027228	1e-05	1e-05	0.050871	0.22989	0.317625	CAMPUB_158
1e-05	0.409419	0.170522	1e-05	0.020417	1e-05	0.101622	1e-05	0.297971	1e-05	CAMPUB_079
1e-05	0.339306	1e-05	1e-05	1e-05	1e-05	1.3e-05	1e-05	0.631967	0.028654	CAMPUB_255
0.26926	0.118285	1e-05	1e-05	0.152649	1.2e-05	1e-05	0.023879	0.435875	1e-05	CAMPUB_056
0.109792	0.338209	1e-05	1e-05	0.192325	1e-05	0.001972	0.051256	0.306086	0.000328	CAMPUB_223
0.164669	0.198474	1e-05	0.028821	0.071859	1.1e-05	1.1e-05	0.051219	0.484916	1e-05	CAMPUB_225
0.270194	0.033042	0.002759	1e-05	0.06494	1e-05	1e-05	0.026321	0.602704	1e-05	CAMPUB_218
0.218968	0.218333	0.037393	1e-05	0.03379	1e-05	1e-05	0.019078	0.472397	1e-05	CAMPUB_025
1e-05	1.7e-05	1e-05	1e-05	1e-05	1e-05	1e-05	1e-05	0.999903	1e-05	CAMPUB_111
0.133827	1e-05	1e-05	1e-05	0.118305	1.8e-05	1e-05	1e-05	0.747791	1e-05	CAMPUB_007
1e-05	0.077898	1e-05	1e-05	0.054801	1e-05	1e-05	1e-05	0.853522	0.013719	CAMPUB_252
1e-05	1e-05	1e-05	1e-05	1e-05	1e-05	1e-05	1e-05	0.99991	1e-05	CAMPUB_197
1e-05	1e-05	1e-05	1e-05	1e-05	1e-05	1e-05	1e-05	0.99991	1e-05	CAMPUB_244
0.577972	1e-05	1e-05	1e-05	1e-05	1e-05	1e-05	1e-05	0.421948	1e-05	CAMPUB_278
0.507482	1e-05	1e-05	1e-05	1e-05	1e-05	0.135501	1e-05	0.356947	1e-05	UNT_057
0.653762	0.281716	1e-05	1e-05	1e-05	1e-05	0.04947	1e-05	1e-05	0.014992	CAMPUB_216
0.655134	1e-05	1e-05	0.344786	1e-05	1e-05	1e-05	1e-05	1e-05	1e-05	CAMPUB_257
0.921397	0.078523	1e-05	1e-05	1e-05	1e-05	1e-05	1e-05	1e-05	1e-05	CAMPUB_035
0.643205	1e-05	1e-05	1e-05	1e-05	1e-05	1e-05	1e-05	0.356715	1e-05	CAMPUB_204
0.999904	1.6e-05	1e-05	1e-05	1e-05	1e-05	1e-05	1e-05	1e-05	1e-05	CAMPUB_055
0.999897	1.4e-05	1e-05	1.5e-05	1e-05	1e-05	1e-05	1.4e-05	1e-05	1e-05	CAMPUB_173
0.467082	0.149516	0.023451	1e-05	0.00418	1e-05	1e-05	0.032688	0.251059	0.071994	CAMPUB_124
0.453132	0.064559	0.135308	0.027574	0.195425	0.003688	1e-05	0.057649	0.062645	1e-05	CAMPUB_207
0.706558	0.037838	0.129438	1.4e-05	0.126102	1e-05	1e-05	1e-05	1e-05	1e-05	CAMPUB_160
0.725576	0.062532	0.076475	1e-05	0.135357	1e-05	1e-05	1e-05	1e-05	1e-05	CAMPUB_171
0.730392	0.054008	0.115316	1e-05	0.100223	1e-05	1e-05	1e-05	1e-05	1e-05	CAMPUB_262
0.69444	1e-05	0.071453	0.086868	0.050875	1e-05	0.045277	1e-05	1e-05	0.051047	CAMPUB_041
0.700615	1e-05	0.082743	1e-05	0.158338	0.041112	1e-05	1e-05	0.017142	1e-05	CAMPUB_120
