0.000010 0.000010 0.000010 0.000016 0.000010 0.999944
0.000010 0.000010 0.000010 0.000010 0.999950 0.000010
0.144328 0.000010 0.340998 0.000010 0.502233 0.012421
0.000010 0.000013 0.000010 0.000010 0.730757 0.269199
0.000010 0.112820 0.612282 0.056099 0.206971 0.011818
0.000010 0.087344 0.545128 0.049609 0.317899 0.000010
0.081796 0.063453 0.592600 0.119469 0.091854 0.050829
0.000010 0.071665 0.212529 0.000010 0.690185 0.025601
0.000010 0.068871 0.336606 0.012972 0.562067 0.019473
0.173514 0.027315 0.635612 0.109879 0.000010 0.053669
0.032073 0.126303 0.566979 0.060462 0.124081 0.090102
0.000010 0.500454 0.159028 0.000010 0.340488 0.000010
0.000010 0.110534 0.750248 0.000010 0.112663 0.026535
0.000010 0.111984 0.757529 0.000010 0.112711 0.017756
0.083351 0.030666 0.702202 0.000010 0.113521 0.070249
0.025499 0.051639 0.476206 0.027902 0.381682 0.037072
0.000010 0.084853 0.731074 0.046323 0.120422 0.017318
0.000010 0.000010 0.000010 0.000010 0.999950 0.000010
0.000010 0.015187 0.953849 0.000010 0.016874 0.014070
0.000010 0.000010 0.000010 0.000010 0.000010 0.999950
0.868187 0.000010 0.016078 0.064044 0.000010 0.051671
0.000010 0.000010 0.000010 0.000010 0.000010 0.999950
0.000010 0.000010 0.000010 0.000010 0.000010 0.999950
0.092702 0.057146 0.712696 0.027526 0.109921 0.000010
0.000010 0.000010 0.999950 0.000010 0.000010 0.000010
0.000010 0.000010 0.889810 0.000010 0.110150 0.000010
0.000010 0.000010 0.941561 0.000010 0.058399 0.000010
0.000010 0.000010 0.909226 0.000010 0.090734 0.000010
0.256792 0.000010 0.542217 0.136196 0.000010 0.064775
0.085516 0.000010 0.911030 0.003424 0.000010 0.000010
0.856287 0.000010 0.032587 0.000010 0.000010 0.111096
0.354020 0.500264 0.069551 0.000728 0.000010 0.075427
0.827747 0.027457 0.000010 0.017517 0.000010 0.127260
0.000010 0.142744 0.522567 0.123721 0.164789 0.046170
0.355827 0.054289 0.334249 0.040750 0.171254 0.043631
0.388048 0.011415 0.487304 0.057332 0.023544 0.032356
0.408369 0.098314 0.454857 0.000010 0.000010 0.038440
0.027500 0.028351 0.624518 0.058541 0.223740 0.037349
0.200260 0.001214 0.195979 0.011409 0.000010 0.591128
0.227964 0.113877 0.473166 0.066645 0.045575 0.072773
0.088517 0.090451 0.681593 0.102368 0.037061 0.000010
0.000010 0.201131 0.245014 0.278108 0.275726 0.000010
0.000010 0.538899 0.258323 0.141674 0.061084 0.000010
0.249991 0.000010 0.546962 0.093267 0.011359 0.098411
0.158988 0.143995 0.408765 0.267856 0.000010 0.020386
0.000010 0.000010 0.415350 0.000010 0.056274 0.528347
0.179110 0.000010 0.227283 0.000010 0.374017 0.219569
0.000010 0.000010 0.000010 0.999950 0.000010 0.000010
0.000010 0.170095 0.367781 0.000010 0.462094 0.000010
0.209104 0.241024 0.000010 0.549841 0.000010 0.000010
0.128874 0.412770 0.158415 0.000010 0.299920 0.000010
0.000010 0.000010 0.999950 0.000010 0.000010 0.000010
0.574295 0.000010 0.000010 0.000010 0.000010 0.425665
0.347126 0.000010 0.588356 0.024513 0.000010 0.039985
0.107599 0.004074 0.852430 0.023424 0.000010 0.012463
0.368713 0.000010 0.401434 0.126615 0.000010 0.103219
0.290835 0.000010 0.623817 0.019911 0.038206 0.027222
0.000010 0.000010 0.000010 0.000010 0.999950 0.000010
0.407176 0.000010 0.476686 0.000010 0.094631 0.021487
0.401422 0.000010 0.483065 0.000010 0.093373 0.022119
0.146804 0.035615 0.766632 0.039753 0.010508 0.000687
0.000010 0.000010 0.000010 0.000010 0.999950 0.000010
0.071630 0.000010 0.886457 0.000010 0.041883 0.000010
0.427353 0.000010 0.353123 0.058336 0.057170 0.104008
0.382078 0.006806 0.580781 0.018338 0.000010 0.011987
0.396047 0.000017 0.571201 0.009915 0.000010 0.022810
0.208470 0.000011 0.547323 0.171558 0.000010 0.072627
0.000010 0.066385 0.788631 0.041218 0.103746 0.000010
0.000010 0.057012 0.891872 0.005386 0.029114 0.016607
0.364214 0.030330 0.541789 0.032024 0.000010 0.031633
0.362498 0.026642 0.544712 0.032320 0.000010 0.033818
0.000010 0.000010 0.999941 0.000010 0.000019 0.000010
0.221863 0.000014 0.751019 0.002800 0.000010 0.024294
0.000010 0.000010 0.999950 0.000010 0.000010 0.000010
0.158884 0.000010 0.000010 0.818023 0.000010 0.023063
0.999950 0.000010 0.000010 0.000010 0.000010 0.000010
0.000010 0.999950 0.000010 0.000010 0.000010 0.000010
0.970181 0.000010 0.000010 0.000010 0.000010 0.029779
0.000010 0.999950 0.000010 0.000010 0.000010 0.000010
0.000010 0.999950 0.000010 0.000010 0.000010 0.000010
0.685598 0.314362 0.000010 0.000010 0.000010 0.000010
0.680741 0.005043 0.152151 0.079096 0.035251 0.047718
0.000010 0.000010 0.000010 0.000010 0.999950 0.000010
0.502905 0.010258 0.313801 0.067156 0.043632 0.062248
0.150945 0.024807 0.744441 0.044129 0.018808 0.016869
0.085551 0.000104 0.370488 0.032524 0.000010 0.511322
0.533186 0.000010 0.304040 0.000010 0.156398 0.006356
0.469112 0.000010 0.083117 0.416356 0.031395 0.000010
0.698634 0.301326 0.000010 0.000010 0.000010 0.000010
0.000010 0.000010 0.000010 0.000010 0.999950 0.000010
0.503768 0.000010 0.143990 0.063026 0.289197 0.000010
0.000010 0.199997 0.133607 0.000010 0.159396 0.506980
0.155911 0.000010 0.061820 0.000010 0.766153 0.016096
0.000012 0.294484 0.313293 0.000019 0.392182 0.000010
0.078989 0.000010 0.345399 0.000010 0.575582 0.000010
0.000010 0.000010 0.000010 0.442971 0.556989 0.000010
0.000010 0.000010 0.461430 0.000010 0.538530 0.000010
0.000010 0.000010 0.000010 0.000010 0.481294 0.518666
0.429251 0.000010 0.000010 0.000010 0.570709 0.000010
0.000010 0.416679 0.000010 0.000010 0.583281 0.000010
0.064064 0.389546 0.043024 0.199479 0.262297 0.041591
0.566679 0.000010 0.375342 0.029507 0.028453 0.000010
0.570505 0.429455 0.000010 0.000010 0.000010 0.000010
0.293280 0.302641 0.151254 0.000010 0.252805 0.000010
0.000010 0.000020 0.000010 0.000010 0.999940 0.000010
0.000010 0.000010 0.000010 0.000010 0.999950 0.000010
0.586788 0.000010 0.304840 0.000010 0.056020 0.052332
0.205208 0.000010 0.785147 0.002497 0.000010 0.007128
0.000010 0.000010 0.000010 0.465207 0.534753 0.000010
0.497700 0.000010 0.000010 0.000010 0.502260 0.000010
0.000010 0.000010 0.000010 0.000010 0.000010 0.999950
0.352425 0.000010 0.000010 0.000010 0.626586 0.020958
0.020459 0.000010 0.860490 0.000010 0.119020 0.000010
0.567693 0.000010 0.338184 0.025000 0.035864 0.033249
0.163379 0.000010 0.695877 0.069776 0.042918 0.028040
0.114372 0.704352 0.095241 0.086015 0.000010 0.000010
0.000010 0.123519 0.492275 0.153931 0.230256 0.000010
0.999950 0.000010 0.000010 0.000010 0.000010 0.000010
0.434300 0.010759 0.251942 0.171263 0.000010 0.131726
0.999949 0.000010 0.000010 0.000011 0.000010 0.000010
0.000010 0.000010 0.000010 0.000010 0.000010 0.999950
0.000010 0.000010 0.000010 0.000010 0.000010 0.999950
0.000010 0.000010 0.148566 0.824249 0.017606 0.009559
0.000010 0.017075 0.386538 0.000010 0.050093 0.546274
0.732619 0.000010 0.000010 0.267341 0.000010 0.000010
0.000010 0.000010 0.456792 0.000010 0.000010 0.543168
0.726801 0.000010 0.263761 0.000010 0.009408 0.000010
0.000010 0.000010 0.000010 0.600160 0.399800 0.000010
0.370704 0.002683 0.601414 0.000010 0.025179 0.000010
0.772305 0.000011 0.000010 0.227654 0.000010 0.000010
0.165306 0.000010 0.000010 0.156181 0.236109 0.442384
0.539621 0.000010 0.000010 0.460339 0.000010 0.000010
0.267036 0.001930 0.175617 0.000010 0.346286 0.209121
0.404366 0.068095 0.422600 0.015746 0.029108 0.060085
0.130626 0.011565 0.163569 0.362781 0.297694 0.033764
0.000010 0.000010 0.000010 0.999950 0.000010 0.000010
0.057805 0.000010 0.780491 0.000010 0.161674 0.000010
0.243412 0.003309 0.132920 0.000010 0.000010 0.620339
0.000010 0.480536 0.000010 0.519424 0.000010 0.000010
0.134697 0.600453 0.220132 0.044698 0.000010 0.000010
0.002813 0.069246 0.487216 0.000010 0.440706 0.000010
0.515280 0.484663 0.000019 0.000019 0.000010 0.000010
0.981157 0.000010 0.000010 0.000010 0.000010 0.018803
0.219225 0.000010 0.718941 0.000010 0.048136 0.013678
0.000010 0.000010 0.045902 0.000010 0.954058 0.000010
0.065724 0.000010 0.822954 0.000010 0.111291 0.000010
0.127846 0.057672 0.769905 0.044557 0.000010 0.000010
0.000010 0.000010 0.999947 0.000010 0.000013 0.000010
0.000010 0.000010 0.000010 0.000010 0.000010 0.999950
0.478507 0.248854 0.272609 0.000010 0.000010 0.000010
0.000010 0.000010 0.000010 0.000010 0.000010 0.999950
0.173778 0.001346 0.778566 0.046290 0.000010 0.000010
0.892281 0.000010 0.000010 0.000010 0.000010 0.107679
0.000010 0.465249 0.000010 0.534711 0.000010 0.000010
0.000010 0.442177 0.000010 0.000010 0.000010 0.557783
0.042806 0.414277 0.124184 0.000011 0.000010 0.418712
0.000010 0.528598 0.000010 0.471362 0.000010 0.000010
0.134853 0.561368 0.285413 0.018345 0.000010 0.000010
0.129916 0.000010 0.780960 0.041370 0.000010 0.047734
0.000010 0.546617 0.000010 0.000015 0.453339 0.000010
0.035517 0.000010 0.361603 0.000010 0.602850 0.000010
0.240634 0.186312 0.000010 0.168699 0.404335 0.000010
0.173276 0.000010 0.000010 0.756556 0.000010 0.070138
0.199439 0.000010 0.800521 0.000010 0.000010 0.000010
0.000010 0.000010 0.999950 0.000010 0.000010 0.000010
0.248866 0.449176 0.231539 0.000010 0.056795 0.013614
0.086132 0.000013 0.063671 0.817691 0.000010 0.032482
0.129055 0.022365 0.668753 0.000010 0.141649 0.038169
0.596481 0.000010 0.339283 0.059028 0.005188 0.000010
0.545037 0.000010 0.000011 0.000010 0.000010 0.454922
0.240612 0.440972 0.096028 0.126723 0.000010 0.095654
0.141302 0.000010 0.758928 0.063223 0.007693 0.028845
0.000010 0.000010 0.000010 0.641726 0.358234 0.000010
0.308742 0.000010 0.690282 0.000947 0.000010 0.000010
0.112607 0.000010 0.834187 0.026967 0.000010 0.026218
0.068733 0.575035 0.320567 0.000010 0.035645 0.000010
0.065944 0.573872 0.327414 0.000010 0.032750 0.000010
0.091496 0.058687 0.791766 0.044182 0.000010 0.013859
0.456788 0.000010 0.492100 0.017817 0.000010 0.033276
0.323861 0.024196 0.616515 0.000010 0.000010 0.035408
0.221810 0.000010 0.697939 0.027977 0.036761 0.015503
0.000010 0.000010 0.000010 0.000010 0.999950 0.000010
0.000010 0.999943 0.000010 0.000017 0.000010 0.000010
0.000010 0.000010 0.000010 0.447341 0.552619 0.000010
0.000010 0.000016 0.000010 0.000010 0.999944 0.000010
0.000010 0.514033 0.000018 0.000010 0.485919 0.000010
0.440779 0.559181 0.000010 0.000010 0.000010 0.000010
0.000010 0.000010 0.000010 0.000010 0.999950 0.000010
0.000010 0.296764 0.000010 0.000010 0.703196 0.000010
0.000010 0.999950 0.000010 0.000010 0.000010 0.000010
0.582788 0.215892 0.168984 0.000010 0.032315 0.000010
0.000010 0.000010 0.000010 0.000010 0.999950 0.000010
0.000010 0.999945 0.000010 0.000010 0.000015 0.000010
0.000015 0.000010 0.000010 0.000010 0.999945 0.000010
0.548999 0.450961 0.000010 0.000010 0.000010 0.000010
0.000011 0.000010 0.000010 0.000010 0.000010 0.999949
0.135688 0.000010 0.818859 0.032087 0.000010 0.013347
0.000010 0.433040 0.000010 0.566920 0.000010 0.000010
0.000010 0.000010 0.000010 0.490563 0.509397 0.000010
0.475053 0.524907 0.000010 0.000010 0.000010 0.000010
0.085947 0.000010 0.237262 0.085078 0.591694 0.000010
0.675243 0.012087 0.277271 0.000010 0.035378 0.000010
0.179013 0.000010 0.744685 0.076272 0.000010 0.000010
0.000010 0.999950 0.000010 0.000010 0.000010 0.000010
0.410121 0.000010 0.541297 0.048552 0.000010 0.000010
0.000010 0.999950 0.000010 0.000010 0.000010 0.000010
0.002415 0.327806 0.669742 0.000010 0.000016 0.000010
0.000010 0.511358 0.000010 0.488602 0.000010 0.000010
0.359375 0.000010 0.570712 0.003417 0.040955 0.025530
0.980455 0.000010 0.000010 0.019505 0.000010 0.000010
0.323795 0.015855 0.499075 0.029015 0.064630 0.067630
0.032107 0.000010 0.827451 0.000010 0.140412 0.000010
0.999950 0.000010 0.000010 0.000010 0.000010 0.000010
0.580775 0.019823 0.282065 0.025578 0.000010 0.091749
0.600573 0.019922 0.281711 0.007186 0.000223 0.090385
0.931606 0.068354 0.000010 0.000010 0.000010 0.000010
0.960647 0.000010 0.000010 0.000010 0.000010 0.039313
0.580220 0.000010 0.358371 0.000010 0.061379 0.000010
0.778331 0.085156 0.010755 0.121838 0.003909 0.000010
0.999950 0.000010 0.000010 0.000010 0.000010 0.000010
0.292309 0.035212 0.298814 0.035879 0.000010 0.337776
0.398447 0.052086 0.393123 0.091933 0.010233 0.054178
0.000010 0.000010 0.999950 0.000010 0.000010 0.000010
