0.864988 0.000010 0.118602 0.016399
0.426838 0.000010 0.573142 0.000010
0.638366 0.040468 0.321157 0.000010
0.000010 0.999970 0.000010 0.000010
0.487409 0.103340 0.409242 0.000010
0.498239 0.100944 0.400807 0.000010
0.767766 0.008846 0.175712 0.047675
0.000010 0.999970 0.000010 0.000010
0.907659 0.043446 0.048885 0.000010
0.371649 0.069296 0.559045 0.000010
0.591600 0.000010 0.382141 0.026248
0.583930 0.002205 0.386634 0.027231
0.582012 0.000010 0.417968 0.000010
0.765144 0.114411 0.000010 0.120435
0.898644 0.021084 0.012495 0.067777
0.555900 0.000010 0.399699 0.044391
0.561702 0.000010 0.397157 0.041131
0.999970 0.000010 0.000010 0.000010
0.774848 0.000010 0.225132 0.000010
0.999970 0.000010 0.000010 0.000010
0.000010 0.000010 0.999970 0.000010
0.000010 0.000010 0.999970 0.000010
0.000010 0.000010 0.000010 0.999970
0.000010 0.000010 0.972420 0.027560
0.000010 0.000010 0.000010 0.999970
0.000010 0.000010 0.000010 0.999970
0.000010 0.000010 0.598227 0.401753
0.142784 0.037222 0.748323 0.071672
0.000010 0.999970 0.000010 0.000010
0.317772 0.047790 0.604811 0.029627
0.747464 0.021147 0.193802 0.037586
0.353927 0.000010 0.646053 0.000010
0.318583 0.165982 0.488942 0.026494
0.114705 0.038983 0.841985 0.004327
0.000010 0.000010 0.622750 0.377230
0.000010 0.999970 0.000010 0.000010
0.134242 0.309906 0.490000 0.065852
0.160641 0.168793 0.513605 0.156962
0.051392 0.787103 0.161495 0.000010
0.299395 0.400688 0.000010 0.299907
0.366685 0.579507 0.053798 0.000010
0.000010 0.569210 0.430770 0.000010
0.461353 0.538627 0.000010 0.000010
0.000016 0.476019 0.523955 0.000010
0.000010 0.585360 0.414620 0.000010
0.000010 0.596946 0.000010 0.403034
0.072914 0.253338 0.267841 0.405907
0.404532 0.031020 0.532467 0.031980
0.000010 0.000010 0.542281 0.457699
0.159302 0.263433 0.242874 0.334391
0.000010 0.999970 0.000010 0.000010
0.000010 0.999970 0.000010 0.000010
0.319242 0.058324 0.597733 0.024701
0.806775 0.000010 0.193205 0.000010
0.000010 0.531288 0.468692 0.000010
0.000010 0.525083 0.474897 0.000010
0.000010 0.000010 0.999970 0.000010
0.000010 0.645709 0.343659 0.010622
0.877983 0.121997 0.000010 0.000010
0.356027 0.039190 0.604773 0.000010
0.692783 0.051467 0.255740 0.000010
0.107934 0.000010 0.158992 0.733064
0.418056 0.254378 0.139101 0.188465
0.000010 0.000010 0.999970 0.000010
0.274035 0.000010 0.697821 0.028134
0.000010 0.000010 0.999970 0.000010
0.000010 0.000010 0.999970 0.000010
0.000010 0.000010 0.999970 0.000010
0.179380 0.038817 0.781793 0.000010
0.354928 0.078475 0.566588 0.000010
0.000010 0.000010 0.999970 0.000010
0.452827 0.012888 0.534275 0.000010
0.280022 0.026380 0.651182 0.042416
0.000010 0.412717 0.587263 0.000010
0.605427 0.021808 0.329868 0.042897
0.000010 0.000010 0.968726 0.031254
0.000010 0.235979 0.764001 0.000010
0.000011 0.000010 0.999969 0.000010
0.175588 0.348258 0.476144 0.000010
0.435307 0.030785 0.449842 0.084066
0.195033 0.286376 0.491503 0.027088
0.000010 0.000010 0.999970 0.000010
0.809847 0.170023 0.019534 0.000595
0.140129 0.000010 0.859851 0.000010
0.000010 0.000010 0.505687 0.494293
0.231795 0.000010 0.145980 0.622215
0.421869 0.473581 0.000010 0.104540
0.000010 0.000010 0.449520 0.550460
0.023179 0.000010 0.976801 0.000010
0.749686 0.050579 0.199726 0.000010
0.027142 0.972838 0.000010 0.000010
0.861182 0.127529 0.011278 0.000010
0.773293 0.000010 0.140585 0.086112
0.999970 0.000010 0.000010 0.000010
0.000010 0.000010 0.999970 0.000010
0.275733 0.000010 0.440115 0.284141
0.000010 0.000010 0.999970 0.000010
0.787492 0.000010 0.195685 0.016813
0.000010 0.000010 0.999970 0.000010
0.000010 0.000010 0.487579 0.512401
0.000010 0.000010 0.626344 0.373636
0.118207 0.000010 0.503098 0.378685
0.000010 0.000010 0.458109 0.541871
0.308468 0.000010 0.106281 0.585240
0.804217 0.000010 0.195763 0.000010
0.000010 0.460816 0.000010 0.539164
0.396604 0.596167 0.007219 0.000010
0.000010 0.415389 0.381680 0.202922
0.132947 0.000010 0.867033 0.000010
0.829301 0.000010 0.170679 0.000010
0.999970 0.000010 0.000010 0.000010
0.227324 0.065103 0.237697 0.469876
0.162115 0.000010 0.837865 0.000010
0.662297 0.159356 0.149978 0.028368
0.365295 0.008765 0.610976 0.014964
0.000010 0.000010 0.999970 0.000010
0.118455 0.000010 0.453690 0.427844
0.765816 0.007046 0.227129 0.000010
0.000010 0.396396 0.603584 0.000010
0.712599 0.000010 0.287381 0.000010
0.848059 0.002831 0.149099 0.000010
0.341737 0.044462 0.025347 0.588454
0.347936 0.042011 0.022166 0.587888
0.792601 0.000010 0.126499 0.080890
0.506982 0.000010 0.492998 0.000010
0.633868 0.000010 0.319892 0.046230
0.712382 0.035395 0.252212 0.000010
0.000010 0.999970 0.000010 0.000010
0.000010 0.000010 0.000010 0.999970
0.000010 0.572687 0.427293 0.000010
0.000010 0.999970 0.000010 0.000010
0.000010 0.501204 0.000010 0.498776
0.000010 0.000010 0.389393 0.610587
0.000010 0.999970 0.000010 0.000010
0.000010 0.718877 0.000010 0.281103
0.000010 0.000010 0.000010 0.999970
0.184448 0.032764 0.544531 0.238257
0.000010 0.999970 0.000010 0.000010
0.000010 0.000010 0.000010 0.999970
0.000010 0.999970 0.000010 0.000010
0.000010 0.000010 0.487704 0.512276
0.000010 0.000010 0.999970 0.000010
0.838716 0.000010 0.161264 0.000010
0.000010 0.000010 0.550144 0.449836
0.000010 0.509635 0.490345 0.000010
0.000010 0.000010 0.422683 0.577297
0.250313 0.600110 0.149567 0.000010
0.288321 0.033620 0.562285 0.115775
0.768553 0.000010 0.231427 0.000010
0.000010 0.000010 0.000010 0.999970
0.560090 0.000010 0.410521 0.029379
0.000010 0.000010 0.000010 0.999970
0.685609 0.000010 0.000010 0.314371
0.000010 0.000010 0.470953 0.529027
0.567915 0.043948 0.365258 0.022879
0.000010 0.000010 0.999970 0.000010
0.495629 0.072705 0.396626 0.035040
0.836840 0.157626 0.005524 0.000010
0.000010 0.000010 0.999970 0.000010
0.291262 0.005587 0.664279 0.038872
0.286207 0.009047 0.662326 0.042420
0.000010 0.000010 0.848731 0.151249
0.004439 0.000010 0.995541 0.000010
0.393535 0.071684 0.534771 0.000010
0.055743 0.011009 0.790015 0.143233
0.000010 0.000010 0.999970 0.000010
0.304980 0.000010 0.672215 0.022795
0.386661 0.015187 0.506939 0.091214
0.999969 0.000011 0.000010 0.000010
0.000010 0.000010 0.999970 0.000010
0.000010 0.999970 0.000010 0.000010
0.322175 0.529768 0.148047 0.000010
0.000010 0.731210 0.268770 0.000010
0.452329 0.234807 0.000010 0.312855
0.416755 0.346951 0.000010 0.236284
0.493507 0.099468 0.217663 0.189362
0.124412 0.732967 0.000010 0.142610
0.207891 0.607074 0.000010 0.185025
0.588000 0.000010 0.318264 0.093726
0.440508 0.141819 0.115472 0.302200
0.137779 0.356630 0.016289 0.489302
0.637577 0.118298 0.000010 0.244115
0.639529 0.118715 0.000010 0.241745
0.597985 0.136699 0.122259 0.143058
0.366904 0.409822 0.033402 0.189872
0.640660 0.136599 0.001430 0.221310
0.000010 0.999970 0.000010 0.000010
0.999970 0.000010 0.000010 0.000010
0.000010 0.000010 0.999970 0.000010
0.045223 0.000010 0.923477 0.031290
0.000010 0.000010 0.999970 0.000010
0.000010 0.000010 0.999970 0.000010
0.679357 0.131048 0.104503 0.085092
0.999969 0.000011 0.000010 0.000010
0.888060 0.111920 0.000010 0.000010
0.959378 0.040602 0.000010 0.000010
0.909155 0.090825 0.000010 0.000010
0.528625 0.000010 0.471355 0.000010
0.911328 0.000010 0.088652 0.000010
0.043225 0.000010 0.946201 0.010564
0.041809 0.008779 0.454515 0.494897
0.000010 0.000010 0.910480 0.089500
0.376090 0.185775 0.105160 0.332975
0.325819 0.180234 0.428300 0.065647
0.481572 0.019332 0.434039 0.065057
0.464055 0.000010 0.433821 0.102114
0.603875 0.229327 0.132425 0.034373
0.171865 0.000010 0.828115 0.000010
0.459105 0.054749 0.351742 0.134404
0.655336 0.040564 0.154581 0.149519
0.220349 0.271971 0.196366 0.311314
0.238197 0.064544 0.070536 0.626723
0.553635 0.018361 0.427994 0.000010
0.379497 0.000010 0.411388 0.209106
0.379898 0.078968 0.541125 0.000010
0.194151 0.387055 0.418784 0.000010
0.000010 0.000010 0.979497 0.020483
0.280709 0.491645 0.000010 0.227636
0.000010 0.000010 0.717418 0.282562
0.153016 0.325332 0.109114 0.412538
0.999970 0.000010 0.000010 0.000010
0.000010 0.000010 0.999970 0.000010
0.572922 0.012427 0.411094 0.003558
