0	184730	192594	214416	215655	216268	204968	214477	200678	215883	202449	202614	186137	204450	191878	204360	205088	199187	185456	176952	228320	224491	217429	214776	213747	207265	227208	214434	211924	208857	204865	204686	210072	222107	225950	211154	214461	215078	220973	209661	202051	218197	177124	215628	217788	202460	214042	213793	219234	204568	211126	211192	215888	171055	213106	213668	223773	214121	201617	212573	202416	212817	206326	215771	208924	224748	222845	222981	215201	212958	226105	214780	214727	223202	211912	226408	217160	225099	207780	195717	206443	230102	206341	214931	219348	210978	203414	218287	218647	194565	209858	203860	199343	200202	221030	206955	222297	200336	214589	222354	217748	205254	223299	203805	171914	212852	210388	221670	220888	186522	179781	224538	216542	199211	206652	223412	208850	174076	214665	206688	172800	207699	209435	201331	186263	181937	192925	211247	216866	224941	219867	213170	218718	211531	209616	211767	214454	210159	216332	211854	222741	221829	166464	225775	220404	224026	194148	212847	167786	214219	191559	217810	200061	218120	208831	233960	210443	205244	225541	208347	214461	229972	218936	217297	234663	228205	211632	201928	174429	248041	234716	234840	232943	228298	219354	220597	231147	230635	234817	229904	230987	230990	230702	217914	227039	215581	234319	220887	246360	248325	248503	246917	223776	199858	217634	219220	219037	212759	220320	240488	234916	249121	226131	226536	225794	204088	229622	235998	224753	223911	235782	227018	229641	227512	234278	235865	251301	228852	241936	226820	188561	236950	228696
184730	0	184464	218297	203043	203940	208147	219840	219473	189219	200656	198309	143304	230756	202463	198321	200597	217215	203738	213945	181858	174293	208954	171794	206452	199908	183511	183789	214130	175877	216731	189702	200156	196658	184162	213698	203599	204555	223259	216803	210642	203240	206050	193087	196642	208574	181960	201113	190537	190438	210537	210158	187894	179716	200260	192202	173717	203647	224069	189617	195355	197082	198808	169694	163265	177501	175164	177210	185764	197766	181288	204802	184802	212438	201029	192373	184954	185904	192778	188360	182541	196176	221807	181846	200631	207110	211600	201232	181142	212163	216015	213380	216735	218749	169609	196989	176697	200958	176681	209331	200317	194667	207806	201173	175170	208661	217303	212368	156512	200012	207114	207189	171597	206178	191325	176576	169429	166178	202030	213759	197721	199876	201869	216444	188455	190625	200311	213150	200602	210334	229358	203748	202602	212908	214101	197294	185794	212196	208274	215918	196405	178484	188932	207287	207113	199339	177848	202494	190350	219144	201700	203696	203963	199142	207240	197159	216446	216870	182084	175148	179586	183104	179034	202604	197435	193273	193393	188706	209979	214092	245301	245261	234057	232409	230175	232255	234831	237807	247225	232140	241955	243781	244619	232589	237104	232886	245062	241483	213314	216134	214592	212663	246121	239543	239312	248140	246702	205299	239953	205387	218298	214422	226148	230265	233412	222439	233481	218951	229340	233459	229932	236939	223773	218531	225313	228059	226635	244833	228480	232977	229391	209161	231551
192594	184464	0	207816	190108	192616	205068	207981	204570	199752	205877	203678	199088	204418	209283	203357	205111	196620	190994	200017	201543	205154	214242	191316	210994	208276	207114	195498	205250	182650	211785	201935	199422	205825	213630	204507	197411	206601	212232	196735	199741	206347	197853	203687	202122	204307	215869	209336	212384	209814	204297	204148	188254	134577	210021	203195	200211	198970	198928	186463	205730	213608	195471	198217	202558	204178	203564	202182	184630	202192	203203	216754	196316	213965	195735	210603	197145	205415	203794	198293	205313	215407	198917	199063	215866	220780	207037	220038	204716	201825	204622	197676	215205	197249	199732	200465	202469	215412	196050	210648	205131	199762	223574	197061	184346	213244	201295	218687	201908	208590	202464	205035	198158	202286	211850	207277	205566	203274	214950	197565	202859	211851	213592	212187	186839	184017	193599	204812	211931	205195	214334	208701	211068	204813	207402	208388	194144	202358	213426	204049	207324	201777	194133	215419	218425	209891	196122	218616	198467	223940	199700	214234	199879	212860	184097	204144	205724	199960	202923	191706	193445	203353	190002	188241	212736	199749	203745	195975	199040	230447	230132	236177	225521	226928	220349	230791	225787	228219	234760	228848	233947	237145	237365	215947	227935	218741	229160	240493	232169	230579	231020	229182	219891	224106	221736	226410	225875	147300	226448	221755	230325	227007	222500	223248	224940	218963	219674	228147	223657	221401	234389	230971	228814	228114	227150	226776	238420	232205	239393	224949	216279	221888	230315
214416	218297	207816	0	199777	200664	216003	69028.1	197911	212163	219468	217838	224793	196561	209669	217768	217944	196444	213228	215219	243426	236612	231601	231836	224880	224101	234356	221657	69130.4	213805	220359	228074	200160	227667	230732	67893.9	179524	204957	112079	160128	129959	146447	132815	157290	140317	134693	189577	221815	229320	184032	69297.2	69513	214680	212272	151606	149828	232994	127623	193692	218441	208841	235194	185504	233718	227683	235732	238197	237265	226944	207200	244274	216599	220231	174194	212793	240715	195158	240038	174037	213025	184624	244881	187295	226419	241451	228198	148769	236873	233927	204399	76287.8	191254	224146	196532	235244	227451	237214	225433	234475	243574	233834	229158	241249	221438	219650	155446	129277	170322	239848	210465	202608	214314	242345	189082	226453	231284	222321	207049	174310	217084	208294	210873	211569	226141	222493	217388	209664	69225.8	229875	143197	73503.5	145669	231117	69722.9	114506	217679	221251	65946.8	230915	68445.7	228348	236152	220121	235094	155205	236857	128734	221357	216550	234517	227965	230149	204176	235471	211506	239986	212510	186506	237684	218010	219925	234996	234742	209382	232760	241430	227811	222222	203647	257357	92949.9	164003	140490	206241	187969	226167	142455	159189	247928	219363	194621	219947	220016	215614	184563	216710	95867.7	234674	256498	256607	257583	256124	211068	232402	206576	223057	210396	245763	226313	245848	240264	247081	214150	216103	244378	241652	199655	249300	226624	228674	208990	236498	233727	244401	224283	190614	261654	169245	259094	195888	217705	253044	235184
215655	203043	190108	199777	0	62737.5	206665	199103	188460	192560	208139	207050	216235	200310	209327	205415	206233	200415	196787	213559	203421	192957	214292	192749	208103	207649	198461	196802	198075	184145	210884	202498	209493	193163	198735	197056	189714	198295	193781	202359	202638	197587	210990	199348	185097	210888	210626	202905	189269	209771	197576	197334	182247	203115	202714	195037	191547	197791	189719	174804	200620	208613	204759	185182	207903	190062	198560	196397	204220	199854	193382	195786	182995	203487	198911	204858	190941	192994	189612	206516	204827	212600	192840	199168	214833	204850	197464	205574	191478	195103	197567	185400	217124	200066	196598	206415	196220	220174	180617	215794	201031	203244	205128	201615	224121	195412	192307	197616	201945	199579	210256	193218	210639	197595	197229	190349	205540	200555	202633	199985	198346	199508	201134	218048	195943	202408	200426	198207	210913	200517	204321	206917	205385	197632	204377	209404	194992	194534	213717	196281	201454	195664	221766	208785	202420	192899	205195	193639	215806	212609	215129	212502	199013	199439	179463	197563	196269	189718	188872	194950	185901	191134	184280	182008	197737	192828	199307	201595	217803	222873	220957	214846	229871	231111	228530	236348	228249	224066	236001	223643	230528	227011	227114	225278	229236	236617	221232	239892	226257	233769	223195	220948	212673	235862	213418	227573	218742	233524	227498	218607	227035	217393	224473	214792	230973	230142	219935	223019	214728	227336	232290	235989	215131	227768	219713	219774	233647	226230	231576	230144	233527	209984	228266
216268	203940	192616	200664	62737.5	0	207159	200537	190230	194432	209891	208538	215963	201409	209248	207265	207803	201272	198054	211525	204487	194205	216075	195555	209646	210178	200235	199937	199131	186863	211446	204989	210577	195975	200240	198429	192092	198700	195611	203898	203931	198924	211948	200794	186710	212167	211667	204391	191051	210393	199149	198616	184477	204979	205121	197238	194124	200615	191475	177405	202085	210352	206369	187443	209058	192572	199563	198293	205805	202060	196305	198130	185138	205649	200250	206371	193174	195693	190038	206781	205531	213009	193823	199789	216301	206362	198141	207492	192005	196479	198455	187561	217467	201496	197859	208182	198239	220507	183114	218258	203034	204771	206383	202865	225113	196960	193617	199855	204213	200662	211458	194838	211904	198513	199211	193189	206872	201820	204757	201943	199897	201404	202378	219387	197908	203529	201416	199009	213290	203169	205657	209036	208042	198809	206344	210508	197364	197493	215745	198250	203198	197644	222854	211493	203684	195721	206213	195321	217429	213833	217492	214073	200433	201492	182204	199436	198465	192335	192029	197954	188826	193860	187552	183952	200628	195474	202094	204129	219111	222438	220690	214592	229378	230252	227643	235646	227870	223500	235271	223373	230053	227114	226494	224897	229066	235846	221052	236534	224433	231234	223037	221049	212382	231628	212248	224069	217420	232704	226613	218696	226245	217133	224269	214342	229978	228113	219475	223039	214758	226825	231694	234768	214756	227732	219669	218702	233503	225357	231404	229539	233942	210375	228386
204968	208147	205068	216003	206665	207159	0	216717	214421	209976	197381	194798	211806	211629	193906	193412	194635	212254	203021	172407	221774	223199	222231	213237	217089	215783	221556	212363	213599	210513	189854	205307	212887	223417	223978	213299	218023	212575	221102	216381	211485	214051	206865	216409	215395	219111	220873	214740	215765	213015	212018	211980	205785	203946	222918	215526	220687	211727	206095	215064	217265	225482	216600	214908	216327	224168	220960	221479	217160	217201	223137	223683	210927	226554	215149	227498	219903	222306	215437	210131	217863	227894	208678	219914	224601	216067	209152	228980	218905	204333	213164	207053	177322	213079	218516	210973	220827	185566	216909	225189	222214	211915	225397	203045	209262	217721	214951	225779	222448	212658	210250	219080	224182	195258	208729	223064	216358	211284	226032	219143	204123	205692	206933	185471	186673	208450	202397	213289	217945	220804	223711	213734	222075	212759	216784	213642	211491	212001	221670	214063	216772	220928	215854	220822	227110	225437	211629	223538	207928	223884	211973	219965	210398	216263	209097	226743	224034	203054	227227	204328	205389	223693	213565	214219	221942	223148	161793	197159	210534	247707	237683	232780	236887	238228	234336	222869	239462	238419	208142	230223	245490	228738	229381	236859	239290	230904	237139	222259	245368	246087	248857	246742	229190	197678	228337	230928	227403	239066	236469	239678	238929	244202	237998	239711	238480	229713	233106	239506	234878	233778	243781	244999	233034	241685	238747	240293	250537	238347	252579	237039	226088	241025	222832
214477	219840	207981	69028.1	199103	200537	216717	0	197335	211518	219942	218871	227110	195589	211691	218869	218697	196995	214026	217343	245677	238142	231841	231841	225595	224279	235700	222248	68417.5	213834	220119	226610	199251	227764	231281	67564.2	179272	205679	108796	159256	130550	146841	133317	158144	140053	134441	190834	223361	229730	185426	69962.7	70712.9	215178	211818	151009	149187	232888	126284	193227	218112	208630	234767	185679	234435	229306	235999	239767	238140	228106	206372	244348	216533	220294	172834	213678	240299	194060	240230	174438	213630	185032	245807	188226	227309	241711	227422	149707	236269	234369	203567	74707.5	190761	225340	196471	236963	227373	237515	225971	234336	242746	233466	229387	240823	221549	219446	155348	127690	168545	239979	210538	202454	214204	242660	189133	226229	230570	223375	207301	173441	216446	207556	211288	211077	226284	222669	217864	209653	69583.5	230587	141742	71213.2	145887	231223	69583	114123	218414	221511	65527.5	231712	66573.3	228772	236398	219652	234067	155105	236240	128593	221892	216343	235106	228411	230688	204205	235392	210169	238781	210699	186441	237126	216720	219491	234629	234478	209861	231468	240693	227036	222810	202791	255454	89750.2	161660	137963	204461	186158	224805	139944	156789	246506	217467	192411	218409	218295	213875	182250	215052	92636.9	235069	256317	256157	256367	254396	209028	233566	205469	223594	208961	244714	224936	244326	238278	245567	212014	214275	242828	241652	197657	247907	224388	227113	207247	235193	231939	242636	222343	189345	260371	167216	257460	194107	216021	251379	233767
200678	219473	204570	197911	188460	190230	214421	197335	0	212753	217889	218591	224601	197712	199071	217340	218176	127029	205234	193563	239936	229372	226133	220802	218503	215819	227989	224737	196317	205159	212397	219623	212024	219744	223226	195651	214224	208574	198720	208592	178860	209781	195799	219661	201908	205314	221745	211836	221112	207732	196017	196373	213579	207637	209837	213685	226181	204206	193463	203530	201726	230386	210902	225212	222530	227474	230404	228635	222799	211708	231400	176698	221258	218671	180117	236531	218730	232600	209527	214154	215726	240888	190478	219577	235974	217428	197698	228005	226589	150647	193366	181900	214060	127303	229419	220432	228769	215490	224863	228401	222409	210688	228620	208403	214524	208260	165465	220485	236574	180266	161748	220674	243277	189951	218404	221499	225450	193751	219848	177746	198718	208273	209195	213349	212965	202181	161763	196235	226629	221279	202006	210072	225448	196435	207134	223087	212361	193742	226362	195504	225510	227928	216836	229651	222088	223142	203681	205731	205180	229023	227690	227653	164822	225418	203304	228736	202989	184851	225707	215084	207624	230324	224001	194750	227188	226599	220377	209297	166272	251785	218033	213436	232867	233046	229088	239088	223134	227692	241679	240213	235969	232533	232283	227923	230590	236631	218079	227470	252500	253846	252326	250378	217358	216332	204361	216276	206031	242838	165006	243250	247804	252774	232027	218957	214744	236972	192285	245329	211669	226158	240062	242372	225458	241181	232489	234916	260345	224325	254461	232217	183176	246635	237816
215883	189219	199752	212163	192560	194432	209976	211518	212753	0	205059	207184	207285	218531	217555	206132	205918	220344	198486	216335	196603	191727	213624	183430	214679	210280	196026	191665	211417	189737	205060	195490	202866	193870	197325	210616	196738	206195	211509	214560	209382	200284	216873	205304	191613	218999	207726	201024	194347	203605	211770	211974	177495	200095	206536	199610	180937	192455	216557	190619	207888	212353	212035	181559	199718	189880	190308	188905	199345	196183	186625	202314	187873	201658	198419	192514	195324	190261	195756	196836	196570	198041	214336	193129	203949	206795	215674	207271	184312	200998	209778	208085	218922	220308	186089	199042	188366	216492	179784	204660	204350	199481	206627	199873	204799	208900	210283	215566	193896	198771	218731	197805	193717	207869	188371	185091	199935	207157	197028	205814	205500	200459	201456	220916	194932	202168	203080	211404	214773	202008	215311	208046	204658	211231	210252	208237	196164	210001	213689	209836	196215	187838	215825	203984	212806	195305	208975	200238	209709	218051	207774	215113	211965	196454	207955	186427	205605	207827	188959	181987	173414	190237	179040	202080	197840	187835	201253	198432	223056	208539	228936	222856	223243	230206	228332	230858	230042	228581	235492	226373	232880	233316	233707	222375	226845	232824	228981	240770	210079	214578	208449	207180	226529	230748	226043	236974	230597	222417	233124	202314	216800	211298	226522	216893	230222	221755	231030	213806	214356	228005	223614	233037	210156	220567	215639	221453	215405	233437	220664	222682	235655	200525	220045
202449	200656	205877	219468	208139	209891	197381	219942	217889	205059	0	101513	210573	220256	209301	101491	102699	220975	204461	210494	209147	205356	214076	190912	212386	206938	207088	206272	217983	205779	203502	203103	204693	200434	207267	217645	210840	216099	220005	217765	211973	214068	215627	214875	210674	213396	218160	211716	202622	206916	217721	217652	198284	210053	211359	205268	202862	204358	213919	202086	217291	217323	216117	201119	210183	203750	208352	206855	207544	209660	204055	218349	200829	215845	213695	208771	207968	203483	208650	201960	208434	213286	212814	208358	211777	212933	217396	211126	205518	204562	216717	208516	197110	221564	203834	205363	206898	203574	200728	217989	210352	206520	217414	207780	209679	218117	218612	217181	210605	214405	218063	216422	214007	207427	207108	201696	207728	210566	211305	209326	211250	207782	209479	200405	199345	206725	208219	217865	215528	214715	224685	211056	210351	218341	214550	208404	204532	215705	214146	216747	206320	206629	213597	216335	217783	210661	212528	213666	201483	218955	209137	216893	215937	207447	207272	211128	213549	213767	204113	201042	197994	203751	195510	204316	207279	209221	200708	199406	221857	232270	239545	232189	237181	241652	238811	215761	240867	241634	221126	225846	241062	235449	236129	235300	241970	237316	239260	237298	232774	227803	232384	230067	231648	230057	232375	241563	234370	233058	234131	215276	226543	226615	235715	231575	231273	228555	241004	203855	225426	239657	243034	241784	229948	233098	230873	233805	234074	239428	234060	230123	236803	224960	138397
202614	198309	203678	217838	207050	208538	194798	218871	218591	207184	101513	0	202308	215420	203465	94206.1	96955	218594	204221	206794	202024	198546	212178	192034	208165	206214	203266	201410	214124	204639	202710	205073	207428	200962	204504	213501	207609	209310	222680	220772	208672	211440	213927	208138	208482	211747	213272	210368	202006	197580	211232	210817	191515	208534	213551	205277	198781	202835	212584	202011	214760	214061	211144	197766	204666	200136	200164	201550	204312	209225	205684	214155	199325	219185	213757	210813	209941	201530	206639	198931	207637	213102	206778	202706	212602	215855	210945	211692	206408	208872	215329	207467	193164	219893	194815	206281	202341	203477	201404	218224	205730	202039	218057	203151	210917	214718	219946	218825	212088	212940	216234	217501	214950	204039	203696	203037	205487	207105	210397	214102	208086	207232	210043	202640	200813	207746	209394	213523	213676	218370	226863	205860	208945	213323	213731	206156	205629	211605	211787	214418	203244	202342	214791	215049	215338	212401	209333	213345	203729	216338	208763	216977	211419	208442	206473	213768	215325	213232	203781	203844	199914	201831	196342	198189	209252	210644	201865	194778	222481	233642	241965	237053	240489	241820	240867	220258	242791	242590	224265	226979	245875	237527	238461	238593	242505	238755	241706	238270	232080	233874	233706	232056	232723	231592	231689	240800	235064	238320	241403	222471	231073	230370	240503	234750	237385	231079	243657	205724	232067	242324	247204	244458	233155	239150	233220	237444	239075	239805	238794	232641	238557	229360	142729
186137	143304	199088	224793	216235	215963	211806	227110	224601	207285	210573	202308	0	225865	206874	205673	207251	221262	203026	203861	195782	197798	210715	193803	219833	212965	204495	198533	220680	202507	215834	199328	207559	214993	206266	220607	215261	209748	236640	227354	214908	213689	203986	206875	211492	212928	190906	218583	207549	196323	216910	216504	207362	183701	210660	212530	197318	214881	223069	214840	189863	188292	200790	192478	149196	203031	191547	195204	197924	203898	206223	207730	211813	218992	218643	209892	204317	205723	197145	194523	184527	209329	219825	194079	211210	214128	215784	215612	201020	221089	222789	221337	215344	223305	187215	205439	195086	197278	196884	221347	216195	207862	214771	208462	159682	211805	224955	230751	181171	201558	200045	222636	188823	210530	196663	204788	170007	164031	211668	228915	190137	216227	218378	220297	195314	189081	215952	219532	211052	231229	235831	215756	211438	219334	222600	209542	211155	220061	209152	223222	206232	196537	156444	208404	218176	213716	188931	217757	176608	212379	203512	213545	218310	210054	219155	217709	220071	218758	210156	195462	192356	206035	198044	214432	217763	211619	208382	203423	214748	228146	249256	245254	242257	232332	234731	232351	240952	243675	250600	238892	251591	248072	248206	232837	234699	228643	249252	241238	223770	232610	228649	227362	248673	227451	241162	244172	244165	216871	240270	227602	232772	236145	233617	237269	235171	227689	246733	228389	234178	245644	237892	244963	223988	229922	226550	240402	238140	248693	239843	240246	232607	224917	237957
204450	230756	204418	196561	200310	201409	211629	195589	197712	218531	220256	215420	225865	0	206592	216969	217275	182834	205024	199992	233004	238337	221067	236534	224818	222108	235102	217215	195005	215087	220477	228621	228584	223892	231717	194677	211290	220960	206634	204986	200959	218842	202610	222377	215222	215318	211416	198450	233892	214768	194696	194558	218211	217663	217231	220459	240320	209683	170703	215855	185487	216451	212695	236964	223450	237048	241678	241125	222300	208906	232185	209368	216341	208332	200416	236200	228480	234313	212148	216907	218540	235568	178009	236604	224658	222024	191246	224995	237204	210609	195059	183474	217584	183858	237709	230963	241167	220096	239705	226466	237805	229021	231290	211073	217426	207369	201277	219809	231683	201503	187958	199298	234940	198754	225120	243601	216947	195830	219716	194122	194654	214016	214134	221169	219175	211408	208385	195123	218323	209085	199858	206010	220825	194993	202753	220356	219784	193243	220332	193999	222215	240234	218417	223151	213015	234412	200057	210275	211418	213402	217365	219420	200026	234595	202555	233316	210057	176882	234661	225401	227574	235468	236121	216216	231025	231348	230213	222103	198892	259023	211672	211148	227918	227681	225614	234038	223881	220168	232104	235148	227804	230839	229805	220085	227428	223808	211143	227099	257291	250219	258985	257412	168490	217575	191038	204997	198552	232617	218197	253362	239787	247697	231256	232972	231107	234364	216273	245139	231040	214881	229199	230878	221950	232556	224960	225726	250599	213123	246478	229596	210037	254642	236236
191878	202463	209283	209669	209327	209248	193906	211691	199071	217555	209301	203465	206874	206592	0	203544	205617	197196	207150	181406	226185	230063	224442	223807	215073	217787	231993	215672	205638	211003	204999	218723	225662	225315	229222	205745	224847	214549	223608	216744	203468	216481	191396	209019	212752	204987	210557	205835	221436	205794	202082	201501	213279	203992	219051	217146	225903	217174	196894	214283	208508	224248	208607	222094	217466	234255	221474	224647	221607	216416	230307	218792	215669	233163	214179	240740	227929	230187	213655	204429	211577	237049	197750	218913	230345	216405	201214	236616	228917	197699	207070	196734	195785	198979	221969	215950	224054	198222	222097	233198	226813	216272	229190	205603	207778	213303	208425	230625	227208	207389	198722	219829	230971	192378	215726	231498	212984	198897	230120	209800	201062	213133	214121	179813	206946	202077	193346	204761	216593	224669	220461	212984	230227	204180	212587	215215	214650	204604	223174	208247	228964	225474	213481	234092	221529	227198	206738	217558	201261	221346	218583	219113	207504	227992	204584	241586	220400	201020	233946	217956	213359	237283	227275	218182	241308	236538	220128	190741	197737	256562	234762	238112	235392	238217	234208	237375	234291	236534	239047	240068	244213	225142	225536	242593	240677	234104	234788	106840	251904	254979	256850	255508	230071	208624	219600	219094	215066	238321	225322	252446	249686	258390	238804	242314	235610	233844	229979	253389	237341	232825	244576	243381	238572	248413	240682	239868	263812	236493	263174	238967	215305	249600	237240
204360	198321	203357	217768	205415	207265	193412	218869	217340	206132	101491	94206.1	205673	216969	203544	0	60378.8	219368	206165	205353	200714	199154	210851	188662	207433	202279	200877	199012	214672	200751	204564	204826	206931	198230	204267	214214	207865	209727	220689	214254	209455	209701	213969	209412	209089	210430	210164	205680	201737	201010	212208	212036	192177	208854	209811	205455	198374	203198	209270	200012	212770	216734	214223	197603	203560	200365	199634	200305	201302	206952	204070	213249	198499	215501	210256	209978	205478	197391	203781	203875	204456	210269	211071	200346	209691	217566	212141	210700	205218	206198	215450	208897	198409	220173	196359	200082	200501	206798	197964	215220	205773	200060	216919	203603	210190	215546	220850	217992	210131	215065	216852	213674	211809	205529	205273	198951	202155	208627	212335	211255	209785	206363	208300	201801	200410	207487	203604	214466	208723	214349	226002	209006	206230	213958	213638	201876	199553	212355	210530	214922	200836	200179	216455	213475	216826	208310	212144	210608	200777	216754	206600	211128	210959	206008	205155	213321	214894	213353	202422	198728	196827	200990	195985	202070	207260	209470	201387	194227	223312	231194	240800	233135	238432	242891	241802	219091	243819	245159	223882	226712	242495	237340	238752	238930	242117	240328	241096	237277	230443	229571	231215	229562	229635	229527	233682	244176	237338	234227	238733	217604	228108	227093	240369	235322	232723	228495	243499	205711	229652	241640	244472	243769	230467	235715	231816	233089	235564	240588	236302	231817	240089	225640	137754
205088	200597	205111	217944	206233	207803	194635	218697	218176	205918	102699	96955	207251	217275	205617	60378.8	0	219742	206767	206280	203427	201976	211749	190549	208987	203801	202477	201267	215479	202062	203113	204386	206494	200124	205623	215148	209008	211758	219124	213729	210894	210928	214754	210694	209881	211084	212265	207531	203555	203465	214238	214018	193958	209302	209874	206344	199303	204064	209006	200805	212901	217251	215080	199429	205634	201713	202216	201908	203342	207284	205088	214110	199902	215024	211481	209332	205009	199343	204051	204809	205909	210819	212386	202090	210242	216858	213313	210840	204526	205956	215400	209356	198778	220486	198755	200904	201850	206710	198966	215349	206608	201320	216835	204538	210629	216006	220526	217300	210921	215348	217036	213654	212067	205910	206003	199116	203763	210366	212338	211268	209760	207075	208546	201719	200921	208691	203460	215136	210309	214217	224769	210123	206854	215158	214315	202860	200639	213746	211323	215770	202217	201802	216001	213867	216973	209092	212689	212710	201352	217432	207547	211879	211457	206716	204877	212118	213570	214091	203007	199073	197198	202367	197209	203408	206405	209791	201451	195700	223265	229976	239324	231609	237142	241391	240095	217381	242459	244120	222578	225498	241299	236127	237255	237550	240697	238973	239454	235981	229184	228523	229750	228238	228021	227828	231803	242803	236109	233420	237369	215918	226582	225847	238505	233672	231000	227110	242002	204271	228114	240231	242788	242039	228887	234067	230121	231505	233946	239113	234692	230196	239002	224632	136692
199187	217215	196620	196444	200415	201272	212254	196995	127029	220344	220975	218594	221262	182834	197196	219368	219742	0	197766	199027	243577	242306	230549	228058	223292	222015	240818	228981	194536	209182	215299	225402	224990	230778	237020	194316	214187	218106	204840	205100	171364	219725	193306	219144	209041	204561	227882	212217	233560	211286	193869	193493	211173	201156	219135	212991	235001	211153	185097	212279	189461	234618	206829	234502	229067	242324	236996	236546	230826	207907	245978	161539	218283	223258	155955	246765	224177	243128	205890	218298	217837	248318	183494	225758	238603	222990	192491	238253	235983	187981	194522	179956	214135	65994.7	232657	228144	236082	216103	236789	235492	231000	214936	242875	210783	208248	207360	162046	226942	244510	165247	124044	214864	242990	190286	231090	234593	227418	176645	221828	146384	194705	208152	209004	211612	213169	200746	200492	194458	228460	222883	202360	210096	233825	194282	202440	224008	219325	193518	229844	194523	232952	236206	213374	235033	224604	239019	198296	211342	212383	231189	229080	229395	135687	234887	208210	239800	213142	173712	240837	217461	218898	242293	232641	204501	238520	238183	229406	211395	135602	260633	217888	224062	234064	229963	226351	236872	225037	228399	244622	240318	237594	232501	231783	221047	232224	229685	218038	224726	259109	259318	261159	259533	211411	220743	195605	209354	203447	237403	166555	251125	253177	261753	232481	231664	240684	242346	164900	253060	230341	225341	241915	240504	227250	244326	229301	230571	269225	221901	264860	236335	155052	257635	243839
185456	203738	190994	213228	196787	198054	203021	214026	205234	198486	204461	204221	203026	205024	207150	206165	206767	197766	0	193731	217362	218809	223711	206220	207562	213426	218746	218384	211395	202880	209285	211023	212128	219192	223512	211034	210290	207728	214095	208846	209040	216219	194147	216881	212330	214632	226186	207969	208673	214182	210601	210685	193899	181393	221618	208352	211871	208259	205073	212113	199417	218136	211637	209494	210301	218988	215910	215285	220455	207690	217990	213026	210833	217310	199341	221726	213394	217179	201111	199660	211235	226451	199985	209396	217724	214281	206985	224623	213401	205571	210894	203071	205477	198379	210825	210621	214846	211009	211257	225290	214826	208019	224411	201931	191672	213242	205448	227939	217513	198205	186823	209301	220117	197175	205618	217632	215440	193223	213491	207178	188487	204324	206255	209025	195296	188874	210795	211159	222964	217256	219552	209052	215883	210719	210386	209454	216755	209832	223000	210997	217393	215451	190211	225816	224343	224526	203244	211930	195505	218733	206113	224238	198014	215959	204704	220264	211052	195464	224294	203345	203144	221891	208137	209347	224024	214684	212445	205731	192179	241793	234604	233414	234938	241916	232842	238132	243106	242166	232719	238758	238898	235663	235467	189930	240081	200729	234403	235371	240756	242657	241912	240813	220643	215327	220854	229009	224722	228146	232520	231241	235135	242992	238566	223395	232586	228117	237005	236213	220347	233406	244485	241917	228624	237848	228996	228972	248680	232963	246935	230154	206693	235916	229327
176952	213945	200017	215219	213559	211525	172407	217343	193563	216335	210494	206794	203861	199992	181406	205353	206280	199027	193731	0	235567	239419	222371	236369	218953	212774	243084	228657	212343	223565	196756	227156	221884	236173	236704	212960	225424	218758	227538	210708	202333	223027	188621	224482	224036	209343	211643	221257	227973	212468	209519	208565	215977	193493	229017	224737	241345	224797	192589	224029	212080	227533	214714	232946	217960	243829	237786	241404	225962	223697	240533	229859	224405	231427	216918	245045	237449	240651	219158	198551	211447	241050	198270	224727	232129	210559	202488	237061	232408	166975	209291	203194	193239	200574	233659	207405	240648	197196	233897	232589	233721	215312	232358	198376	193331	215232	209807	236812	237701	201922	192116	224854	234501	191094	218194	244511	216275	208069	234816	216077	193378	218548	219944	198979	205187	192357	161685	211130	222287	226365	224332	213292	231942	210568	215591	213038	226962	212437	221459	214552	228249	240803	197154	238126	228313	236499	212101	228734	187516	218290	207124	224273	205847	226231	211818	243592	225695	203538	247753	219668	211847	248024	232363	220526	245608	239368	229397	211511	194209	265521	235689	235926	237128	232943	228272	233996	232326	232886	231313	236480	244484	229131	228398	228182	234223	220126	234337	203988	254975	253802	266308	265236	217630	72694.7	217746	200212	208015	231964	208959	256632	246892	263498	238787	239199	218122	216923	234316	252667	230174	231499	236925	237845	237868	247849	242472	245529	263570	231447	263492	227552	210795	254378	229909
228320	181858	201543	243426	203421	204487	221774	245677	239936	196603	209147	202024	195782	233004	226185	200714	203427	243577	217362	235567	0	152194	192004	161432	198871	200613	154494	161028	239203	180844	229930	200503	206019	156489	171216	239068	196335	203874	241629	230818	235420	194118	244525	199001	207730	230305	192823	187754	183213	207409	234911	234465	185387	219855	187411	204187	167935	213603	238721	190062	214177	191856	213296	155255	171443	156145	166114	168204	135152	207546	136394	208375	190346	170432	206487	154220	181484	125143	199669	198073	179244	113000	231823	176797	157974	212677	230424	184522	168993	224848	240694	232285	226706	245607	158337	203254	168877	225489	169071	155280	188493	190583	178344	203403	222123	214620	238766	204617	145370	226774	247369	196826	142718	228058	183966	168031	176438	210583	170449	221227	227858	213429	216758	235021	199378	211197	214957	237842	195975	194779	254503	225634	182567	237484	236682	196901	183506	237597	190947	241427	173244	170812	230773	160056	181676	181323	219378	192735	218666	203061	203235	200239	225506	163926	209868	171359	216980	232332	162022	180824	186973	157900	165706	200232	172495	166181	191687	185056	254063	206602	268510	258547	257030	249609	258161	241779	263762	261069	241001	251667	249280	263371	265145	244819	256000	252280	268036	263906	206097	199922	206977	205374	252707	260007	263227	266578	267517	220613	257691	200000	215965	192364	242303	230750	226551	227475	251998	213226	234210	246200	240445	236860	229037	219762	233477	234216	147934	262796	181411	248730	271673	202447	237230
224491	174293	205154	236612	192957	194205	223199	238142	229372	191727	205356	198546	197798	238337	230063	199154	201976	242306	218809	239419	152194	0	173373	144682	184050	186944	107356	151314	231899	175449	231799	198874	193295	139119	99949.1	231591	169390	191137	232764	226933	225806	204932	239062	192655	196199	221714	193036	180150	165639	189130	227547	227382	177900	222282	201950	192259	164608	203715	241142	180664	217263	185554	213639	144854	166343	66847	161696	163925	176207	207132	148319	205629	134844	199485	192864	133630	184995	144751	189089	198774	198733	166196	231484	169596	173829	204144	223913	130160	157886	216808	233495	227891	224981	243864	160112	162455	164532	226529	159257	186447	173110	175346	180768	203957	226072	207202	237401	196733	162123	224231	252430	187858	177815	218523	180721	119673	170035	212161	203672	208233	228525	193005	195885	235295	191702	201226	212952	230487	177420	199147	247358	212587	165614	230241	227205	178178	175523	229921	172157	233325	158904	165706	230777	181596	192880	128708	216634	135345	215522	192105	197685	181136	216188	177563	209392	161955	213349	233903	107558	177364	176360	90207.1	162268	156178	131669	158045	191929	183473	252803	202783	262540	251174	252551	252748	255615	244668	257282	258795	236724	244960	241294	260446	261593	250419	255359	260629	262077	267008	202513	185664	203658	201684	251799	263764	262272	265039	269110	225134	255924	181798	202208	175152	241650	221192	216801	212613	251496	205863	222530	243777	239690	233266	233823	222278	232320	229336	198584	255669	180830	228089	270406	195597	232451
217429	208954	214242	231601	214292	216075	222231	231841	226133	213624	214076	212178	210715	221067	224442	210851	211749	230549	223711	222371	192004	173373	0	190334	147370	126649	145137	184297	228897	196510	230220	213255	216101	194762	156399	228467	198855	191733	230163	189948	221969	230813	224113	218092	217481	179784	172012	204524	183466	187559	228089	228131	209092	225100	210570	208426	205739	210863	231902	209564	222255	134189	208187	193007	196881	171453	205082	203539	208399	209493	188822	211371	199821	207801	199492	187136	209938	192815	202670	208047	205026	203123	230615	203221	150426	175249	221983	135038	198092	220731	228275	231164	223960	231177	202687	196836	203218	225663	199054	159973	165652	175134	165952	178344	221669	170377	239303	203781	199040	227226	234399	177019	205592	222496	208213	194672	159473	216960	215002	218889	221993	162514	165182	227180	210173	203316	225234	228972	112323	214289	238011	172473	121755	228742	204716	117009	190128	226975	62815.2	228154	129286	201332	222583	174552	208400	141527	220332	187811	212798	107716	205691	114583	193985	153527	218319	198295	215996	232067	180148	201757	195599	160848	197275	213939	179515	197278	203702	194898	234808	232529	253313	245482	246002	234562	240879	235535	236676	239628	235390	230206	197979	242407	243243	244164	241926	238337	253311	255897	234057	220705	232847	231018	241056	245175	254695	261862	256668	229032	242895	220206	188362	210871	225894	234347	227371	225442	252560	227752	223034	238434	223593	187509	231928	222923	234143	238902	227483	235126	196971	207971	251248	226898	239098
214776	171794	191316	231836	192749	195555	213237	231841	220802	183430	190912	192034	193803	236534	223807	188662	190549	228058	206220	236369	161432	144682	190334	0	189008	188850	154028	157485	228417	173787	223000	187254	180807	164657	162533	227704	185538	197802	222506	221394	214777	200370	232643	194150	183921	215363	203294	182305	161276	189607	226532	226369	170628	206492	193839	182304	154303	193469	235844	171075	218328	194207	210896	143126	176584	143976	159816	158841	171126	195687	153359	195595	170496	202391	202945	158317	171278	153067	188127	185532	186886	172239	224682	166484	181838	200245	223208	171863	154869	210155	228330	221012	220554	228771	152000	182902	159005	219694	150405	181976	170890	172962	188631	197296	213084	211101	218910	201950	170841	210176	236390	200487	175901	214215	174591	148338	174146	204246	188224	194684	219147	195063	197256	223344	179937	188165	203014	227911	191780	209794	238620	209528	178051	227806	221877	185194	160849	225897	190204	228091	173745	159030	218792	180067	205577	168278	208792	184613	208021	204811	200070	194201	213843	174777	195904	163693	200969	221228	144226	168050	168876	148455	145047	180311	170373	161795	174264	174807	237249	191955	254202	235950	240742	242097	245655	222214	245559	246973	240923	238139	240288	248558	250061	233407	240607	245506	254057	257665	195281	149999	192230	190133	250545	258161	250624	261554	258861	216930	241607	132482	203102	182390	230669	209107	221015	215238	241066	199421	218133	245015	243088	235587	218830	220403	221886	222379	199117	248284	199839	228515	253604	183781	219599
213747	206452	210994	224880	208103	209646	217089	225595	218503	214679	212386	208165	219833	224818	215073	207433	208987	223292	207562	218953	198871	184050	147370	189008	0	111820	153078	201464	222243	197096	221298	214278	206743	199316	171301	221329	201606	192826	226855	203333	221373	214955	216116	211198	209374	183016	196866	207799	157242	176417	220155	219705	195497	217840	213037	203397	198056	210614	224681	195855	223213	164663	206741	193760	208792	184608	205133	205288	201747	214749	199562	224364	195132	227626	208704	201519	204725	200325	205967	199105	215905	207742	219667	194325	167189	155343	212233	171457	199749	212983	222488	220295	211439	223721	195765	198438	205454	224927	198659	179771	166841	159258	175402	158558	224437	171352	226080	211474	206979	226533	230485	181487	219247	210241	204544	198499	178582	217877	219724	215602	223915	164697	166613	223760	211742	205533	212599	221318	141076	220375	232400	164124	167728	221006	193114	117896	182833	220284	147060	222490	174595	205263	225862	181528	215676	165042	224569	195528	220009	131787	227828	143968	177061	172286	206785	212645	210707	224173	191423	199665	202459	174165	198427	203496	193509	205363	203727	202457	231023	234966	247496	243411	239897	231697	232186	235795	241880	242029	243770	233443	200414	231380	231728	232478	244873	235048	247392	246919	234389	224646	235494	233753	234751	241743	242010	247260	245713	241816	241725	216476	182383	217669	225472	220530	234256	223628	234868	232696	228865	235521	223252	192544	246734	226589	238149	240590	232814	225015	213043	198697	246710	227078	238358
